# Menlo Systems GmbH ScanControl
# Program Version 1.7.0+git.a90605a3
# Start: -710.00000000 ps, Average over 5000 waveforms. Timestamp: 2023-11-21T15:12:00
# Window type: Tukey, parameters: alpha = 0.1
# User time axis shift: 0 ps
# Time axis offset: 0 ps
# Frequency [THz]	THz Signal [a.u.]
0.00000000	-16.54304955
0.00732601	-19.77618448
0.01465201	-27.63523470
0.02197802	-22.79773594
0.02930403	-23.70735043
0.03663004	-23.79183453
0.04395604	-23.51560955
0.05128205	-25.64296737
0.05860806	-24.09647781
0.06593407	-24.17810872
0.07326007	-25.42840868
0.08058608	-24.51547890
0.08791209	-26.78972733
0.09523810	-25.12640390
0.10256410	-23.12364661
0.10989011	-25.36617740
0.11721612	-24.02900877
0.12454213	-22.16185597
0.13186813	-22.22783751
0.13919414	-20.33662320
0.14652015	-19.57289525
0.15384616	-20.65814899
0.16117216	-19.79103113
0.16849817	-17.96157610
0.17582418	-16.89428380
0.18315018	-16.13418981
0.19047619	-15.24110833
0.19780220	-14.11387829
0.20512821	-14.03352168
0.21245421	-14.97187448
0.21978022	-12.87844397
0.22710623	-10.51676484
0.23443224	-10.65771367
0.24175824	-11.44608212
0.24908425	-10.77312492
0.25641026	-11.16199996
0.26373627	-11.16576645
0.27106227	-9.08303173
0.27838828	-8.51909422
0.28571429	-9.35208108
0.29304030	-9.27483454
0.30036630	-8.84223135
0.30769231	-8.80459161
0.31501832	-7.77372933
0.32234432	-6.18039777
0.32967033	-5.79502326
0.33699634	-6.84164749
0.34432235	-7.20032896
0.35164835	-6.38861058
0.35897436	-5.98398666
0.36630037	-5.21463167
0.37362638	-4.71718315
0.38095238	-5.33035313
0.38827839	-5.73596038
0.39560440	-5.73356780
0.40293041	-5.65219666
0.41025641	-4.62140851
0.41758242	-4.07961386
0.42490843	-4.40397368
0.43223444	-4.74390519
0.43956044	-5.06807176
0.44688645	-4.43420399
0.45421246	-3.15640020
0.46153847	-2.56836321
0.46886447	-2.43870926
0.47619048	-2.74594367
0.48351649	-3.34098155
0.49084249	-3.28331353
0.49816850	-2.89175728
0.50549451	-2.26918742
0.51282052	-1.85902791
0.52014652	-2.54198047
0.52747253	-3.27878227
0.53479854	-3.11402189
0.54212455	-2.76895923
0.54945055	-1.81442894
0.55677656	-1.19692936
0.56410257	-1.44604176
0.57142858	-1.66598063
0.57875458	-1.95501940
0.58608059	-1.91271673
0.59340660	-0.92533311
0.60073261	-0.34478550
0.60805861	-0.51321579
0.61538462	-1.17174297
0.62271063	-2.01919430
0.63003664	-2.00995656
0.63736264	-1.52036234
0.64468865	-1.06302106
0.65201466	-0.68654388
0.65934066	-1.19989440
0.66666667	-2.04326952
0.67399268	-1.97314861
0.68131869	-1.55505803
0.68864469	-0.68262476
0.69597070	0.00000000
0.70329671	-0.34988908
0.71062272	-0.99896061
0.71794872	-1.32008185
0.72527473	-1.30671520
0.73260074	-0.62915668
0.73992675	-0.28686995
0.74725275	-0.84101828
0.75457876	-1.72799740
0.76190477	-2.42558057
0.76923078	-2.44961704
0.77655678	-1.74810674
0.78388279	-0.98850796
0.79120880	-0.74632994
0.79853480	-1.28336082
0.80586081	-1.87412735
0.81318682	-1.76663561
0.82051283	-1.30168057
0.82783883	-0.50675536
0.83516484	-0.08768965
0.84249085	-0.66443738
0.84981686	-1.52559687
0.85714286	-1.85280154
0.86446887	-1.68000152
0.87179488	-1.04826669
0.87912089	-0.74743620
0.88644689	-1.22857871
0.89377290	-2.03871210
0.90109891	-2.63709883
0.90842492	-2.45506209
0.91575092	-1.53198565
0.92307693	-0.81107783
0.93040294	-0.78319439
0.93772895	-1.32751028
0.94505495	-1.86523058
0.95238096	-1.84833828
0.95970697	-1.33590154
0.96703297	-0.83747377
0.97435898	-1.06236892
0.98168499	-2.18670147
0.98901100	-3.31866685
0.99633700	-3.64029754
1.00366301	-3.42009336
1.01098902	-2.83344823
1.01831503	-2.48462522
1.02564103	-2.87129310
1.03296704	-3.47390145
1.04029305	-3.51544596
1.04761906	-3.02778922
1.05494506	-2.24478705
1.06227107	-1.81239917
1.06959708	-2.31313308
1.07692309	-3.21547210
1.08424909	-3.66172476
1.09157510	-4.00909689
1.09890111	-3.88104350
1.10622712	-3.30257029
1.11355312	-3.69381873
1.12087913	-4.73843302
1.12820514	-5.04429307
1.13553114	-5.05723593
1.14285715	-4.54508200
1.15018316	-3.79863423
1.15750917	-4.08970938
1.16483517	-4.83919641
1.17216118	-4.83266682
1.17948719	-4.55498380
1.18681320	-4.07274373
1.19413920	-3.59597235
1.20146521	-3.91446946
1.20879122	-4.88348012
1.21611723	-5.79514350
1.22344323	-6.42927790
1.23076924	-6.51659862
1.23809525	-6.22098046
1.24542126	-6.34538246
1.25274726	-6.96409866
1.26007327	-7.48944403
1.26739928	-7.56178346
1.27472528	-7.14165321
1.28205129	-6.50731185
1.28937730	-6.26720500
1.29670331	-6.66918144
1.30402931	-7.37564382
1.31135532	-7.83878501
1.31868133	-7.87757863
1.32600734	-7.77362322
1.33333334	-7.93599564
1.34065935	-8.58916528
1.34798536	-9.52472183
1.35531137	-10.16451238
1.36263737	-10.24566022
1.36996338	-9.95099095
1.37728939	-9.65779149
1.38461540	-9.75817955
1.39194140	-10.08034554
1.39926741	-10.28274315
1.40659342	-10.43059647
1.41391943	-10.19811309
1.42124543	-9.62679560
1.42857144	-9.61720574
1.43589745	-10.29941221
1.44322345	-10.98523182
1.45054946	-11.41805709
1.45787547	-11.68479617
1.46520148	-11.84744476
1.47252748	-12.27954131
1.47985349	-12.96377438
1.48717950	-13.45914445
1.49450551	-13.60393973
1.50183151	-13.36325505
1.50915752	-12.90431153
1.51648353	-12.67842744
1.52380954	-12.87611641
1.53113554	-13.24221274
1.53846155	-13.45105739
1.54578756	-13.55438671
1.55311357	-13.71815048
1.56043957	-14.07488378
1.56776558	-14.82484806
1.57509159	-15.83914063
1.58241760	-16.57897593
1.58974360	-16.92544254
1.59706961	-17.17636027
1.60439562	-17.37249722
1.61172162	-17.44858611
1.61904763	-17.54198228
1.62637364	-17.67272086
1.63369965	-17.50137490
1.64102565	-17.13611925
1.64835166	-17.05913446
1.65567767	-17.48652284
1.66300368	-18.57698978
1.67032968	-19.68010112
1.67765569	-19.31368912
1.68498170	-18.80246413
1.69230771	-19.25014543
1.69963371	-19.79473768
1.70695972	-20.53163650
1.71428573	-22.02411302
1.72161174	-22.00984077
1.72893774	-20.69767824
1.73626375	-20.17464431
1.74358976	-20.03648127
1.75091577	-20.05836385
1.75824177	-20.40249394
1.76556778	-20.51516104
1.77289379	-20.32284439
1.78021979	-20.34779721
1.78754580	-20.83866589
1.79487181	-21.85698136
1.80219782	-22.83444896
1.80952382	-23.14565438
1.81684983	-23.29377775
1.82417584	-23.44758079
1.83150185	-23.57478793
1.83882785	-24.03372891
1.84615386	-24.46189166
1.85347987	-24.33240621
1.86080588	-24.12051319
1.86813188	-23.97048162
1.87545789	-23.69800754
1.88278390	-23.74622007
1.89010991	-24.34842412
1.89743591	-24.79529693
1.90476192	-24.78094734
1.91208793	-25.08138004
1.91941393	-25.83170928
1.92673994	-26.56694882
1.93406595	-27.21722025
1.94139196	-27.64809755
1.94871796	-27.63465174
1.95604397	-27.37833754
1.96336998	-27.14400426
1.97069599	-27.20428390
1.97802199	-27.35917326
1.98534800	-27.13574477
1.99267401	-26.72033836
2.00000002	-26.39304747
2.00732602	-26.37618155
2.01465203	-26.86448335
2.02197804	-27.49159878
2.02930405	-27.92583827
2.03663005	-28.28875566
2.04395606	-28.43810576
2.05128207	-28.72059357
2.05860808	-29.49013650
2.06593408	-30.04277870
2.07326009	-29.99724044
2.08058610	-29.47508608
2.08791210	-28.76545234
2.09523811	-28.70098364
2.10256412	-29.26045086
2.10989013	-29.65990584
2.11721613	-29.55505174
2.12454214	-29.07034528
2.13186815	-29.00687996
2.13919416	-29.88311425
2.14652016	-30.89921261
2.15384617	-31.62175482
2.16117218	-32.47465867
2.16849819	-32.32764728
2.17582419	-31.67411557
2.18315020	-32.02179406
2.19047621	-33.32244678
2.19780222	-34.35449052
2.20512822	-33.29756627
2.21245423	-32.11504280
2.21978024	-32.44711749
2.22710625	-32.92354505
2.23443225	-32.69493764
2.24175826	-32.85714065
2.24908427	-32.46211763
2.25641027	-31.95803363
2.26373628	-32.76534619
2.27106229	-33.54555063
2.27838830	-33.27380388
2.28571430	-33.46288094
2.29304031	-33.50307573
2.30036632	-33.23561677
2.30769233	-33.65000651
2.31501833	-34.27739537
2.32234434	-34.75947069
2.32967035	-34.72296087
2.33699636	-33.98015287
2.34432236	-33.84147840
2.35164837	-34.14856350
2.35897438	-34.16235193
2.36630039	-34.28002572
2.37362639	-33.80275687
2.38095240	-33.09579142
2.38827841	-33.67904325
2.39560441	-34.97258538
2.40293042	-35.23859299
2.41025643	-35.09816559
2.41758244	-34.89091274
2.42490844	-34.65407782
2.43223445	-35.12561816
2.43956046	-35.85598799
2.44688647	-35.89115837
2.45421247	-35.70422238
2.46153848	-35.60576805
2.46886449	-35.39301767
2.47619050	-35.27349060
2.48351650	-35.48412147
2.49084251	-35.60101692
2.49816852	-35.22614856
2.50549453	-35.06611722
2.51282053	-35.57383283
2.52014654	-36.22728175
2.52747255	-36.60959664
2.53479856	-36.78943506
2.54212456	-36.78875373
2.54945057	-37.02426181
2.55677658	-37.63367758
2.56410258	-38.04117762
2.57142859	-37.92170137
2.57875460	-37.47992157
2.58608061	-37.33759687
2.59340661	-37.87849593
2.60073262	-38.39091399
2.60805863	-38.38588651
2.61538464	-38.49504717
2.62271064	-38.78563674
2.63003665	-39.77364783
2.63736266	-42.66421457
2.64468867	-44.76218766
2.65201467	-42.52725380
2.65934068	-42.05424787
2.66666669	-43.29367546
2.67399270	-43.89703717
2.68131870	-44.27937615
2.68864471	-44.86826388
2.69597072	-44.53490833
2.70329673	-44.31728224
2.71062273	-44.58569979
2.71794874	-44.90458716
2.72527475	-45.44234073
2.73260075	-45.64636014
2.73992676	-45.69874977
2.74725277	-46.56589102
2.75457878	-47.41233890
2.76190478	-47.95292395
2.76923079	-50.24405707
2.77655680	-53.39873364
2.78388281	-51.71362071
2.79120881	-50.75008121
2.79853482	-51.35395045
2.80586083	-51.17404251
2.81318684	-50.69861358
2.82051284	-50.47606497
2.82783885	-50.06627134
2.83516486	-49.84189529
2.84249087	-49.55227958
2.84981687	-48.95688511
2.85714288	-48.80417874
2.86446889	-49.18011632
2.87179489	-49.81644795
2.87912090	-51.01926702
2.88644691	-52.19444658
2.89377292	-52.25451539
2.90109892	-52.34265305
2.90842493	-52.68914758
2.91575094	-52.64498168
2.92307695	-52.31196967
2.93040295	-51.37291345
2.93772896	-50.54283699
2.94505497	-50.26598863
2.95238098	-49.85918721
2.95970698	-49.98024503
2.96703299	-51.38028399
2.97435900	-52.28942950
2.98168501	-51.99093696
2.98901101	-52.63280712
2.99633702	-53.66305746
3.00366303	-54.54004921
3.01098904	-56.98819373
3.01831504	-58.30705186
3.02564105	-56.08739135
3.03296706	-55.49705217
3.04029306	-56.10282916
3.04761907	-56.40003159
3.05494508	-56.43385204
3.06227109	-56.49578059
3.06959709	-56.98242014
3.07692310	-58.16952953
3.08424911	-59.94190408
3.09157512	-62.17650263
3.09890112	-64.08410189
3.10622713	-65.42655756
3.11355314	-67.43416975
3.12087915	-69.42467816
3.12820515	-71.58832049
3.13553116	-75.29991307
3.14285717	-75.41080678
3.15018318	-69.04456796
3.15750918	-65.79354217
3.16483519	-65.67015108
3.17216120	-65.48662761
3.17948721	-63.54812628
3.18681321	-62.36825449
3.19413922	-61.68247485
3.20146523	-61.08111909
3.20879123	-61.18301040
3.21611724	-61.71577870
3.22344325	-61.99800647
3.23076926	-62.16994913
3.23809526	-62.39506988
3.24542127	-62.83053777
3.25274728	-63.60913674
3.26007329	-64.35231943
3.26739929	-64.23724423
3.27472530	-63.38980492
3.28205131	-62.74848481
3.28937732	-62.06501983
3.29670332	-61.35987340
3.30402933	-61.48125307
3.31135534	-62.06079326
3.31868135	-62.23768297
3.32600735	-62.53619328
3.33333336	-62.95653821
3.34065937	-63.06596524
3.34798537	-63.54801374
3.35531138	-64.20157139
3.36263739	-64.53954932
3.36996340	-65.52511071
3.37728940	-66.58999023
3.38461541	-66.52603284
3.39194142	-66.57854402
3.39926743	-66.58676706
3.40659343	-66.09853930
3.41391944	-66.20684894
3.42124545	-66.81184121
3.42857146	-66.76307051
3.43589746	-66.59959390
3.44322347	-66.95684628
3.45054948	-67.28523028
3.45787549	-67.31161675
3.46520149	-67.08637976
3.47252750	-66.96497096
3.47985351	-67.45689776
3.48717952	-67.47846416
3.49450552	-66.65497513
3.50183153	-66.51462435
3.50915754	-66.39510101
3.51648354	-65.68306427
3.52380955	-65.63268318
3.53113556	-65.64953344
3.53846157	-64.81093522
3.54578757	-64.54912422
3.55311358	-64.88495630
3.56043959	-64.76475914
3.56776560	-65.14529837
3.57509160	-66.29774555
3.58241761	-66.52190336
3.58974362	-66.52446413
3.59706963	-67.15897729
3.60439563	-67.02988610
3.61172164	-66.85681344
3.61904765	-67.24159368
3.62637366	-66.71945659
3.63369966	-66.14621002
3.64102567	-66.40951631
3.64835168	-66.83648693
3.65567769	-66.81362413
3.66300369	-66.40436370
3.67032970	-66.64687268
3.67765571	-67.78447035
3.68498171	-68.36392206
3.69230772	-68.94436239
3.69963373	-69.80584490
3.70695974	-69.25674700
3.71428574	-69.57278572
3.72161175	-70.55428900
3.72893776	-69.72249663
3.73626377	-69.19509137
3.74358977	-68.83902862
3.75091578	-68.13355892
3.75824179	-68.38368718
3.76556780	-68.16867290
3.77289380	-67.26129638
3.78021981	-67.36900403
3.78754582	-67.74470742
3.79487183	-68.29091113
3.80219783	-69.42550516
3.80952384	-69.44903139
3.81684985	-69.47905471
3.82417585	-70.33417697
3.83150186	-69.60544601
3.83882787	-69.69535955
3.84615388	-71.33975944
3.85347988	-71.15616626
3.86080589	-71.06718257
3.86813190	-71.46593239
3.87545791	-71.05931351
3.88278391	-71.22811754
3.89010992	-70.57540531
3.89743593	-70.13744913
3.90476194	-70.55070665
3.91208794	-69.16636582
3.91941395	-68.86423918
3.92673996	-71.05275564
3.93406597	-71.06996903
3.94139197	-69.76679975
3.94871798	-71.12276337
3.95604399	-72.76209103
3.96337000	-73.26644007
3.97069600	-74.33002180
3.97802201	-72.95240297
3.98534802	-72.49368328
3.99267402	-74.09657046
4.00000003	-74.31261391
4.00732604	-73.33667214
4.01465205	-72.76125725
4.02197805	-72.11376198
4.02930406	-72.08564430
4.03663007	-71.96295879
4.04395608	-71.08817657
4.05128208	-71.60470202
4.05860809	-73.77414081
4.06593410	-73.79594110
4.07326011	-73.50329798
4.08058611	-75.26767346
4.08791212	-75.61196508
4.09523813	-75.63482581
4.10256414	-77.95885557
4.10989014	-76.65690406
4.11721615	-74.51755526
4.12454216	-74.49109939
4.13186817	-73.41819517
4.13919417	-72.41974589
4.14652018	-72.91242336
4.15384619	-73.79842079
4.16117219	-74.17473892
4.16849820	-74.26007088
4.17582421	-75.37446044
4.18315022	-77.34358188
4.19047622	-76.23287713
4.19780223	-75.52887823
4.20512824	-75.20038971
4.21245425	-73.85803050
4.21978025	-75.43838858
4.22710626	-79.58448640
4.23443227	-77.27917814
4.24175828	-76.55843853
4.24908428	-77.79462682
4.25641029	-76.24624511
4.26373630	-75.49304963
4.27106231	-75.80027086
4.27838831	-74.63747962
4.28571432	-74.21761346
4.29304033	-75.87312542
4.30036634	-78.16256704
4.30769234	-78.56503741
4.31501835	-79.85503773
4.32234436	-84.15408239
4.32967036	-81.46428445
4.33699637	-78.15172408
4.34432238	-77.34182678
4.35164839	-77.39705335
4.35897439	-79.02072860
4.36630040	-82.56529984
4.37362641	-84.95940734
4.38095242	-83.08004725
4.38827842	-79.13889601
4.39560443	-76.86968315
4.40293044	-77.12377948
4.41025645	-78.14792286
4.41758245	-77.12043257
4.42490846	-78.24314140
4.43223447	-81.44366603
4.43956048	-78.16103824
4.44688648	-77.65552323
4.45421249	-81.64847814
4.46153850	-84.74115740
4.46886450	-83.67057199
4.47619051	-85.63963202
4.48351652	-86.32517534
4.49084253	-84.96717121
4.49816853	-83.57231898
4.50549454	-81.44263877
4.51282055	-81.72951731
4.52014656	-80.03177223
4.52747256	-77.90116117
4.53479857	-80.63495758
4.54212458	-83.11329726
4.54945059	-79.47894185
4.55677659	-81.89761113
4.56410260	-89.35353892
4.57142861	-90.06705690
4.57875462	-88.44369847
4.58608062	-84.05815102
4.59340663	-82.49580401
4.60073264	-83.55653479
4.60805865	-83.11102800
4.61538465	-82.23225014
4.62271066	-85.29908760
4.63003667	-84.52690974
4.63736267	-81.44400981
4.64468868	-83.19306314
4.65201469	-94.19188959
4.65934070	-84.86121586
4.66666670	-81.08516432
4.67399271	-84.92520944
4.68131872	-85.91456261
4.68864473	-81.25978138
4.69597073	-84.76037598
4.70329674	-88.91948651
4.71062275	-83.26370209
4.71794876	-83.63751386
4.72527476	-91.73789998
4.73260077	-83.54960598
4.73992678	-81.43689273
4.74725279	-84.55052015
4.75457879	-83.43504506
4.76190480	-84.24322337
4.76923081	-92.02469565
4.77655682	-89.20941059
4.78388282	-86.50113111
4.79120883	-87.83703864
4.79853484	-91.03682539
4.80586084	-102.18630689
4.81318685	-91.65638509
4.82051286	-89.67244300
4.82783887	-84.97611501
4.83516487	-81.75709020
4.84249088	-82.33022964
4.84981689	-80.11315831
4.85714290	-80.33628314
4.86446890	-86.05124282
4.87179491	-84.30174477
4.87912092	-89.90872120
4.88644693	-89.72113853
4.89377293	-83.83384448
4.90109894	-82.95678730
4.90842495	-86.37097754
4.91575096	-91.49052270
4.92307696	-80.87219489
4.93040297	-81.03099428
4.93772898	-85.45726400
4.94505498	-89.18292507
4.95238099	-91.75117858
4.95970700	-87.50237321
4.96703301	-86.07996371
4.97435901	-89.70365225
4.98168502	-92.90430130
4.98901103	-92.34112719
4.99633704	-92.65239212
5.00366304	-94.60261355
5.01098905	-89.43605603
5.01831506	-86.35482659
5.02564107	-89.98808738
5.03296707	-99.82592388
5.04029308	-87.94428525
5.04761909	-89.89651867
5.05494510	-103.24275100
5.06227110	-91.66130746
5.06959711	-94.90196067
5.07692312	-92.34458297
5.08424913	-83.47322125
5.09157513	-83.82610810
5.09890114	-97.30060511
5.10622715	-89.21809370
5.11355315	-89.44262558
5.12087916	-94.40029352
5.12820517	-95.69668543
5.13553118	-101.28016367
5.14285718	-91.08730493
5.15018319	-94.35848967
5.15750920	-91.42056724
5.16483521	-89.89213327
5.17216121	-90.42021349
5.17948722	-87.64435459
5.18681323	-99.79919982
5.19413924	-87.02125651
5.20146524	-84.98669033
5.20879125	-94.51408638
5.21611726	-87.75076182
5.22344327	-90.64999559
5.23076927	-101.59505481
5.23809528	-92.91839865
5.24542129	-92.45649714
5.25274730	-94.05144086
5.26007330	-93.78997991
5.26739931	-96.52224421
5.27472532	-86.29532908
5.28205132	-88.88796126
5.28937733	-89.62679440
5.29670334	-82.88375209
5.30402935	-88.63845037
5.31135535	-90.38599031
5.31868136	-94.67840138
5.32600737	-92.28135416
5.33333338	-92.89763651
5.34065938	-87.38008795
5.34798539	-88.86204103
5.35531140	-93.44421406
5.36263741	-86.55803037
5.36996341	-91.85180260
5.37728942	-91.09184351
5.38461543	-93.96460458
5.39194144	-89.03153791
5.39926744	-94.00678869
5.40659345	-89.07423825
5.41391946	-86.95968003
5.42124546	-96.28144726
5.42857147	-90.98603033
5.43589748	-86.16286515
5.44322349	-88.76997738
5.45054949	-95.36246512
5.45787550	-87.12729224
5.46520151	-88.60256996
5.47252752	-95.14422405
5.47985352	-85.48979059
5.48717953	-87.78386257
5.49450554	-91.39786789
5.50183155	-85.44306415
5.50915755	-86.96152266
5.51648356	-93.36322083
5.52380957	-90.74335169
5.53113558	-85.59244347
5.53846158	-87.30804853
5.54578759	-88.09026093
5.55311360	-87.32997971
5.56043961	-92.86803696
5.56776561	-102.96869279
5.57509162	-88.58625141
5.58241763	-83.84451282
5.58974363	-89.80065054
5.59706964	-89.44123049
5.60439565	-84.10822160
5.61172166	-89.04478406
5.61904766	-95.44793658
5.62637367	-92.83017899
5.63369968	-91.00548182
5.64102569	-86.66507628
5.64835169	-85.50825472
5.65567770	-91.75172244
5.66300371	-86.78274215
5.67032972	-84.64187986
5.67765572	-89.85520559
5.68498173	-98.15972206
5.69230774	-97.54930353
5.69963375	-96.01871075
5.70695975	-97.41694272
5.71428576	-89.60440612
5.72161177	-87.58101359
5.72893778	-95.96189146
5.73626378	-90.88495343
5.74358979	-85.74594590
5.75091580	-87.88952268
5.75824180	-93.09311179
5.76556781	-92.11042937
5.77289382	-93.00169905
5.78021983	-105.84581248
5.78754583	-95.85606745
5.79487184	-96.81401702
5.80219785	-91.55511446
5.80952386	-86.88250498
5.81684986	-91.11880526
5.82417587	-103.31243930
5.83150188	-102.41714748
5.83882789	-91.03344717
5.84615389	-88.28956546
5.85347990	-91.49477600
5.86080591	-97.70953984
5.86813192	-107.92127037
5.87545792	-100.89175661
5.88278393	-90.21047413
5.89010994	-88.07827370
5.89743594	-96.03483618
5.90476195	-95.58584475
5.91208796	-91.68384750
5.91941397	-91.98363421
5.92673997	-92.51240485
5.93406598	-111.47522922
5.94139199	-91.62147444
5.94871800	-91.76068605
5.95604400	-88.94650266
5.96337001	-85.60802954
5.97069602	-88.45750374
5.97802203	-99.98375654
5.98534803	-99.68088201
5.99267404	-95.96389644
6.00000005	-90.48361485
6.00732606	-86.89195577
6.01465206	-91.83319264
6.02197807	-94.09125171
6.02930408	-87.06541185
6.03663009	-90.36341228
6.04395609	-105.34563502
6.05128210	-100.84728181
6.05860811	-89.54685058
6.06593411	-87.99912486
6.07326012	-94.84977411
6.08058613	-90.85022221
6.08791214	-91.32769273
6.09523814	-104.14290917
6.10256415	-92.97395029
6.10989016	-90.31568127
6.11721617	-93.86316578
6.12454217	-106.58956097
6.13186818	-96.04270327
6.13919419	-89.69265089
6.14652020	-87.90903273
6.15384620	-90.17507118
6.16117221	-92.06572684
6.16849822	-94.62951102
6.17582423	-96.95886960
6.18315023	-90.59650513
6.19047624	-87.95096838
6.19780225	-92.04500011
6.20512826	-99.23434675
6.21245426	-93.68866788
6.21978027	-96.30778417
6.22710628	-93.31760487
6.23443228	-90.80243661
6.24175829	-95.01153875
6.24908430	-92.88536804
6.25641031	-87.58665098
6.26373631	-90.12770717
6.27106232	-105.24163809
6.27838833	-92.56616068
6.28571434	-89.74100911
6.29304034	-91.73837087
6.30036635	-92.54221954
6.30769236	-86.38197649
6.31501837	-89.36991027
6.32234437	-105.28958378
6.32967038	-101.59941837
6.33699639	-95.13977492
6.34432240	-90.77359732
6.35164840	-95.83437956
6.35897441	-96.95539337
6.36630042	-96.40769892
6.37362642	-89.50491357
6.38095243	-96.95304614
6.38827844	-93.02607177
6.39560445	-97.35011483
6.40293045	-92.57684382
6.41025646	-92.07483201
6.41758247	-105.54608884
6.42490848	-97.90375670
6.43223448	-91.77244265
6.43956049	-88.62381201
6.44688650	-100.32797948
6.45421251	-89.40228415
6.46153851	-99.10888359
6.46886452	-88.83186798
6.47619053	-87.54811592
6.48351654	-102.27148553
6.49084254	-92.84720006
6.49816855	-88.09893229
6.50549456	-84.83794056
6.51282057	-83.20281019
6.52014657	-87.10540388
6.52747258	-106.77676982
6.53479859	-94.79510315
6.54212459	-94.09137895
6.54945060	-87.16263611
6.55677661	-88.58495143
6.56410262	-87.39553465
6.57142862	-89.85630727
6.57875463	-90.23577890
6.58608064	-92.68765561
6.59340665	-96.82575483
6.60073265	-101.41364879
6.60805866	-101.34620609
6.61538467	-92.54358756
6.62271068	-83.65418245
6.63003668	-82.58762625
6.63736269	-87.95582240
6.64468870	-87.18225105
6.65201471	-89.88985597
6.65934071	-101.42232430
6.66666672	-90.10022384
6.67399273	-89.30375940
6.68131874	-97.58663085
6.68864474	-92.53590664
6.69597075	-91.97095552
6.70329676	-86.53071387
6.71062276	-85.44138109
6.71794877	-95.38919691
6.72527478	-87.44266364
6.73260079	-86.85246065
6.73992679	-90.70958202
6.74725280	-90.07625927
6.75457881	-89.92088093
6.76190482	-85.94664482
6.76923082	-83.74574311
6.77655683	-86.05638909
6.78388284	-99.64353229
6.79120885	-88.93200718
6.79853485	-87.15023603
6.80586086	-89.93969609
6.81318687	-88.15295566
6.82051288	-90.97348025
6.82783888	-103.74746450
6.83516489	-91.23146918
6.84249090	-90.60372395
6.84981691	-92.31137172
6.85714291	-99.30237408
6.86446892	-94.93643565
6.87179493	-99.41688643
6.87912093	-103.99706076
6.88644694	-100.46119862
6.89377295	-86.88460293
6.90109896	-84.67608012
6.90842496	-92.90594903
6.91575097	-90.70673347
6.92307698	-86.81402080
6.93040299	-91.20710287
6.93772899	-99.80284007
6.94505500	-99.47756033
6.95238101	-92.04038633
6.95970702	-97.72506123
6.96703302	-98.82663764
6.97435903	-100.76150274
6.98168504	-88.01602728
6.98901105	-83.81324472
6.99633705	-86.15238946
7.00366306	-95.73050766
7.01098907	-100.60589898
7.01831507	-94.75938958
7.02564108	-94.08993945
7.03296709	-96.17932737
7.04029310	-93.00937142
7.04761910	-89.69505967
7.05494511	-89.69709233
7.06227112	-94.11345568
7.06959713	-87.45498304
7.07692313	-87.14609131
7.08424914	-90.33434649
7.09157515	-87.52741729
7.09890116	-91.65254104
7.10622716	-97.07449885
7.11355317	-88.45198542
7.12087918	-89.96770210
7.12820519	-96.51474777
7.13553119	-99.70236394
7.14285720	-90.87875896
7.15018321	-93.43567806
7.15750922	-94.04400953
7.16483522	-90.98002899
7.17216123	-108.71126401
7.17948724	-89.12031034
7.18681324	-89.75633649
7.19413925	-101.37117239
7.20146526	-98.18347537
7.20879127	-88.23102503
7.21611727	-87.42537713
7.22344328	-92.36879734
7.23076929	-89.76279046
7.23809530	-87.38022733
7.24542130	-86.90951180
7.25274731	-89.54448031
7.26007332	-89.67397809
7.26739933	-97.89060030
7.27472533	-87.36698591
7.28205134	-90.68864564
7.28937735	-91.78919209
7.29670336	-86.45755572
7.30402936	-95.32542706
7.31135537	-101.30218987
7.31868138	-93.80699091
7.32600739	-87.07024716
7.33333339	-91.66928242
7.34065940	-95.48510232
7.34798541	-91.70971203
7.35531141	-103.59499151
7.36263742	-98.79764972
7.36996343	-98.13375993
7.37728944	-104.71782714
7.38461544	-101.33350769
7.39194145	-100.41525005
7.39926746	-92.03752488
7.40659347	-87.53859719
7.41391947	-88.43154320
7.42124548	-90.17142980
7.42857149	-87.92407174
7.43589750	-89.45018952
7.44322350	-90.75498724
7.45054951	-94.54850494
7.45787552	-90.16085792
7.46520153	-84.24329939
7.47252753	-94.77249798
7.47985354	-86.02252177
7.48717955	-86.72424062
7.49450555	-87.35823695
7.50183156	-80.00627932
7.50915757	-83.49236521
7.51648358	-92.64748870
7.52380958	-87.41770293
7.53113559	-93.89171107
7.53846160	-103.25848332
7.54578761	-91.23023812
7.55311361	-88.64316234
7.56043962	-89.32928169
7.56776563	-91.45586402
7.57509164	-92.38585942
7.58241764	-87.03132333
7.58974365	-88.30593036
7.59706966	-101.26453681
7.60439567	-92.28943241
7.61172167	-88.95362743
7.61904768	-91.76111615
7.62637369	-91.81138832
7.63369970	-88.31335581
7.64102570	-86.13327819
7.64835171	-90.80280640
7.65567772	-91.47457639
7.66300372	-93.40624838
7.67032973	-95.48194222
7.67765574	-87.77178228
7.68498175	-89.22065206
7.69230775	-89.48920691
7.69963376	-86.51014247
7.70695977	-90.79111396
7.71428578	-89.35598219
7.72161178	-84.85659251
7.72893779	-89.51283983
7.73626380	-96.64415290
7.74358981	-94.07328225
7.75091581	-86.91770629
7.75824182	-87.36533691
7.76556783	-88.30338346
7.77289384	-92.13914865
7.78021984	-95.80651160
7.78754585	-95.25867792
7.79487186	-93.67373856
7.80219787	-94.73358995
7.80952387	-88.03856768
7.81684988	-85.43185880
7.82417589	-98.49057159
7.83150189	-89.95019897
7.83882790	-97.35756770
7.84615391	-94.90382930
7.85347992	-98.84045780
7.86080592	-88.37949758
7.86813193	-93.12398250
7.87545794	-87.99158585
7.88278395	-85.32739867
7.89010995	-96.07256019
7.89743596	-90.55469145
7.90476197	-95.09056857
7.91208798	-93.32539194
7.91941398	-92.70110778
7.92673999	-98.00588580
7.93406600	-95.32494178
7.94139201	-88.99249823
7.94871801	-91.27295351
7.95604402	-94.12224592
7.96337003	-94.60926131
7.97069603	-91.23101581
7.97802204	-87.93731421
7.98534805	-91.63912872
7.99267406	-97.44684956
8.00000006	-95.93208165
8.00732607	-99.30214758
8.01465208	-92.19535800
8.02197809	-89.65692199
8.02930409	-91.72702584
8.03663010	-96.72608709
8.04395611	-93.20451287
8.05128212	-95.05013330
8.05860812	-96.32462966
8.06593413	-88.00051215
8.07326014	-88.48267879
8.08058615	-95.82106189
8.08791215	-89.22677633
8.09523816	-87.10991698
8.10256417	-90.34605660
8.10989018	-93.92279384
8.11721618	-88.84217850
8.12454219	-86.58098335
8.13186820	-86.37404763
8.13919420	-87.51599059
8.14652021	-88.02119288
8.15384622	-87.13024314
8.16117223	-89.69963389
8.16849823	-103.95417797
8.17582424	-93.44617550
8.18315025	-94.94058703
8.19047626	-94.19606795
8.19780226	-94.70904839
8.20512827	-93.78769715
8.21245428	-87.75847361
8.21978029	-86.33435170
8.22710629	-89.55039770
8.23443230	-105.42398940
8.24175831	-89.73931018
8.24908432	-95.54152353
8.25641032	-89.89816810
8.26373633	-87.13343196
8.27106234	-94.05830158
8.27838835	-96.83009813
8.28571435	-97.80853363
8.29304036	-88.45396798
8.30036637	-87.11234026
8.30769237	-89.29932298
8.31501838	-90.41630247
8.32234439	-95.35748881
8.32967040	-100.38501829
8.33699640	-100.04081619
8.34432241	-91.94642785
8.35164842	-93.04051382
8.35897443	-102.23792377
8.36630043	-104.74755683
8.37362644	-92.66233713
8.38095245	-88.44007812
8.38827846	-93.83140657
8.39560446	-94.61633644
8.40293047	-90.36240048
8.41025648	-91.35709562
8.41758249	-94.71304451
8.42490849	-94.11469901
8.43223450	-97.14494752
8.43956051	-97.80394415
8.44688651	-95.11493759
8.45421252	-108.34972725
8.46153853	-90.69486927
8.46886454	-88.40672515
8.47619054	-89.42403551
8.48351655	-93.57032530
8.49084256	-108.08847920
8.49816857	-94.54825182
8.50549457	-103.76233277
8.51282058	-91.98974744
8.52014659	-89.54522405
8.52747260	-99.20879440
8.53479860	-99.62246123
8.54212461	-105.91852992
8.54945062	-93.90845522
8.55677663	-97.48460477
8.56410263	-96.64966416
8.57142864	-95.78580454
8.57875465	-100.90493745
8.58608066	-95.51006889
8.59340666	-90.84116122
8.60073267	-87.68539802
8.60805868	-87.05725075
8.61538468	-89.56341154
8.62271069	-93.43283706
8.63003670	-91.49917142
8.63736271	-90.36471031
8.64468871	-98.25869742
8.65201472	-92.96529703
8.65934073	-89.82968454
8.66666674	-92.80652355
8.67399274	-96.83782795
8.68131875	-107.93647097
8.68864476	-99.92800151
8.69597077	-90.47157963
8.70329677	-90.42818278
8.71062278	-100.42059942
8.71794879	-92.85378899
8.72527480	-101.52636970
8.73260080	-90.50525029
8.73992681	-92.83688388
8.74725282	-94.85478532
8.75457883	-90.84767375
8.76190483	-86.20439304
8.76923084	-87.21275758
8.77655685	-110.58264823
8.78388285	-90.01052478
8.79120886	-97.24547393
8.79853487	-86.86707390
8.80586088	-85.34637853
8.81318688	-90.12746302
8.82051289	-90.23401312
8.82783890	-97.77349483
8.83516491	-96.40992946
8.84249091	-95.27783088
8.84981692	-91.98669676
8.85714293	-86.73475485
8.86446894	-86.53768021
8.87179494	-89.00237464
8.87912095	-92.40813664
8.88644696	-94.54853454
8.89377297	-98.81075712
8.90109897	-99.40979983
8.90842498	-89.10604267
8.91575099	-88.47748230
8.92307699	-92.29426499
8.93040300	-91.28717561
8.93772901	-93.24971419
8.94505502	-89.70486785
8.95238102	-84.01348844
8.95970703	-83.54128673
8.96703304	-88.66998697
8.97435905	-100.88656778
8.98168505	-95.90552408
8.98901106	-91.30748224
8.99633707	-91.37495055
9.00366308	-89.59740544
9.01098908	-88.19293390
9.01831509	-92.63145309
9.02564110	-97.30689968
9.03296711	-95.41550214
9.04029311	-99.85617472
9.04761912	-95.30535960
9.05494513	-90.26927807
9.06227114	-89.34975315
9.06959714	-87.99326515
9.07692315	-86.67526900
9.08424916	-93.62144464
9.09157516	-88.68013579
9.09890117	-87.19825741
9.10622718	-93.62428160
9.11355319	-101.82491320
9.12087919	-101.96740875
9.12820520	-95.80032593
9.13553121	-87.26195951
9.14285722	-84.43681713
9.15018322	-85.80095010
9.15750923	-88.01838804
9.16483524	-87.78813809
9.17216125	-88.39931242
9.17948725	-94.01873968
9.18681326	-114.30741001
9.19413927	-97.42291625
9.20146528	-90.15435132
9.20879128	-87.54964903
9.21611729	-86.76324097
9.22344330	-88.30088718
9.23076931	-99.29236661
9.23809531	-91.93791583
9.24542132	-88.88700606
9.25274733	-91.43918302
9.26007333	-88.70596537
9.26739934	-91.45508744
9.27472535	-88.80519906
9.28205136	-89.65905054
9.28937736	-105.40443962
9.29670337	-109.07352450
9.30402938	-89.64625528
9.31135539	-85.28666281
9.31868139	-88.33691143
9.32600740	-92.79675128
9.33333341	-92.38517905
9.34065942	-89.82788530
9.34798542	-91.64100098
9.35531143	-89.82989881
9.36263744	-86.45428642
9.36996345	-88.19719309
9.37728945	-88.98047308
9.38461546	-90.94710376
9.39194147	-93.39387851
9.39926747	-85.59044453
9.40659348	-83.86425840
9.41391949	-86.09005385
9.42124550	-87.92363495
9.42857150	-86.66469644
9.43589751	-87.68054570
9.44322352	-93.39054828
9.45054953	-105.71325339
9.45787553	-106.13931042
9.46520154	-94.93282991
9.47252755	-91.00657725
9.47985356	-92.48371627
9.48717956	-96.21637883
9.49450557	-93.39263271
9.50183158	-94.30773967
9.50915759	-96.26190638
9.51648359	-96.24802350
9.52380960	-91.68482316
9.53113561	-92.11383592
9.53846162	-98.56599705
9.54578762	-94.01938154
9.55311363	-95.03479774
9.56043964	-87.69247488
9.56776564	-89.28606688
9.57509165	-96.80364372
9.58241766	-84.93816958
9.58974367	-86.00745048
9.59706967	-97.68855193
9.60439568	-106.40280433
9.61172169	-93.89099918
9.61904770	-86.60559844
9.62637370	-88.48704710
9.63369971	-103.47331088
9.64102572	-87.55545675
9.64835173	-86.02626389
9.65567773	-88.57844389
9.66300374	-93.01180585
9.67032975	-97.51011327
9.67765576	-94.12947211
9.68498176	-91.80420719
9.69230777	-90.42209577
9.69963378	-87.86524316
9.70695979	-92.74179196
9.71428579	-92.45166333
9.72161180	-87.52559905
9.72893781	-95.35789240
9.73626381	-94.55702439
9.74358982	-96.57280787
9.75091583	-95.34376119
9.75824184	-94.06812287
9.76556784	-98.80943344
9.77289385	-90.37999432
9.78021986	-90.76748636
9.78754587	-96.56125945
9.79487187	-92.30769711
9.80219788	-85.78733179
9.80952389	-86.57740750
9.81684990	-91.06945344
9.82417590	-88.07659084
9.83150191	-87.84360506
9.83882792	-92.07577335
9.84615393	-95.49942914
9.85347993	-97.87084413
9.86080594	-97.39311597
9.86813195	-94.51118597
9.87545796	-88.80493866
9.88278396	-86.88258254
9.89010997	-90.69668326
9.89743598	-103.52290645
9.90476198	-91.18289413
9.91208799	-89.13407368
9.91941400	-93.98847795
9.92674001	-98.05237823
9.93406601	-96.28286345
9.94139202	-93.38713537
9.94871803	-94.48888331
9.95604404	-110.67281234
9.96337004	-101.78387867
9.97069605	-120.26185516
9.97802206	-91.34751317
9.98534807	-85.02167633
9.99267407	-85.59563242
10.00000008	-98.06180681
10.00732609	-91.26909074
10.01465210	-92.77227859
10.02197810	-89.22676353
10.02930411	-84.15480251
10.03663012	-88.44931284
10.04395612	-95.81467277
10.05128213	-87.40146402
10.05860814	-91.66815847
10.06593415	-97.26944018
10.07326015	-93.49974531
10.08058616	-95.97280354
10.08791217	-90.12664938
10.09523818	-85.85758637
10.10256418	-88.84719730
10.10989019	-96.23913931
10.11721620	-89.86095392
10.12454221	-91.01014376
10.13186821	-89.12596693
10.13919422	-88.00492478
10.14652023	-87.15567980
10.15384624	-85.35193240
10.16117224	-86.55045388
10.16849825	-87.77138046
10.17582426	-87.52914447
10.18315027	-91.85273379
10.19047627	-103.23736967
10.19780228	-90.20126219
10.20512829	-89.02244441
10.21245429	-91.96710212
10.21978030	-92.49007901
10.22710631	-92.21548053
10.23443232	-94.67938454
10.24175832	-98.45312661
10.24908433	-93.69790616
10.25641034	-93.40208136
10.26373635	-111.51764299
10.27106235	-96.18921139
10.27838836	-91.43979890
10.28571437	-86.26028785
10.29304038	-89.47581419
10.30036638	-91.69158862
10.30769239	-88.92280950
10.31501840	-94.19648982
10.32234441	-87.13016938
10.32967041	-89.46882706
10.33699642	-97.12859790
10.34432243	-98.73650740
10.35164844	-92.77004467
10.35897444	-90.58314299
10.36630045	-89.17943222
10.37362646	-90.33827283
10.38095246	-105.75503821
10.38827847	-96.29831496
10.39560448	-89.37602826
10.40293049	-87.73189039
10.41025649	-101.46770546
10.41758250	-88.08756886
10.42490851	-85.93447299
10.43223452	-94.98765022
10.43956052	-93.31834091
10.44688653	-88.42125494
10.45421254	-88.55799544
10.46153855	-91.30257628
10.46886455	-104.63097159
10.47619056	-94.48847514
10.48351657	-100.26063303
10.49084258	-91.91308455
10.49816858	-88.57250255
10.50549459	-99.04749401
10.51282060	-91.60393282
10.52014660	-91.73439679
10.52747261	-101.62247671
10.53479862	-95.90279025
10.54212463	-106.09046556
10.54945063	-92.78908244
10.55677664	-94.85815985
10.56410265	-91.94849497
10.57142866	-102.07624389
10.57875466	-88.05173573
10.58608067	-84.21368343
10.59340668	-89.64268670
10.60073269	-94.97769551
10.60805869	-93.72926666
10.61538470	-96.21619087
10.62271071	-87.27812513
10.63003672	-86.87052111
10.63736272	-99.63421937
10.64468873	-87.80108509
10.65201474	-86.09955719
10.65934075	-95.79394640
10.66666675	-87.85163846
10.67399276	-88.23254945
10.68131877	-99.82726785
10.68864477	-102.27234277
10.69597078	-106.18098430
10.70329679	-96.24271955
10.71062280	-99.69923860
10.71794880	-98.74032778
10.72527481	-94.82922119
10.73260082	-100.90431357
10.73992683	-96.22254819
10.74725283	-109.26703274
10.75457884	-93.50115437
10.76190485	-91.31304019
10.76923086	-95.59605210
10.77655686	-98.53206097
10.78388287	-96.29899459
10.79120888	-93.13100472
10.79853489	-95.17767235
10.80586089	-90.79496118
10.81318690	-91.33199539
10.82051291	-95.92280952
10.82783892	-101.13991329
10.83516492	-106.50667623
10.84249093	-101.08108779
10.84981694	-94.38844577
10.85714294	-101.29585271
10.86446895	-95.03944365
10.87179496	-90.26671618
10.87912097	-89.55728666
10.88644697	-88.62707393
10.89377298	-93.79990854
10.90109899	-104.10072475
10.90842500	-99.46909225
10.91575100	-97.26796281
10.92307701	-96.14659056
10.93040302	-101.90106997
10.93772903	-100.47044863
10.94505503	-89.74182782
10.95238104	-87.18192697
10.95970705	-91.22269567
10.96703306	-97.83533030
10.97435906	-89.84573370
10.98168507	-103.52557471
10.98901108	-85.30890417
10.99633708	-82.81372826
11.00366309	-87.35190010
11.01098910	-92.28161342
11.01831511	-99.83737086
11.02564111	-98.70074122
11.03296712	-91.68623335
11.04029313	-86.91602311
11.04761914	-88.41266801
11.05494514	-100.12445981
11.06227115	-92.83556470
11.06959716	-89.90888906
11.07692317	-90.56741231
11.08424917	-98.61042458
11.09157518	-104.10590772
11.09890119	-107.84972235
11.10622720	-99.23732025
11.11355320	-96.03785512
11.12087921	-96.23690771
11.12820522	-108.81291282
11.13553123	-92.74641652
11.14285723	-96.64827895
11.15018324	-92.34829237
11.15750925	-86.99339118
11.16483525	-89.68813445
11.17216126	-98.97845140
11.17948727	-93.74245979
11.18681328	-90.74601381
11.19413928	-87.96256193
11.20146529	-88.17649272
11.20879130	-97.34233912
11.21611731	-94.05311957
11.22344331	-86.78258334
11.23076932	-84.31117223
11.23809533	-87.46163108
11.24542134	-94.89017305
11.25274734	-88.19537499
11.26007335	-100.52646427
11.26739936	-88.01394472
11.27472537	-85.82523401
11.28205137	-92.93077611
11.28937738	-87.67278884
11.29670339	-84.18979607
11.30402940	-85.35099604
11.31135540	-91.02558651
11.31868141	-91.72976450
11.32600742	-90.37373965
11.33333342	-98.05524363
11.34065943	-92.91139519
11.34798544	-90.50088853
11.35531145	-89.94853399
11.36263745	-99.64791551
11.36996346	-90.98740710
11.37728947	-90.26068228
11.38461548	-94.44209349
11.39194148	-88.29199630
11.39926749	-98.27532006
11.40659350	-91.10980843
11.41391951	-90.65306776
11.42124551	-99.80460209
11.42857152	-100.40598087
11.43589753	-92.43257068
11.44322354	-94.62330958
11.45054954	-93.96497931
11.45787555	-92.59490601
11.46520156	-94.81739605
11.47252756	-90.77739663
11.47985357	-92.85718771
11.48717958	-91.86562001
11.49450559	-97.89971408
11.50183159	-89.69518952
11.50915760	-94.06582477
11.51648361	-95.45087872
11.52380962	-93.32357270
11.53113562	-96.93710364
11.53846163	-92.02928322
11.54578764	-88.24627995
11.55311365	-92.57201479
11.56043965	-90.21776872
11.56776566	-88.46537941
11.57509167	-91.82324932
11.58241768	-84.86094485
11.58974368	-88.29202375
11.59706969	-89.53447074
11.60439570	-89.04001953
11.61172171	-98.63797322
11.61904771	-92.59025514
11.62637372	-86.06911727
11.63369973	-83.28675273
11.64102573	-87.33440598
11.64835174	-91.39646400
11.65567775	-89.12672734
11.66300376	-89.34260287
11.67032976	-90.53993206
11.67765577	-100.57049953
11.68498178	-87.97829647
11.69230779	-91.81714124
11.69963379	-93.25244771
11.70695980	-93.73699459
11.71428581	-94.85749123
11.72161182	-86.77093658
11.72893782	-87.57396105
11.73626383	-91.96794714
11.74358984	-91.74639985
11.75091585	-87.73555715
11.75824185	-91.27005992
11.76556786	-101.37836612
11.77289387	-91.32829256
11.78021988	-99.57046455
11.78754588	-94.08319840
11.79487189	-89.51118272
11.80219790	-90.98071870
11.80952390	-90.80456864
11.81684991	-86.94692830
11.82417592	-87.85838055
11.83150193	-92.28448665
11.83882793	-95.70847753
11.84615394	-96.24373767
11.85347995	-87.13074989
11.86080596	-88.05643313
11.86813196	-96.92734516
11.87545797	-95.74724931
11.88278398	-87.84615852
11.89010999	-89.14697288
11.89743599	-101.82976217
11.90476200	-93.33932948
11.91208801	-92.06617637
11.91941402	-95.01512465
11.92674002	-102.87806526
11.93406603	-104.01998436
11.94139204	-97.97682884
11.94871804	-116.25599347
11.95604405	-92.46055459
11.96337006	-90.67390291
11.97069607	-95.34172863
11.97802207	-95.29582087
11.98534808	-91.99020833
11.99267409	-90.85723855
12.00000010	-87.48694353
12.00732610	-86.98252520
12.01465211	-93.27592082
12.02197812	-91.24635208
12.02930413	-90.23738272
12.03663013	-112.04443585
12.04395614	-88.91396448
12.05128215	-86.60625107
12.05860816	-89.72102801
12.06593416	-95.64472223
12.07326017	-104.68283803
12.08058618	-91.87970399
12.08791219	-93.39921154
12.09523819	-97.82385484
12.10256420	-90.82116303
12.10989021	-93.26460066
12.11721621	-91.90522861
12.12454222	-90.90524579
12.13186823	-102.25427520
12.13919424	-88.96593509
12.14652024	-90.41552205
12.15384625	-95.20094826
12.16117226	-88.45433957
12.16849827	-87.97705980
12.17582427	-89.77348861
12.18315028	-94.60083943
12.19047629	-106.02497996
12.19780230	-102.77709315
12.20512830	-100.56525096
12.21245431	-99.21329513
12.21978032	-90.88029536
12.22710633	-89.57671830
12.23443233	-90.10352133
12.24175834	-91.85712238
12.24908435	-100.34550980
12.25641036	-98.44445439
12.26373636	-92.92248500
12.27106237	-94.96077379
12.27838838	-90.45055640
12.28571438	-90.56383571
12.29304039	-98.03385111
12.30036640	-93.76997596
12.30769241	-88.02647190
12.31501841	-88.95173078
12.32234442	-99.03172997
12.32967043	-91.50176287
12.33699644	-101.58152129
12.34432244	-92.91649522
12.35164845	-95.99266474
12.35897446	-95.94021620
12.36630047	-96.60612179
12.37362647	-90.03518703
12.38095248	-87.69404296
12.38827849	-90.36157125
12.39560450	-95.98928566
12.40293050	-90.63945664
12.41025651	-86.87734713
12.41758252	-94.52387634
12.42490853	-97.77570768
12.43223453	-103.24200281
12.43956054	-95.32109992
12.44688655	-91.69640277
12.45421255	-89.68037323
12.46153856	-94.28241549
12.46886457	-91.51116618
12.47619058	-94.58620169
12.48351658	-89.88584696
12.49084259	-85.42984088
12.49816860	-90.44693057
12.50549461	-87.47183209
12.51282061	-91.03693769
12.52014662	-93.34900603
12.52747263	-87.40639574
12.53479864	-90.36032886
12.54212464	-91.02140543
12.54945065	-89.51496256
12.55677666	-87.41314558
12.56410267	-91.72046447
12.57142867	-101.79232439
12.57875468	-95.05629219
12.58608069	-92.75105046
12.59340669	-92.02717310
12.60073270	-100.15311995
12.60805871	-89.16900090
12.61538472	-85.65029158
12.62271072	-87.01836761
12.63003673	-91.29137728
12.63736274	-90.25897251
12.64468875	-90.29277622
12.65201475	-91.63034806
12.65934076	-94.29338789
12.66666677	-95.97707879
12.67399278	-92.04302777
12.68131878	-88.16138913
12.68864479	-88.31747867
12.69597080	-91.92494561
12.70329681	-91.06498747
12.71062281	-97.46102770
12.71794882	-92.14670091
12.72527483	-89.51603672
12.73260084	-93.07254819
12.73992684	-96.73880761
12.74725285	-90.65671156
12.75457886	-86.15128916
12.76190486	-87.75598198
12.76923087	-95.95083684
12.77655688	-93.76619737
12.78388289	-94.20488392
12.79120889	-88.48302384
12.79853490	-90.07406134
12.80586091	-117.10161292
12.81318692	-92.41246997
12.82051292	-89.84482177
12.82783893	-90.83246072
12.83516494	-95.82596309
12.84249095	-89.20041536
12.84981695	-90.66879362
12.85714296	-102.87362810
12.86446897	-94.56148531
12.87179498	-91.17040304
12.87912098	-88.47710272
12.88644699	-87.73260522
12.89377300	-92.94288347
12.90109901	-114.14334807
12.90842501	-99.78531636
12.91575102	-90.13942862
12.92307703	-90.18534902
12.93040303	-101.17507656
12.93772904	-95.40995808
12.94505505	-99.21218787
12.95238106	-97.00232055
12.95970706	-90.22076934
12.96703307	-90.79162792
12.97435908	-99.53585263
12.98168509	-89.15577894
12.98901109	-87.29787372
12.99633710	-90.02819221
13.00366311	-95.30671736
13.01098912	-96.08511810
13.01831512	-92.26263795
13.02564113	-92.86463075
13.03296714	-95.31985096
13.04029315	-92.42735341
13.04761915	-85.58225730
13.05494516	-82.43499869
13.06227117	-85.45167914
13.06959717	-101.72661007
13.07692318	-89.20255783
13.08424919	-93.09759317
13.09157520	-91.82055968
13.09890120	-89.04118772
13.10622721	-96.70742056
13.11355322	-91.94253846
13.12087923	-89.73560718
13.12820523	-92.61123856
13.13553124	-94.49798846
13.14285725	-95.50398956
13.15018326	-86.46337030
13.15750926	-85.01475907
13.16483527	-88.76189051
13.17216128	-93.25942842
13.17948729	-95.36805284
13.18681329	-103.41854445
13.19413930	-105.91377472
13.20146531	-104.76343939
13.20879132	-109.00972688
13.21611732	-98.65245213
13.22344333	-90.70699281
13.23076934	-87.17760824
13.23809534	-87.66309889
13.24542135	-94.50349037
13.25274736	-101.60315645
13.26007337	-96.10580892
13.26739937	-103.90123151
13.27472538	-108.73513372
13.28205139	-98.17590880
13.28937740	-94.62721555
13.29670340	-93.64292558
13.30402941	-91.81062656
13.31135542	-95.83464749
13.31868143	-103.07235189
13.32600743	-94.10080354
13.33333344	-87.51990818
13.34065945	-89.35678662
13.34798546	-100.95627374
13.35531146	-90.21371324
13.36263747	-95.07701344
13.36996348	-100.62409183
13.37728949	-96.44771603
13.38461549	-109.23993136
13.39194150	-97.15002496
13.39926751	-95.47639557
13.40659351	-96.96438387
13.41391952	-101.06283809
13.42124553	-108.82871820
13.42857154	-101.46103522
13.43589754	-91.30754656
13.44322355	-88.86057824
13.45054956	-94.03587809
13.45787557	-99.71001844
13.46520157	-98.96854693
13.47252758	-93.68872960
13.47985359	-89.53545142
13.48717960	-95.63476952
13.49450560	-98.34981489
13.50183161	-96.44688056
13.50915762	-99.28979753
13.51648363	-91.19803753
13.52380963	-91.31170363
13.53113564	-93.27295401
13.53846165	-96.30293087
13.54578765	-91.37390492
13.55311366	-88.12513392
13.56043967	-87.02669622
13.56776568	-86.17436120
13.57509168	-88.97743379
13.58241769	-98.10107511
13.58974370	-90.01902044
13.59706971	-91.18542265
13.60439571	-105.10749969
13.61172172	-91.85202960
13.61904773	-98.93845950
13.62637374	-94.02227340
13.63369974	-96.25955872
13.64102575	-94.19388408
13.64835176	-94.08316252
13.65567777	-99.33916875
13.66300377	-89.92313929
13.67032978	-91.91699785
13.67765579	-100.87620196
13.68498180	-106.88474337
13.69230780	-97.88873168
13.69963381	-90.47479496
13.70695982	-89.11563376
13.71428582	-92.39762713
13.72161183	-87.60927651
13.72893784	-88.71571394
13.73626385	-104.88178681
13.74358985	-94.83595358
13.75091586	-92.46840002
13.75824187	-92.26317373
13.76556788	-93.25949220
13.77289388	-95.19551406
13.78021989	-101.73255665
13.78754590	-108.24359253
13.79487191	-109.42954466
13.80219791	-96.66516037
13.80952392	-91.87622706
13.81684993	-99.75914059
13.82417594	-88.28781344
13.83150194	-86.42792888
13.83882795	-95.59892225
13.84615396	-94.26647251
13.85347997	-92.98474445
13.86080597	-92.71974447
13.86813198	-94.78417819
13.87545799	-95.89463971
13.88278399	-91.17779068
13.89011000	-96.91350654
13.89743601	-90.03322497
13.90476202	-89.38217604
13.91208802	-91.96701570
13.91941403	-89.48659205
13.92674004	-92.89738293
13.93406605	-91.30528000
13.94139205	-88.80159676
13.94871806	-93.82038880
13.95604407	-95.27652038
13.96337008	-94.44636377
13.97069608	-95.57351741
13.97802209	-90.63070657
13.98534810	-85.13502666
13.99267411	-85.83636928
14.00000011	-94.76545030
14.00732612	-95.87711187
14.01465213	-92.57269106
14.02197813	-85.53123391
14.02930414	-85.71376783
14.03663015	-93.89747147
14.04395616	-107.39345946
14.05128216	-101.09799728
14.05860817	-89.73912885
14.06593418	-87.21435971
14.07326019	-93.71493912
14.08058619	-94.56262392
14.08791220	-92.50964810
14.09523821	-101.01300350
14.10256422	-89.36238215
14.10989022	-89.40587571
14.11721623	-90.39890042
14.12454224	-92.27993924
14.13186825	-96.60906481
14.13919425	-94.51922500
14.14652026	-106.90928156
14.15384627	-87.28305647
14.16117228	-85.61176557
14.16849828	-93.21964567
14.17582429	-93.80014581
14.18315030	-106.84390581
14.19047630	-88.62231636
14.19780231	-85.78320206
14.20512832	-90.38712116
14.21245433	-97.80812951
14.21978033	-89.14656635
14.22710634	-89.30539693
14.23443235	-101.52047710
14.24175836	-94.36147195
14.24908436	-97.71239661
14.25641037	-96.94814857
14.26373638	-94.67974143
14.27106239	-93.62350461
14.27838839	-91.75747120
14.28571440	-94.93595103
14.29304041	-92.57358719
14.30036642	-87.90629453
14.30769242	-90.06849621
14.31501843	-98.33211120
14.32234444	-104.05046912
14.32967045	-99.79454819
14.33699645	-100.00684936
14.34432246	-99.71212140
14.35164847	-98.16663993
14.35897447	-100.92945463
14.36630048	-91.75473512
14.37362649	-88.52432397
14.38095250	-85.85326837
14.38827850	-83.51321910
14.39560451	-83.13459941
14.40293052	-85.74934602
14.41025653	-91.92788389
14.41758253	-94.70905649
14.42490854	-97.71949383
14.43223455	-99.04473466
14.43956056	-96.13636692
14.44688656	-96.33436469
14.45421257	-96.42881754
14.46153858	-94.10522872
14.46886459	-93.19990631
14.47619059	-97.58230958
14.48351660	-89.77738338
14.49084261	-89.04352723
14.49816861	-98.88255613
14.50549462	-96.59940555
14.51282063	-92.33003783
14.52014664	-93.09479115
14.52747264	-96.97666656
14.53479865	-94.05692044
14.54212466	-93.98658163
14.54945067	-88.89660018
14.55677667	-90.13732329
14.56410268	-109.49924617
14.57142869	-97.82653037
14.57875470	-100.89752669
14.58608070	-94.74661192
14.59340671	-97.37582857
14.60073272	-99.83365348
14.60805873	-94.79005618
14.61538473	-94.54683839
14.62271074	-112.76473408
14.63003675	-90.72857886
14.63736276	-87.21165719
14.64468876	-94.96201900
14.65201477	-91.82420833
14.65934078	-88.48846555
14.66666678	-102.09187448
14.67399279	-91.86072028
14.68131880	-91.06521014
14.68864481	-100.43760121
14.69597081	-106.08379043
14.70329682	-100.24163083
14.71062283	-97.05072636
14.71794884	-92.65109414
14.72527484	-94.00424031
14.73260085	-104.40033395
14.73992686	-91.20504097
14.74725287	-91.41365111
14.75457887	-101.19700161
14.76190488	-94.66469274
14.76923089	-96.12884193
14.77655690	-98.50518746
14.78388290	-95.56167261
14.79120891	-93.84395972
14.79853492	-100.59804106
14.80586093	-95.82360884
14.81318693	-110.10246895
14.82051294	-88.60597475
14.82783895	-87.74457080
14.83516495	-91.45169589
14.84249096	-90.60051277
14.84981697	-98.86548900
14.85714298	-97.99928637
14.86446898	-100.55654325
14.87179499	-91.12970191
14.87912100	-98.39125712
14.88644701	-91.26139284
14.89377301	-90.22740485
14.90109902	-107.11044024
14.90842503	-94.48946884
14.91575104	-96.97475932
14.92307704	-103.24751448
14.93040305	-93.35585349
14.93772906	-92.71100734
14.94505507	-88.46030149
14.95238107	-87.95809664
14.95970708	-92.28148490
14.96703309	-93.06637219
14.97435910	-92.46702654
14.98168510	-90.11774803
14.98901111	-91.27443099
14.99633712	-94.34112242
