# Menlo Systems GmbH ScanControl
# Program Version 1.7.0+git.a90605a3
# Start: -710.00000000 ps, Average over 5000 waveforms. Timestamp: 2023-11-21T15:12:00
# Window type: Tukey, parameters: alpha = 0.1
# User time axis shift: 0 ps
# Time axis offset: 0 ps
# Time [ps]	THz Signal [a.u.]
-710.08286712	0.00000000
-710.04953379	0.00000004
-710.01620045	0.00000018
-709.98286712	0.00000046
-709.94953379	0.00000058
-709.91620046	0.00000062
-709.88286712	0.00000078
-709.84953379	0.00000058
-709.81620046	0.00000112
-709.78286712	0.00000061
-709.74953379	0.00000049
-709.71620046	0.00000064
-709.68286712	0.00000131
-709.64953379	-0.00000129
-709.61620046	-0.00000258
-709.58286712	0.00000091
-709.54953379	-0.00000161
-709.51620046	-0.00000144
-709.48286713	-0.00000685
-709.44953379	-0.00000643
-709.41620046	-0.00000649
-709.38286713	-0.00000881
-709.34953379	-0.00001137
-709.31620046	-0.00000491
-709.28286713	-0.00001941
-709.24953379	-0.00001877
-709.21620046	-0.00002036
-709.18286713	-0.00001615
-709.14953379	-0.00002192
-709.11620046	-0.00002329
-709.08286713	-0.00001723
-709.04953380	-0.00002478
-709.01620046	-0.00003532
-708.98286713	-0.00003998
-708.94953380	-0.00003235
-708.91620046	-0.00005395
-708.88286713	-0.00003640
-708.84953380	-0.00003143
-708.81620046	-0.00003668
-708.78286713	-0.00003791
-708.74953380	-0.00003767
-708.71620047	-0.00003671
-708.68286713	-0.00006399
-708.64953380	-0.00007044
-708.61620047	-0.00005986
-708.58286713	-0.00005289
-708.54953380	-0.00006723
-708.51620047	-0.00005583
-708.48286713	-0.00008569
-708.44953380	-0.00010802
-708.41620047	-0.00006039
-708.38286713	-0.00009782
-708.34953380	-0.00010461
-708.31620047	-0.00007872
-708.28286714	-0.00011107
-708.24953380	-0.00015189
-708.21620047	-0.00016181
-708.18286714	-0.00013961
-708.14953380	-0.00016474
-708.11620047	-0.00019735
-708.08286714	-0.00023673
-708.04953380	-0.00023416
-708.01620047	-0.00025661
-707.98286714	-0.00026422
-707.94953380	-0.00026620
-707.91620047	-0.00027513
-707.88286714	-0.00033000
-707.84953381	-0.00027524
-707.81620047	-0.00032912
-707.78286714	-0.00033499
-707.74953381	-0.00037449
-707.71620047	-0.00039206
-707.68286714	-0.00040128
-707.64953381	-0.00040610
-707.61620047	-0.00045374
-707.58286714	-0.00046654
-707.54953381	-0.00048461
-707.51620047	-0.00047452
-707.48286714	-0.00051588
-707.44953381	-0.00056142
-707.41620048	-0.00055984
-707.38286714	-0.00055349
-707.34953381	-0.00055302
-707.31620048	-0.00057528
-707.28286714	-0.00061827
-707.24953381	-0.00061164
-707.21620048	-0.00065538
-707.18286714	-0.00067608
-707.14953381	-0.00068145
-707.11620048	-0.00066849
-707.08286714	-0.00065293
-707.04953381	-0.00062554
-707.01620048	-0.00060793
-706.98286715	-0.00062298
-706.94953381	-0.00065499
-706.91620048	-0.00056596
-706.88286715	-0.00056410
-706.84953381	-0.00053993
-706.81620048	-0.00058449
-706.78286715	-0.00051086
-706.74953381	-0.00047459
-706.71620048	-0.00048841
-706.68286715	-0.00048806
-706.64953382	-0.00039413
-706.61620048	-0.00038914
-706.58286715	-0.00035953
-706.54953382	-0.00026657
-706.51620048	-0.00020088
-706.48286715	-0.00007852
-706.44953382	-0.00001733
-706.41620048	0.00002444
-706.38286715	0.00016408
-706.34953382	0.00018782
-706.31620048	0.00028850
-706.28286715	0.00040273
-706.24953382	0.00052112
-706.21620049	0.00066928
-706.18286715	0.00075932
-706.14953382	0.00094454
-706.11620049	0.00113646
-706.08286715	0.00124171
-706.04953382	0.00138611
-706.01620049	0.00157540
-705.98286715	0.00175528
-705.94953382	0.00192788
-705.91620049	0.00201004
-705.88286715	0.00208623
-705.84953382	0.00211858
-705.81620049	0.00212936
-705.78286716	0.00207463
-705.74953382	0.00190022
-705.71620049	0.00173271
-705.68286716	0.00138724
-705.64953382	0.00090935
-705.61620049	0.00030737
-705.58286716	-0.00040109
-705.54953382	-0.00130998
-705.51620049	-0.00233369
-705.48286716	-0.00360197
-705.44953382	-0.00500567
-705.41620049	-0.00644694
-705.38286716	-0.00811955
-705.34953383	-0.00969129
-705.31620049	-0.01125351
-705.28286716	-0.01283060
-705.24953383	-0.01415154
-705.21620049	-0.01522607
-705.18286716	-0.01603420
-705.14953383	-0.01642116
-705.11620049	-0.01642632
-705.08286716	-0.01588013
-705.04953383	-0.01483591
-705.01620049	-0.01312359
-704.98286716	-0.01095958
-704.94953383	-0.00832874
-704.91620050	-0.00533544
-704.88286716	-0.00204213
-704.84953383	0.00136515
-704.81620050	0.00474795
-704.78286716	0.00789175
-704.74953383	0.01073103
-704.71620050	0.01301255
-704.68286716	0.01468306
-704.64953383	0.01564217
-704.61620050	0.01595352
-704.58286717	0.01543710
-704.54953383	0.01425637
-704.51620050	0.01249709
-704.48286717	0.01038387
-704.44953383	0.00792328
-704.41620050	0.00530823
-704.38286717	0.00275237
-704.34953383	0.00044183
-704.31620050	-0.00155016
-704.28286717	-0.00314741
-704.24953383	-0.00435352
-704.21620050	-0.00497984
-704.18286717	-0.00526293
-704.14953384	-0.00510960
-704.11620050	-0.00454288
-704.08286717	-0.00368615
-704.04953384	-0.00270723
-704.01620050	-0.00179593
-703.98286717	-0.00078232
-703.94953384	0.00010167
-703.91620050	0.00075968
-703.88286717	0.00128360
-703.84953384	0.00146442
-703.81620050	0.00147082
-703.78286717	0.00125789
-703.74953384	0.00084105
-703.71620051	0.00031029
-703.68286717	-0.00028547
-703.64953384	-0.00081481
-703.61620051	-0.00134845
-703.58286717	-0.00178281
-703.54953384	-0.00210760
-703.51620051	-0.00228297
-703.48286717	-0.00230245
-703.44953384	-0.00222936
-703.41620051	-0.00215856
-703.38286717	-0.00206930
-703.34953384	-0.00190636
-703.31620051	-0.00180109
-703.28286718	-0.00166595
-703.24953384	-0.00155815
-703.21620051	-0.00146301
-703.18286718	-0.00137805
-703.14953384	-0.00119290
-703.11620051	-0.00104514
-703.08286718	-0.00085506
-703.04953384	-0.00065778
-703.01620051	-0.00048981
-702.98286718	-0.00047138
-702.94953384	-0.00041415
-702.91620051	-0.00045601
-702.88286718	-0.00050854
-702.84953385	-0.00062196
-702.81620051	-0.00073154
-702.78286718	-0.00081146
-702.74953385	-0.00088900
-702.71620051	-0.00090386
-702.68286718	-0.00094575
-702.64953385	-0.00095633
-702.61620051	-0.00099846
-702.58286718	-0.00104839
-702.54953385	-0.00118853
-702.51620052	-0.00127885
-702.48286718	-0.00143383
-702.44953385	-0.00164084
-702.41620052	-0.00186308
-702.38286718	-0.00209767
-702.34953385	-0.00220994
-702.31620052	-0.00239442
-702.28286718	-0.00249948
-702.24953385	-0.00265171
-702.21620052	-0.00277155
-702.18286718	-0.00282382
-702.14953385	-0.00284882
-702.11620052	-0.00285443
-702.08286719	-0.00272132
-702.04953385	-0.00253726
-702.01620052	-0.00227803
-701.98286719	-0.00201932
-701.94953385	-0.00164419
-701.91620052	-0.00125099
-701.88286719	-0.00089992
-701.84953385	-0.00042742
-701.81620052	-0.00003164
-701.78286719	0.00037160
-701.74953385	0.00063273
-701.71620052	0.00083071
-701.68286719	0.00096988
-701.64953386	0.00109027
-701.61620052	0.00104406
-701.58286719	0.00096324
-701.54953386	0.00074587
-701.51620052	0.00053895
-701.48286719	0.00026733
-701.44953386	0.00007790
-701.41620052	-0.00004627
-701.38286719	-0.00025392
-701.34953386	-0.00033764
-701.31620052	-0.00040613
-701.28286719	-0.00044433
-701.24953386	-0.00045683
-701.21620053	-0.00042076
-701.18286719	-0.00048828
-701.14953386	-0.00045317
-701.11620053	-0.00060676
-701.08286719	-0.00079514
-701.04953386	-0.00098216
-701.01620053	-0.00126983
-700.98286719	-0.00158819
-700.94953386	-0.00198396
-700.91620053	-0.00240647
-700.88286719	-0.00293590
-700.84953386	-0.00336901
-700.81620053	-0.00384061
-700.78286720	-0.00418899
-700.74953386	-0.00452146
-700.71620053	-0.00476534
-700.68286720	-0.00493626
-700.64953386	-0.00502954
-700.61620053	-0.00500898
-700.58286720	-0.00480758
-700.54953386	-0.00455799
-700.51620053	-0.00409407
-700.48286720	-0.00359970
-700.44953387	-0.00294753
-700.41620053	-0.00225981
-700.38286720	-0.00152416
-700.34953387	-0.00074717
-700.31620053	-0.00004099
-700.28286720	0.00047423
-700.24953387	0.00088253
-700.21620053	0.00123236
-700.18286720	0.00132010
-700.14953387	0.00131581
-700.11620053	0.00112281
-700.08286720	0.00089250
-700.04953387	0.00055763
-700.01620054	0.00014674
-699.98286720	-0.00014031
-699.94953387	-0.00042794
-699.91620054	-0.00074074
-699.88286720	-0.00092604
-699.84953387	-0.00115432
-699.81620054	-0.00120156
-699.78286720	-0.00130481
-699.74953387	-0.00139854
-699.71620054	-0.00148374
-699.68286720	-0.00154694
-699.64953387	-0.00159231
-699.61620054	-0.00170337
-699.58286721	-0.00173498
-699.54953387	-0.00176673
-699.51620054	-0.00180983
-699.48286721	-0.00179674
-699.44953387	-0.00175856
-699.41620054	-0.00170780
-699.38286721	-0.00158803
-699.34953387	-0.00152226
-699.31620054	-0.00143417
-699.28286721	-0.00133944
-699.24953387	-0.00126376
-699.21620054	-0.00128613
-699.18286721	-0.00129807
-699.14953388	-0.00124214
-699.11620054	-0.00122161
-699.08286721	-0.00127785
-699.04953388	-0.00119790
-699.01620054	-0.00123032
-698.98286721	-0.00118584
-698.94953388	-0.00116587
-698.91620054	-0.00119674
-698.88286721	-0.00120493
-698.84953388	-0.00126047
-698.81620054	-0.00136368
-698.78286721	-0.00147330
-698.74953388	-0.00145996
-698.71620055	-0.00156689
-698.68286721	-0.00160392
-698.64953388	-0.00167325
-698.61620055	-0.00165538
-698.58286721	-0.00168685
-698.54953388	-0.00164860
-698.51620055	-0.00161862
-698.48286721	-0.00159317
-698.44953388	-0.00160858
-698.41620055	-0.00162361
-698.38286722	-0.00158772
-698.34953388	-0.00162619
-698.31620055	-0.00161098
-698.28286722	-0.00165190
-698.24953388	-0.00170087
-698.21620055	-0.00166074
-698.18286722	-0.00165125
-698.14953388	-0.00166235
-698.11620055	-0.00160899
-698.08286722	-0.00164347
-698.04953388	-0.00165739
-698.01620055	-0.00164902
-697.98286722	-0.00173147
-697.94953389	-0.00169441
-697.91620055	-0.00177430
-697.88286722	-0.00176888
-697.84953389	-0.00170173
-697.81620055	-0.00174871
-697.78286722	-0.00176909
-697.74953389	-0.00179203
-697.71620055	-0.00171962
-697.68286722	-0.00173444
-697.64953389	-0.00170887
-697.61620055	-0.00170235
-697.58286722	-0.00169261
-697.54953389	-0.00166882
-697.51620056	-0.00171676
-697.48286722	-0.00167921
-697.44953389	-0.00171329
-697.41620056	-0.00163328
-697.38286722	-0.00162757
-697.34953389	-0.00160204
-697.31620056	-0.00153507
-697.28286722	-0.00148542
-697.24953389	-0.00143449
-697.21620056	-0.00140609
-697.18286722	-0.00143571
-697.14953389	-0.00136660
-697.11620056	-0.00141831
-697.08286723	-0.00138742
-697.04953389	-0.00139433
-697.01620056	-0.00151041
-696.98286723	-0.00158404
-696.94953389	-0.00166067
-696.91620056	-0.00177125
-696.88286723	-0.00184310
-696.84953389	-0.00194818
-696.81620056	-0.00207337
-696.78286723	-0.00217329
-696.74953389	-0.00232041
-696.71620056	-0.00244148
-696.68286723	-0.00257339
-696.64953390	-0.00277389
-696.61620056	-0.00294885
-696.58286723	-0.00321287
-696.54953390	-0.00345437
-696.51620056	-0.00377025
-696.48286723	-0.00421530
-696.44953390	-0.00473584
-696.41620056	-0.00535399
-696.38286723	-0.00610672
-696.34953390	-0.00696113
-696.31620057	-0.00785703
-696.28286723	-0.00902315
-696.24953390	-0.01019720
-696.21620057	-0.01138442
-696.18286723	-0.01257535
-696.14953390	-0.01365339
-696.11620057	-0.01464247
-696.08286723	-0.01536888
-696.04953390	-0.01566910
-696.01620057	-0.01571889
-695.98286723	-0.01525327
-695.94953390	-0.01434411
-695.91620057	-0.01291303
-695.88286724	-0.01103520
-695.84953390	-0.00880866
-695.81620057	-0.00626751
-695.78286724	-0.00351919
-695.74953390	-0.00073662
-695.71620057	0.00193529
-695.68286724	0.00423755
-695.64953390	0.00612034
-695.61620057	0.00741684
-695.58286724	0.00794660
-695.54953390	0.00778982
-695.51620057	0.00695935
-695.48286724	0.00533858
-695.44953391	0.00337152
-695.41620057	0.00098284
-695.38286724	-0.00158707
-695.34953391	-0.00406426
-695.31620057	-0.00631442
-695.28286724	-0.00819870
-695.24953391	-0.00953768
-695.21620057	-0.01028126
-695.18286724	-0.01055824
-695.14953391	-0.01026971
-695.11620057	-0.00962739
-695.08286724	-0.00865695
-695.04953391	-0.00756536
-695.01620058	-0.00630449
-694.98286724	-0.00511585
-694.94953391	-0.00411330
-694.91620058	-0.00311705
-694.88286724	-0.00230519
-694.84953391	-0.00142936
-694.81620058	-0.00057885
-694.78286724	0.00029041
-694.74953391	0.00122266
-694.71620058	0.00229401
-694.68286724	0.00339694
-694.64953391	0.00463075
-694.61620058	0.00585444
-694.58286725	0.00712797
-694.54953391	0.00839004
-694.51620058	0.00970027
-694.48286725	0.01111637
-694.44953391	0.01269045
-694.41620058	0.01439896
-694.38286725	0.01642971
-694.34953391	0.01882044
-694.31620058	0.02154090
-694.28286725	0.02464498
-694.24953392	0.02804797
-694.21620058	0.03181007
-694.18286725	0.03581533
-694.14953392	0.04011860
-694.11620058	0.04466051
-694.08286725	0.04964176
-694.04953392	0.05492651
-694.01620058	0.06065913
-693.98286725	0.06694690
-693.94953392	0.07393316
-693.91620058	0.08159169
-693.88286725	0.08992319
-693.84953392	0.09911508
-693.81620059	0.10904455
-693.78286725	0.11982820
-693.74953392	0.13149052
-693.71620059	0.14388431
-693.68286725	0.15730114
-693.64953392	0.17148550
-693.61620059	0.18647334
-693.58286725	0.20221850
-693.54953392	0.21842094
-693.51620059	0.23488488
-693.48286725	0.25125694
-693.44953392	0.26672939
-693.41620059	0.28094291
-693.38286726	0.29279880
-693.34953392	0.30146892
-693.31620059	0.30563706
-693.28286726	0.30393408
-693.24953392	0.29479585
-693.21620059	0.27640499
-693.18286726	0.24697210
-693.14953392	0.20464691
-693.11620059	0.14724004
-693.08286726	0.07321093
-693.04953392	-0.01902023
-693.01620059	-0.13061274
-692.98286726	-0.26202981
-692.94953393	-0.41286728
-692.91620059	-0.58191755
-692.88286726	-0.76646148
-692.84953393	-0.96247359
-692.81620059	-1.16435112
-692.78286726	-1.36440949
-692.74953393	-1.55359519
-692.71620059	-1.72137022
-692.68286726	-1.85584684
-692.64953393	-1.94520943
-692.61620059	-1.97843211
-692.58286726	-1.94587811
-692.54953393	-1.84143564
-692.51620060	-1.66256957
-692.48286726	-1.41168245
-692.44953393	-1.09607266
-692.41620060	-0.72803839
-692.38286726	-0.32333747
-692.34953393	0.09889704
-692.31620060	0.51808464
-692.28286726	0.91308117
-692.24953393	1.26395973
-692.21620060	1.55271518
-692.18286726	1.76496386
-692.14953393	1.89097163
-692.11620060	1.92691220
-692.08286727	1.87540572
-692.04953393	1.74526859
-692.01620060	1.55096278
-691.98286727	1.31049081
-691.94953393	1.04393571
-691.91620060	0.77125098
-691.88286727	0.51067265
-691.84953393	0.27713138
-691.81620060	0.08179419
-691.78286727	-0.06899515
-691.74953394	-0.17401191
-691.71620060	-0.23654285
-691.68286727	-0.26357054
-691.64953394	-0.26403747
-691.61620060	-0.24723454
-691.58286727	-0.22127371
-691.54953394	-0.19236936
-691.51620060	-0.16407523
-691.48286727	-0.13757789
-691.44953394	-0.11229468
-691.41620060	-0.08695215
-691.38286727	-0.06053632
-691.34953394	-0.03272509
-691.31620061	-0.00479043
-691.28286727	0.02089845
-691.24953394	0.04114114
-691.21620061	0.05270648
-691.18286727	0.05323528
-691.14953394	0.04224324
-691.11620061	0.02100382
-691.08286727	-0.00720090
-691.04953394	-0.03772544
-691.01620061	-0.06540953
-690.98286727	-0.08592932
-690.94953394	-0.09630456
-690.91620061	-0.09555461
-690.88286728	-0.08521433
-690.84953394	-0.06849340
-690.81620061	-0.04975314
-690.78286728	-0.03291843
-690.74953394	-0.02123968
-690.71620061	-0.01629505
-690.68286728	-0.01751134
-690.64953394	-0.02297564
-690.61620061	-0.02994039
-690.58286728	-0.03527723
-690.54953394	-0.03690168
-690.51620061	-0.03378933
-690.48286728	-0.02655159
-690.44953395	-0.01688737
-690.41620061	-0.00718913
-690.38286728	0.00046161
-690.34953395	0.00461752
-690.31620061	0.00489497
-690.28286728	0.00211625
-690.24953395	-0.00244870
-690.21620061	-0.00696688
-690.18286728	-0.01014237
-690.14953395	-0.01110112
-690.11620061	-0.01004109
-690.08286728	-0.00791226
-690.04953395	-0.00583977
-690.01620062	-0.00504836
-689.98286728	-0.00634123
-689.94953395	-0.00975698
-689.91620062	-0.01462457
-689.88286728	-0.02003599
-689.84953395	-0.02502142
-689.81620062	-0.02865047
-689.78286728	-0.03061158
-689.74953395	-0.03122647
-689.71620062	-0.03084718
-689.68286729	-0.03030499
-689.64953395	-0.03019623
-689.61620062	-0.03097098
-689.58286729	-0.03257350
-689.54953395	-0.03479412
-689.51620062	-0.03714364
-689.48286729	-0.03933906
-689.44953395	-0.04108695
-689.41620062	-0.04232459
-689.38286729	-0.04305113
-689.34953395	-0.04333701
-689.31620062	-0.04313895
-689.28286729	-0.04235332
-689.24953396	-0.04064903
-689.21620062	-0.03802830
-689.18286729	-0.03404192
-689.14953396	-0.02881676
-689.11620062	-0.02242149
-689.08286729	-0.01521174
-689.04953396	-0.00756732
-689.01620062	0.00018280
-688.98286729	0.00750235
-688.94953396	0.01410243
-688.91620062	0.01974168
-688.88286729	0.02374319
-688.84953396	0.02595140
-688.81620063	0.02618126
-688.78286729	0.02402277
-688.74953396	0.01965061
-688.71620063	0.01332787
-688.68286729	0.00562813
-688.64953396	-0.00254608
-688.61620063	-0.01045577
-688.58286729	-0.01733619
-688.54953396	-0.02250633
-688.51620063	-0.02580093
-688.48286729	-0.02729970
-688.44953396	-0.02726342
-688.41620063	-0.02598609
-688.38286730	-0.02399009
-688.34953396	-0.02162312
-688.31620063	-0.01905880
-688.28286730	-0.01647604
-688.24953396	-0.01390691
-688.21620063	-0.01135661
-688.18286730	-0.00893915
-688.14953396	-0.00667453
-688.11620063	-0.00463560
-688.08286730	-0.00283068
-688.04953396	-0.00128480
-688.01620063	-0.00011413
-687.98286730	0.00086760
-687.94953397	0.00178945
-687.91620063	0.00280289
-687.88286730	0.00390904
-687.84953397	0.00519028
-687.81620063	0.00643163
-687.78286730	0.00748906
-687.74953397	0.00828814
-687.71620063	0.00861389
-687.68286730	0.00824468
-687.64953397	0.00713371
-687.61620064	0.00539086
-687.58286730	0.00336614
-687.54953397	0.00109805
-687.51620064	-0.00116529
-687.48286730	-0.00300756
-687.44953397	-0.00435017
-687.41620064	-0.00529598
-687.38286730	-0.00582061
-687.34953397	-0.00601853
-687.31620064	-0.00612052
-687.28286730	-0.00615018
-687.24953397	-0.00642462
-687.21620064	-0.00663500
-687.18286731	-0.00695816
-687.14953397	-0.00732843
-687.11620064	-0.00769452
-687.08286731	-0.00791854
-687.04953397	-0.00791318
-687.01620064	-0.00769001
-686.98286731	-0.00728505
-686.94953397	-0.00677383
-686.91620064	-0.00618793
-686.88286731	-0.00574215
-686.84953397	-0.00528259
-686.81620064	-0.00490484
-686.78286731	-0.00449209
-686.74953398	-0.00393722
-686.71620064	-0.00312186
-686.68286731	-0.00181577
-686.64953398	-0.00016552
-686.61620064	0.00179813
-686.58286731	0.00397932
-686.54953398	0.00598405
-686.51620064	0.00775434
-686.48286731	0.00884681
-686.44953398	0.00946341
-686.41620064	0.00948289
-686.38286731	0.00886565
-686.34953398	0.00785941
-686.31620065	0.00664919
-686.28286731	0.00534067
-686.24953398	0.00400779
-686.21620065	0.00279561
-686.18286731	0.00177420
-686.14953398	0.00089104
-686.11620065	0.00022056
-686.08286731	-0.00026715
-686.04953398	-0.00063729
-686.01620065	-0.00089468
-685.98286731	-0.00101680
-685.94953398	-0.00104534
-685.91620065	-0.00096795
-685.88286732	-0.00076944
-685.84953398	-0.00053152
-685.81620065	-0.00003567
-685.78286732	0.00052819
-685.74953398	0.00129789
-685.71620065	0.00222327
-685.68286732	0.00333971
-685.64953398	0.00460143
-685.61620065	0.00598281
-685.58286732	0.00744472
-685.54953399	0.00885685
-685.51620065	0.01013871
-685.48286732	0.01114671
-685.44953399	0.01190623
-685.41620065	0.01251836
-685.38286732	0.01282451
-685.34953399	0.01286224
-685.31620065	0.01254733
-685.28286732	0.01198644
-685.24953399	0.01127882
-685.21620065	0.01048561
-685.18286732	0.00982546
-685.14953399	0.00929848
-685.11620066	0.00919710
-685.08286732	0.00955961
-685.04953399	0.01032893
-685.01620066	0.01161412
-684.98286732	0.01317861
-684.94953399	0.01501648
-684.91620066	0.01687407
-684.88286732	0.01872567
-684.84953399	0.02059261
-684.81620066	0.02225271
-684.78286732	0.02360105
-684.74953399	0.02440935
-684.71620066	0.02459316
-684.68286733	0.02362688
-684.64953399	0.02136695
-684.61620066	0.01753244
-684.58286733	0.01185142
-684.54953399	0.00422096
-684.51620066	-0.00510117
-684.48286733	-0.01611541
-684.44953399	-0.02849607
-684.41620066	-0.04186294
-684.38286733	-0.05568688
-684.34953399	-0.06944398
-684.31620066	-0.08248886
-684.28286733	-0.09433532
-684.24953400	-0.10425163
-684.21620066	-0.11145379
-684.18286733	-0.11558219
-684.14953400	-0.11591863
-684.11620066	-0.11166667
-684.08286733	-0.10269796
-684.04953400	-0.08881026
-684.01620066	-0.07020683
-683.98286733	-0.04756475
-683.94953400	-0.02173723
-683.91620066	0.00584360
-683.88286733	0.03379603
-683.84953400	0.06037763
-683.81620067	0.08402575
-683.78286733	0.10307240
-683.74953400	0.11630184
-683.71620067	0.12261479
-683.68286733	0.12172879
-683.64953400	0.11378758
-683.61620067	0.09968636
-683.58286733	0.08079475
-683.54953400	0.05869720
-683.51620067	0.03549537
-683.48286734	0.01279000
-683.44953400	-0.00763670
-683.41620067	-0.02435772
-683.38286734	-0.03672654
-683.34953400	-0.04410596
-683.31620067	-0.04662196
-683.28286734	-0.04480878
-683.24953400	-0.03949341
-683.21620067	-0.03181182
-683.18286734	-0.02291182
-683.14953400	-0.01398134
-683.11620067	-0.00585519
-683.08286734	0.00081279
-683.04953401	0.00578734
-683.01620067	0.00901064
-682.98286734	0.01070894
-682.94953401	0.01128161
-682.91620067	0.01117783
-682.88286734	0.01073902
-682.84953401	0.01019284
-682.81620067	0.00957053
-682.78286734	0.00881595
-682.74953401	0.00781109
-682.71620067	0.00638273
-682.68286734	0.00454573
-682.64953401	0.00241854
-682.61620068	-0.00001767
-682.58286734	-0.00234655
-682.54953401	-0.00442971
-682.51620068	-0.00601453
-682.48286734	-0.00697964
-682.44953401	-0.00740506
-682.41620068	-0.00741253
-682.38286734	-0.00713147
-682.34953401	-0.00679442
-682.31620068	-0.00668627
-682.28286734	-0.00672090
-682.24953401	-0.00688058
-682.21620068	-0.00703611
-682.18286735	-0.00694085
-682.14953401	-0.00636700
-682.11620068	-0.00528011
-682.08286735	-0.00364296
-682.04953401	-0.00152852
-682.01620068	0.00078436
-681.98286735	0.00292839
-681.94953401	0.00488980
-681.91620068	0.00633256
-681.88286735	0.00734287
-681.84953401	0.00804004
-681.81620068	0.00852224
-681.78286735	0.00882486
-681.74953402	0.00916948
-681.71620068	0.00938001
-681.68286735	0.00937118
-681.64953402	0.00899919
-681.61620068	0.00818210
-681.58286735	0.00685799
-681.54953402	0.00518970
-681.51620068	0.00322072
-681.48286735	0.00122823
-681.44953402	-0.00047923
-681.41620069	-0.00178217
-681.38286735	-0.00251052
-681.34953402	-0.00290158
-681.31620069	-0.00294961
-681.28286735	-0.00300737
-681.24953402	-0.00324724
-681.21620069	-0.00376872
-681.18286735	-0.00463537
-681.14953402	-0.00568219
-681.11620069	-0.00670553
-681.08286735	-0.00751026
-681.04953402	-0.00790814
-681.01620069	-0.00779779
-680.98286736	-0.00708535
-680.94953402	-0.00595134
-680.91620069	-0.00447704
-680.88286736	-0.00276875
-680.84953402	-0.00090104
-680.81620069	0.00088929
-680.78286736	0.00263182
-680.74953402	0.00435896
-680.71620069	0.00576457
-680.68286736	0.00697091
-680.64953402	0.00772163
-680.61620069	0.00804949
-680.58286736	0.00786469
-680.54953403	0.00717680
-680.51620069	0.00599087
-680.48286736	0.00451565
-680.44953403	0.00276110
-680.41620069	0.00085576
-680.38286736	-0.00114571
-680.34953403	-0.00308764
-680.31620069	-0.00503910
-680.28286736	-0.00678055
-680.24953403	-0.00833204
-680.21620069	-0.00953215
-680.18286736	-0.01032701
-680.14953403	-0.01044093
-680.11620070	-0.01010452
-680.08286736	-0.00916220
-680.04953403	-0.00760727
-680.01620070	-0.00571952
-679.98286736	-0.00367192
-679.94953403	-0.00153482
-679.91620070	0.00040456
-679.88286736	0.00203800
-679.84953403	0.00336431
-679.81620070	0.00420106
-679.78286736	0.00474010
-679.74953403	0.00480247
-679.71620070	0.00452616
-679.68286737	0.00386544
-679.64953403	0.00272461
-679.61620070	0.00142207
-679.58286737	-0.00010182
-679.54953403	-0.00175198
-679.51620070	-0.00336468
-679.48286737	-0.00479471
-679.44953403	-0.00589794
-679.41620070	-0.00651646
-679.38286737	-0.00670950
-679.34953404	-0.00657079
-679.31620070	-0.00599986
-679.28286737	-0.00533110
-679.24953404	-0.00464483
-679.21620070	-0.00401944
-679.18286737	-0.00345962
-679.14953404	-0.00293834
-679.11620070	-0.00256953
-679.08286737	-0.00214827
-679.04953404	-0.00169781
-679.01620070	-0.00115420
-678.98286737	-0.00049761
-678.94953404	0.00017101
-678.91620071	0.00085128
-678.88286737	0.00151171
-678.84953404	0.00203919
-678.81620071	0.00243922
-678.78286737	0.00262826
-678.74953404	0.00273355
-678.71620071	0.00270790
-678.68286737	0.00273701
-678.64953404	0.00255149
-678.61620071	0.00229312
-678.58286737	0.00189439
-678.54953404	0.00135913
-678.51620071	0.00074685
-678.48286738	-0.00007720
-678.44953404	-0.00091688
-678.41620071	-0.00171641
-678.38286738	-0.00245876
-678.34953404	-0.00299685
-678.31620071	-0.00311124
-678.28286738	-0.00299273
-678.24953404	-0.00255087
-678.21620071	-0.00167932
-678.18286738	-0.00064194
-678.14953404	0.00037788
-678.11620071	0.00139819
-678.08286738	0.00202480
-678.04953405	0.00224760
-678.01620071	0.00197056
-677.98286738	0.00130216
-677.94953405	0.00002506
-677.91620071	-0.00144417
-677.88286738	-0.00318655
-677.84953405	-0.00507399
-677.81620071	-0.00692670
-677.78286738	-0.00868442
-677.74953405	-0.01022972
-677.71620071	-0.01141266
-677.68286738	-0.01226379
-677.64953405	-0.01290700
-677.61620072	-0.01303401
-677.58286738	-0.01281135
-677.54953405	-0.01221493
-677.51620072	-0.01137616
-677.48286738	-0.01013684
-677.44953405	-0.00874965
-677.41620072	-0.00722621
-677.38286738	-0.00581420
-677.34953405	-0.00448839
-677.31620072	-0.00333751
-677.28286739	-0.00236557
-677.24953405	-0.00148075
-677.21620072	-0.00066973
-677.18286739	0.00011675
-677.14953405	0.00104641
-677.11620072	0.00205110
-677.08286739	0.00302015
-677.04953405	0.00408048
-677.01620072	0.00495760
-676.98286739	0.00552884
-676.94953405	0.00572588
-676.91620072	0.00544700
-676.88286739	0.00461986
-676.84953406	0.00330331
-676.81620072	0.00160060
-676.78286739	-0.00027362
-676.74953406	-0.00221559
-676.71620072	-0.00392874
-676.68286739	-0.00537356
-676.64953406	-0.00633732
-676.61620072	-0.00679711
-676.58286739	-0.00664116
-676.54953406	-0.00587221
-676.51620072	-0.00467618
-676.48286739	-0.00300351
-676.44953406	-0.00120394
-676.41620073	0.00071191
-676.38286739	0.00252049
-676.34953406	0.00403414
-676.31620073	0.00511053
-676.28286739	0.00559172
-676.24953406	0.00546208
-676.21620073	0.00461469
-676.18286739	0.00310378
-676.14953406	0.00106225
-676.11620073	-0.00129180
-676.08286739	-0.00389296
-676.04953406	-0.00644912
-676.01620073	-0.00873610
-675.98286740	-0.01060554
-675.94953406	-0.01201853
-675.91620073	-0.01282540
-675.88286740	-0.01290501
-675.84953406	-0.01237028
-675.81620073	-0.01131831
-675.78286740	-0.00980823
-675.74953406	-0.00800380
-675.71620073	-0.00608552
-675.68286740	-0.00403991
-675.64953406	-0.00214635
-675.61620073	-0.00026089
-675.58286740	0.00133494
-675.54953407	0.00262758
-675.51620073	0.00351111
-675.48286740	0.00400708
-675.44953407	0.00416576
-675.41620073	0.00407085
-675.38286740	0.00359793
-675.34953407	0.00308934
-675.31620073	0.00247870
-675.28286740	0.00182475
-675.24953407	0.00112254
-675.21620074	0.00038021
-675.18286740	-0.00043162
-675.14953407	-0.00133444
-675.11620074	-0.00249616
-675.08286740	-0.00383579
-675.04953407	-0.00513211
-675.01620074	-0.00648256
-674.98286740	-0.00778690
-674.94953407	-0.00869721
-674.91620074	-0.00917232
-674.88286740	-0.00917678
-674.84953407	-0.00871427
-674.81620074	-0.00781460
-674.78286741	-0.00657929
-674.74953407	-0.00519863
-674.71620074	-0.00376414
-674.68286741	-0.00243474
-674.64953407	-0.00118998
-674.61620074	-0.00006467
-674.58286741	0.00086219
-674.54953407	0.00151728
-674.51620074	0.00219292
-674.48286741	0.00258900
-674.44953407	0.00276010
-674.41620074	0.00274509
-674.38286741	0.00235681
-674.34953408	0.00161315
-674.31620074	0.00054782
-674.28286741	-0.00067252
-674.24953408	-0.00204216
-674.21620074	-0.00336954
-674.18286741	-0.00444290
-674.14953408	-0.00514909
-674.11620074	-0.00542012
-674.08286741	-0.00528210
-674.04953408	-0.00468699
-674.01620074	-0.00371090
-673.98286741	-0.00264071
-673.94953408	-0.00142322
-673.91620075	-0.00033242
-673.88286741	0.00051125
-673.84953408	0.00124152
-673.81620075	0.00166812
-673.78286741	0.00188814
-673.74953408	0.00196168
-673.71620075	0.00187350
-673.68286741	0.00168458
-673.64953408	0.00149243
-673.61620075	0.00127962
-673.58286741	0.00104694
-673.54953408	0.00085213
-673.51620075	0.00070587
-673.48286742	0.00056321
-673.44953408	0.00042502
-673.41620075	0.00027546
-673.38286742	0.00012966
-673.34953408	-0.00021742
-673.31620075	-0.00057901
-673.28286742	-0.00112777
-673.24953408	-0.00176599
-673.21620075	-0.00260078
-673.18286742	-0.00333416
-673.14953408	-0.00399531
-673.11620075	-0.00448634
-673.08286742	-0.00464951
-673.04953409	-0.00447524
-673.01620075	-0.00389357
-672.98286742	-0.00286002
-672.94953409	-0.00136832
-672.91620075	0.00044623
-672.88286742	0.00233939
-672.84953409	0.00451545
-672.81620075	0.00652205
-672.78286742	0.00824512
-672.74953409	0.00956093
-672.71620076	0.01041095
-672.68286742	0.01072591
-672.64953409	0.01047981
-672.61620076	0.00986495
-672.58286742	0.00878715
-672.54953409	0.00745023
-672.51620076	0.00596954
-672.48286742	0.00454952
-672.44953409	0.00323828
-672.41620076	0.00226856
-672.38286742	0.00177995
-672.34953409	0.00178982
-672.31620076	0.00239925
-672.28286743	0.00353306
-672.24953409	0.00530955
-672.21620076	0.00748459
-672.18286743	0.01005502
-672.14953409	0.01272339
-672.11620076	0.01542470
-672.08286743	0.01786550
-672.04953409	0.01994739
-672.01620076	0.02153957
-671.98286743	0.02265601
-671.94953409	0.02313197
-671.91620076	0.02317362
-671.88286743	0.02274597
-671.84953410	0.02185089
-671.81620076	0.02057535
-671.78286743	0.01905050
-671.74953410	0.01723353
-671.71620076	0.01511029
-671.68286743	0.01258532
-671.64953410	0.00952529
-671.61620076	0.00576645
-671.58286743	0.00131590
-671.54953410	-0.00410443
-671.51620076	-0.01071088
-671.48286743	-0.01830076
-671.44953410	-0.02702486
-671.41620077	-0.03682838
-671.38286743	-0.04750773
-671.34953410	-0.05893713
-671.31620077	-0.07061299
-671.28286743	-0.08241301
-671.24953410	-0.09386414
-671.21620077	-0.10455187
-671.18286743	-0.11414117
-671.14953410	-0.12215111
-671.11620077	-0.12818656
-671.08286743	-0.13201708
-671.04953410	-0.13316042
-671.01620077	-0.13132262
-670.98286744	-0.12647663
-670.94953410	-0.11847748
-670.91620077	-0.10711310
-670.88286744	-0.09244830
-670.84953410	-0.07468123
-670.81620077	-0.05402710
-670.78286744	-0.03086925
-670.74953410	-0.00589030
-670.71620077	0.02047034
-670.68286744	0.04720361
-670.64953411	0.07339407
-670.61620077	0.09812153
-670.58286744	0.12035749
-670.54953411	0.13907580
-670.51620077	0.15341581
-670.48286744	0.16275198
-670.44953411	0.16645481
-670.41620077	0.16445021
-670.38286744	0.15670427
-670.34953411	0.14369366
-670.31620077	0.12575373
-670.28286744	0.10391120
-670.24953411	0.07930526
-670.21620078	0.05285459
-670.18286744	0.02605467
-670.14953411	0.00011274
-670.11620078	-0.02363960
-670.08286744	-0.04425077
-670.04953411	-0.06057504
-670.01620078	-0.07209062
-669.98286744	-0.07849920
-669.94953411	-0.07971162
-669.91620078	-0.07601687
-669.88286744	-0.06821067
-669.84953411	-0.05711679
-669.81620078	-0.04385766
-669.78286745	-0.02953790
-669.74953411	-0.01536388
-669.71620078	-0.00220956
-669.68286745	0.00906053
-669.64953411	0.01809217
-669.61620078	0.02449470
-669.58286745	0.02831261
-669.54953411	0.02970051
-669.51620078	0.02919375
-669.48286745	0.02701905
-669.44953411	0.02355880
-669.41620078	0.01951904
-669.38286745	0.01502044
-669.34953412	0.01054206
-669.31620078	0.00621299
-669.28286745	0.00228499
-669.24953412	-0.00111403
-669.21620078	-0.00400658
-669.18286745	-0.00632752
-669.14953412	-0.00815795
-669.11620078	-0.00951282
-669.08286745	-0.01063584
-669.04953412	-0.01147587
-669.01620078	-0.01195460
-668.98286745	-0.01212436
-668.94953412	-0.01183080
-668.91620079	-0.01106565
-668.88286745	-0.00977897
-668.84953412	-0.00790264
-668.81620079	-0.00561245
-668.78286745	-0.00302360
-668.74953412	-0.00052129
-668.71620079	0.00175532
-668.68286745	0.00344804
-668.64953412	0.00429381
-668.61620079	0.00435564
-668.58286746	0.00351067
-668.54953412	0.00190935
-668.51620079	-0.00014373
-668.48286746	-0.00249480
-668.44953412	-0.00468186
-668.41620079	-0.00670821
-668.38286746	-0.00824224
-668.34953412	-0.00936003
-668.31620079	-0.01003657
-668.28286746	-0.01022365
-668.24953412	-0.01017743
-668.21620079	-0.00997022
-668.18286746	-0.00961850
-668.14953413	-0.00934363
-668.11620079	-0.00896964
-668.08286746	-0.00866018
-668.04953413	-0.00836129
-668.01620079	-0.00805816
-667.98286746	-0.00757863
-667.94953413	-0.00703291
-667.91620079	-0.00635255
-667.88286746	-0.00569972
-667.84953413	-0.00490396
-667.81620079	-0.00423038
-667.78286746	-0.00368126
-667.74953413	-0.00325515
-667.71620080	-0.00321798
-667.68286746	-0.00335740
-667.64953413	-0.00373683
-667.61620080	-0.00424673
-667.58286746	-0.00472049
-667.54953413	-0.00521111
-667.51620080	-0.00541454
-667.48286746	-0.00522360
-667.44953413	-0.00471864
-667.41620080	-0.00388706
-667.38286746	-0.00282632
-667.34953413	-0.00169326
-667.31620080	-0.00072855
-667.28286747	-0.00001010
-667.24953413	0.00034048
-667.21620080	0.00022198
-667.18286747	-0.00026963
-667.14953413	-0.00091831
-667.11620080	-0.00166760
-667.08286747	-0.00240092
-667.04953413	-0.00286592
-667.01620080	-0.00302250
-666.98286747	-0.00291654
-666.94953413	-0.00258897
-666.91620080	-0.00218820
-666.88286747	-0.00197744
-666.84953414	-0.00205672
-666.81620080	-0.00252767
-666.78286747	-0.00354464
-666.74953414	-0.00486740
-666.71620080	-0.00639182
-666.68286747	-0.00788150
-666.64953414	-0.00897770
-666.61620080	-0.00961485
-666.58286747	-0.00950417
-666.54953414	-0.00869381
-666.51620081	-0.00724361
-666.48286747	-0.00526092
-666.44953414	-0.00323217
-666.41620081	-0.00117534
-666.38286747	0.00044184
-666.34953414	0.00170269
-666.31620081	0.00245669
-666.28286747	0.00276791
-666.24953414	0.00276623
-666.21620081	0.00254816
-666.18286747	0.00237822
-666.14953414	0.00218553
-666.11620081	0.00217398
-666.08286748	0.00208979
-666.04953414	0.00199926
-666.01620081	0.00173230
-665.98286748	0.00120543
-665.94953414	0.00040624
-665.91620081	-0.00063138
-665.88286748	-0.00171200
-665.84953414	-0.00274496
-665.81620081	-0.00359570
-665.78286748	-0.00411879
-665.74953414	-0.00437818
-665.71620081	-0.00441554
-665.68286748	-0.00428908
-665.64953415	-0.00418127
-665.61620081	-0.00406094
-665.58286748	-0.00406845
-665.54953415	-0.00418322
-665.51620081	-0.00433147
-665.48286748	-0.00448667
-665.44953415	-0.00454080
-665.41620081	-0.00436508
-665.38286748	-0.00401471
-665.34953415	-0.00345104
-665.31620081	-0.00277314
-665.28286748	-0.00202889
-665.24953415	-0.00128266
-665.21620082	-0.00067400
-665.18286748	-0.00008642
-665.14953415	0.00024301
-665.11620082	0.00054112
-665.08286748	0.00059242
-665.04953415	0.00050723
-665.01620082	0.00023570
-664.98286748	-0.00014329
-664.94953415	-0.00077497
-664.91620082	-0.00157041
-664.88286748	-0.00252642
-664.84953415	-0.00354346
-664.81620082	-0.00460727
-664.78286749	-0.00564854
-664.74953415	-0.00640826
-664.71620082	-0.00697077
-664.68286749	-0.00723684
-664.64953415	-0.00716144
-664.61620082	-0.00675676
-664.58286749	-0.00607896
-664.54953415	-0.00511643
-664.51620082	-0.00406281
-664.48286749	-0.00304434
-664.44953416	-0.00212439
-664.41620082	-0.00126767
-664.38286749	-0.00065543
-664.34953416	-0.00019650
-664.31620082	0.00004185
-664.28286749	0.00004700
-664.24953416	-0.00003070
-664.21620082	-0.00027091
-664.18286749	-0.00063689
-664.14953416	-0.00115824
-664.11620082	-0.00170949
-664.08286749	-0.00245870
-664.04953416	-0.00332671
-664.01620083	-0.00423556
-663.98286749	-0.00518178
-663.94953416	-0.00599406
-663.91620083	-0.00662942
-663.88286749	-0.00691753
-663.84953416	-0.00696015
-663.81620083	-0.00662790
-663.78286749	-0.00600681
-663.74953416	-0.00518392
-663.71620083	-0.00418068
-663.68286749	-0.00319475
-663.64953416	-0.00226819
-663.61620083	-0.00143301
-663.58286750	-0.00074289
-663.54953416	-0.00012103
-663.51620083	0.00026114
-663.48286750	0.00050999
-663.44953416	0.00068337
-663.41620083	0.00060538
-663.38286750	0.00042272
-663.34953416	0.00000251
-663.31620083	-0.00056736
-663.28286750	-0.00140356
-663.24953416	-0.00226881
-663.21620083	-0.00335164
-663.18286750	-0.00434466
-663.14953417	-0.00544310
-663.11620083	-0.00641022
-663.08286750	-0.00732940
-663.04953417	-0.00816245
-663.01620083	-0.00884938
-662.98286750	-0.00952496
-662.94953417	-0.01011156
-662.91620083	-0.01065656
-662.88286750	-0.01098463
-662.84953417	-0.01132323
-662.81620083	-0.01151129
-662.78286750	-0.01161905
-662.74953417	-0.01152283
-662.71620084	-0.01146277
-662.68286750	-0.01124885
-662.64953417	-0.01113000
-662.61620084	-0.01098802
-662.58286750	-0.01080163
-662.54953417	-0.01067278
-662.51620084	-0.01042716
-662.48286750	-0.01020231
-662.44953417	-0.00986338
-662.41620084	-0.00941024
-662.38286751	-0.00881692
-662.34953417	-0.00792091
-662.31620084	-0.00696105
-662.28286751	-0.00578835
-662.24953417	-0.00458184
-662.21620084	-0.00328422
-662.18286751	-0.00203900
-662.14953417	-0.00094957
-662.11620084	0.00003789
-662.08286751	0.00087209
-662.04953417	0.00152023
-662.01620084	0.00198375
-661.98286751	0.00223502
-661.94953418	0.00224939
-661.91620084	0.00193368
-661.88286751	0.00133991
-661.84953418	0.00043234
-661.81620084	-0.00087425
-661.78286751	-0.00239720
-661.74953418	-0.00405726
-661.71620084	-0.00577806
-661.68286751	-0.00735230
-661.64953418	-0.00858661
-661.61620084	-0.00938160
-661.58286751	-0.00956025
-661.54953418	-0.00926202
-661.51620085	-0.00848272
-661.48286751	-0.00733672
-661.44953418	-0.00594455
-661.41620085	-0.00452902
-661.38286751	-0.00325437
-661.34953418	-0.00210680
-661.31620085	-0.00112856
-661.28286751	-0.00033812
-661.24953418	0.00025742
-661.21620085	0.00084683
-661.18286751	0.00142034
-661.14953418	0.00192851
-661.11620085	0.00254213
-661.08286752	0.00308629
-661.04953418	0.00374927
-661.01620085	0.00435094
-660.98286752	0.00486322
-660.94953418	0.00529399
-660.91620085	0.00575939
-660.88286752	0.00625294
-660.84953418	0.00666643
-660.81620085	0.00710089
-660.78286752	0.00746976
-660.74953418	0.00775475
-660.71620085	0.00791267
-660.68286752	0.00783428
-660.64953419	0.00748250
-660.61620085	0.00690871
-660.58286752	0.00607971
-660.54953419	0.00509239
-660.51620085	0.00399570
-660.48286752	0.00282505
-660.44953419	0.00171593
-660.41620085	0.00084367
-660.38286752	0.00015208
-660.34953419	-0.00033736
-660.31620086	-0.00061914
-660.28286752	-0.00053289
-660.24953419	-0.00027217
-660.21620086	0.00014638
-660.18286752	0.00054793
-660.14953419	0.00100476
-660.11620086	0.00132011
-660.08286752	0.00149910
-660.04953419	0.00147876
-660.01620086	0.00109635
-659.98286752	0.00047297
-659.94953419	-0.00036810
-659.91620086	-0.00151402
-659.88286753	-0.00269110
-659.84953419	-0.00389354
-659.81620086	-0.00509855
-659.78286753	-0.00624375
-659.74953419	-0.00726210
-659.71620086	-0.00815602
-659.68286753	-0.00891647
-659.64953419	-0.00957797
-659.61620086	-0.01018975
-659.58286753	-0.01071285
-659.54953419	-0.01108144
-659.51620086	-0.01126999
-659.48286753	-0.01129403
-659.44953420	-0.01113460
-659.41620086	-0.01061345
-659.38286753	-0.00987490
-659.34953420	-0.00895212
-659.31620086	-0.00789004
-659.28286753	-0.00671617
-659.24953420	-0.00553141
-659.21620086	-0.00451301
-659.18286753	-0.00355636
-659.14953420	-0.00281495
-659.11620086	-0.00228429
-659.08286753	-0.00178537
-659.04953420	-0.00147844
-659.01620087	-0.00122561
-658.98286753	-0.00100636
-658.94953420	-0.00078547
-658.91620087	-0.00062600
-658.88286753	-0.00042192
-658.84953420	-0.00035008
-658.81620087	-0.00023131
-658.78286753	-0.00027239
-658.74953420	-0.00031201
-658.71620087	-0.00057169
-658.68286753	-0.00083065
-658.64953420	-0.00111988
-658.61620087	-0.00145191
-658.58286754	-0.00171974
-658.54953420	-0.00191189
-658.51620087	-0.00206050
-658.48286754	-0.00200435
-658.44953420	-0.00189348
-658.41620087	-0.00168757
-658.38286754	-0.00138304
-658.34953420	-0.00104681
-658.31620087	-0.00077218
-658.28286754	-0.00050157
-658.24953421	-0.00028438
-658.21620087	-0.00026092
-658.18286754	-0.00031826
-658.14953421	-0.00057934
-658.11620087	-0.00103988
-658.08286754	-0.00156205
-658.04953421	-0.00216816
-658.01620087	-0.00285640
-657.98286754	-0.00359150
-657.94953421	-0.00425835
-657.91620087	-0.00482927
-657.88286754	-0.00532310
-657.84953421	-0.00558292
-657.81620088	-0.00586481
-657.78286754	-0.00604532
-657.74953421	-0.00616830
-657.71620088	-0.00628750
-657.68286754	-0.00643785
-657.64953421	-0.00662549
-657.61620088	-0.00686850
-657.58286754	-0.00705102
-657.54953421	-0.00714852
-657.51620088	-0.00719807
-657.48286754	-0.00693730
-657.44953421	-0.00662020
-657.41620088	-0.00602539
-657.38286755	-0.00525155
-657.34953421	-0.00439362
-657.31620088	-0.00351464
-657.28286755	-0.00258671
-657.24953421	-0.00165213
-657.21620088	-0.00095621
-657.18286755	-0.00043839
-657.14953421	-0.00001406
-657.11620088	0.00012062
-657.08286755	0.00009682
-657.04953421	-0.00004069
-657.01620088	-0.00039388
-656.98286755	-0.00079037
-656.94953422	-0.00141478
-656.91620088	-0.00206713
-656.88286755	-0.00280127
-656.84953422	-0.00346947
-656.81620088	-0.00415168
-656.78286755	-0.00475507
-656.74953422	-0.00512663
-656.71620088	-0.00546888
-656.68286755	-0.00549646
-656.64953422	-0.00523944
-656.61620088	-0.00496921
-656.58286755	-0.00442076
-656.54953422	-0.00390043
-656.51620089	-0.00333307
-656.48286755	-0.00284916
-656.44953422	-0.00259870
-656.41620089	-0.00248147
-656.38286755	-0.00250412
-656.34953422	-0.00280030
-656.31620089	-0.00325381
-656.28286755	-0.00373757
-656.24953422	-0.00420323
-656.21620089	-0.00456758
-656.18286756	-0.00487688
-656.14953422	-0.00500711
-656.11620089	-0.00502824
-656.08286756	-0.00485042
-656.04953422	-0.00466707
-656.01620089	-0.00433409
-655.98286756	-0.00401132
-655.94953422	-0.00356891
-655.91620089	-0.00312233
-655.88286756	-0.00280118
-655.84953422	-0.00247917
-655.81620089	-0.00222245
-655.78286756	-0.00202878
-655.74953423	-0.00193768
-655.71620089	-0.00175325
-655.68286756	-0.00167746
-655.64953423	-0.00153591
-655.61620089	-0.00126917
-655.58286756	-0.00085102
-655.54953423	-0.00023406
-655.51620089	0.00046064
-655.48286756	0.00128112
-655.44953423	0.00232591
-655.41620089	0.00334777
-655.38286756	0.00443690
-655.34953423	0.00546537
-655.31620090	0.00645393
-655.28286756	0.00738270
-655.24953423	0.00812112
-655.21620090	0.00886721
-655.18286756	0.00932094
-655.14953423	0.00969723
-655.11620090	0.00985029
-655.08286756	0.00975516
-655.04953423	0.00946891
-655.01620090	0.00900878
-654.98286756	0.00825270
-654.94953423	0.00732519
-654.91620090	0.00627883
-654.88286757	0.00508194
-654.84953423	0.00401119
-654.81620090	0.00294707
-654.78286757	0.00205419
-654.74953423	0.00122302
-654.71620090	0.00065459
-654.68286757	0.00025241
-654.64953423	0.00000542
-654.61620090	-0.00014219
-654.58286757	-0.00019589
-654.54953423	-0.00026366
-654.51620090	-0.00030782
-654.48286757	-0.00032650
-654.44953424	-0.00035206
-654.41620090	-0.00033395
-654.38286757	-0.00013886
-654.34953424	0.00001499
-654.31620090	0.00029000
-654.28286757	0.00055562
-654.24953424	0.00081231
-654.21620090	0.00102591
-654.18286757	0.00122320
-654.14953424	0.00124453
-654.11620090	0.00107161
-654.08286757	0.00082501
-654.04953424	0.00026910
-654.01620091	-0.00041506
-653.98286757	-0.00124200
-653.94953424	-0.00222285
-653.91620091	-0.00339341
-653.88286757	-0.00454380
-653.84953424	-0.00572971
-653.81620091	-0.00689583
-653.78286757	-0.00794373
-653.74953424	-0.00877510
-653.71620091	-0.00940372
-653.68286758	-0.00985314
-653.64953424	-0.01013527
-653.61620091	-0.01039002
-653.58286758	-0.01049218
-653.54953424	-0.01076131
-653.51620091	-0.01121629
-653.48286758	-0.01170915
-653.44953424	-0.01238048
-653.41620091	-0.01313504
-653.38286758	-0.01395945
-653.34953424	-0.01472183
-653.31620091	-0.01516906
-653.28286758	-0.01554988
-653.24953425	-0.01574590
-653.21620091	-0.01571150
-653.18286758	-0.01550502
-653.14953425	-0.01516329
-653.11620091	-0.01475467
-653.08286758	-0.01428305
-653.04953425	-0.01381041
-653.01620091	-0.01324917
-652.98286758	-0.01279132
-652.94953425	-0.01226063
-652.91620091	-0.01170982
-652.88286758	-0.01123908
-652.84953425	-0.01078067
-652.81620092	-0.01045250
-652.78286758	-0.01022233
-652.74953425	-0.01001461
-652.71620092	-0.00983332
-652.68286758	-0.00969469
-652.64953425	-0.00951293
-652.61620092	-0.00919499
-652.58286758	-0.00874545
-652.54953425	-0.00810293
-652.51620092	-0.00735893
-652.48286758	-0.00643269
-652.44953425	-0.00564741
-652.41620092	-0.00476021
-652.38286759	-0.00386802
-652.34953425	-0.00313009
-652.31620092	-0.00251508
-652.28286759	-0.00209721
-652.24953425	-0.00171744
-652.21620092	-0.00161565
-652.18286759	-0.00150654
-652.14953425	-0.00146010
-652.11620092	-0.00144602
-652.08286759	-0.00135534
-652.04953425	-0.00119978
-652.01620092	-0.00095619
-651.98286759	-0.00058741
-651.94953426	-0.00005565
-651.91620092	0.00056652
-651.88286759	0.00138528
-651.84953426	0.00219212
-651.81620092	0.00310048
-651.78286759	0.00392136
-651.74953426	0.00452360
-651.71620092	0.00508338
-651.68286759	0.00540058
-651.64953426	0.00558779
-651.61620093	0.00565375
-651.58286759	0.00575111
-651.54953426	0.00575146
-651.51620093	0.00586145
-651.48286759	0.00607423
-651.44953426	0.00634876
-651.41620093	0.00667659
-651.38286759	0.00695549
-651.34953426	0.00720428
-651.31620093	0.00717418
-651.28286759	0.00702304
-651.24953426	0.00657690
-651.21620093	0.00584551
-651.18286760	0.00511705
-651.14953426	0.00424329
-651.11620093	0.00337327
-651.08286760	0.00267700
-651.04953426	0.00213274
-651.01620093	0.00194257
-650.98286760	0.00190285
-650.94953426	0.00215942
-650.91620093	0.00253873
-650.88286760	0.00301867
-650.84953426	0.00357880
-650.81620093	0.00407780
-650.78286760	0.00455878
-650.74953427	0.00496915
-650.71620093	0.00527424
-650.68286760	0.00555461
-650.64953427	0.00567492
-650.61620093	0.00568841
-650.58286760	0.00555990
-650.54953427	0.00526589
-650.51620093	0.00466611
-650.48286760	0.00395433
-650.44953427	0.00298103
-650.41620093	0.00186440
-650.38286760	0.00072161
-650.34953427	-0.00038412
-650.31620094	-0.00146022
-650.28286760	-0.00235677
-650.24953427	-0.00309415
-650.21620094	-0.00358739
-650.18286760	-0.00393661
-650.14953427	-0.00411385
-650.11620094	-0.00429010
-650.08286760	-0.00453322
-650.04953427	-0.00483929
-650.01620094	-0.00525761
-649.98286760	-0.00583902
-649.94953427	-0.00653646
-649.91620094	-0.00730765
-649.88286761	-0.00813086
-649.84953427	-0.00902932
-649.81620094	-0.00985210
-649.78286761	-0.01068820
-649.74953427	-0.01147642
-649.71620094	-0.01219538
-649.68286761	-0.01282685
-649.64953427	-0.01338640
-649.61620094	-0.01398443
-649.58286761	-0.01438463
-649.54953428	-0.01480938
-649.51620094	-0.01518999
-649.48286761	-0.01537377
-649.44953428	-0.01548276
-649.41620094	-0.01540664
-649.38286761	-0.01517974
-649.34953428	-0.01474096
-649.31620094	-0.01405741
-649.28286761	-0.01302814
-649.24953428	-0.01167790
-649.21620094	-0.01008764
-649.18286761	-0.00821677
-649.14953428	-0.00619028
-649.11620095	-0.00388746
-649.08286761	-0.00141309
-649.04953428	0.00118210
-649.01620095	0.00387055
-648.98286761	0.00642870
-648.94953428	0.00882270
-648.91620095	0.01095014
-648.88286761	0.01285659
-648.84953428	0.01413628
-648.81620095	0.01484165
-648.78286761	0.01490599
-648.74953428	0.01424909
-648.71620095	0.01295669
-648.68286762	0.01105042
-648.64953428	0.00864846
-648.61620095	0.00589015
-648.58286762	0.00276103
-648.54953428	-0.00029842
-648.51620095	-0.00323500
-648.48286762	-0.00597536
-648.44953428	-0.00821338
-648.41620095	-0.00994587
-648.38286762	-0.01113631
-648.34953428	-0.01161648
-648.31620095	-0.01149342
-648.28286762	-0.01066445
-648.24953429	-0.00920650
-648.21620095	-0.00739398
-648.18286762	-0.00525364
-648.14953429	-0.00289348
-648.11620095	-0.00051934
-648.08286762	0.00184164
-648.04953429	0.00408282
-648.01620095	0.00605636
-647.98286762	0.00772444
-647.94953429	0.00904029
-647.91620095	0.00995465
-647.88286762	0.01035525
-647.84953429	0.01031396
-647.81620096	0.00989057
-647.78286762	0.00896711
-647.74953429	0.00772205
-647.71620096	0.00607697
-647.68286762	0.00442155
-647.64953429	0.00251969
-647.61620096	0.00072025
-647.58286762	-0.00090367
-647.54953429	-0.00244958
-647.51620096	-0.00379366
-647.48286763	-0.00471471
-647.44953429	-0.00541328
-647.41620096	-0.00574720
-647.38286763	-0.00561705
-647.34953429	-0.00525523
-647.31620096	-0.00449806
-647.28286763	-0.00338903
-647.24953429	-0.00215762
-647.21620096	-0.00088216
-647.18286763	0.00044315
-647.14953429	0.00164429
-647.11620096	0.00254952
-647.08286763	0.00319983
-647.04953430	0.00345441
-647.01620096	0.00340390
-646.98286763	0.00296685
-646.94953430	0.00223935
-646.91620096	0.00122592
-646.88286763	0.00011722
-646.84953430	-0.00117481
-646.81620096	-0.00238153
-646.78286763	-0.00358048
-646.74953430	-0.00464956
-646.71620096	-0.00550218
-646.68286763	-0.00611528
-646.64953430	-0.00646599
-646.61620097	-0.00652699
-646.58286763	-0.00630793
-646.54953430	-0.00583959
-646.51620097	-0.00514215
-646.48286763	-0.00419475
-646.44953430	-0.00315707
-646.41620097	-0.00219132
-646.38286763	-0.00115209
-646.34953430	-0.00032278
-646.31620097	0.00038515
-646.28286763	0.00091409
-646.24953430	0.00136873
-646.21620097	0.00162402
-646.18286764	0.00171245
-646.14953430	0.00167525
-646.11620097	0.00162006
-646.08286764	0.00145604
-646.04953430	0.00113046
-646.01620097	0.00062468
-645.98286764	-0.00000208
-645.94953430	-0.00085452
-645.91620097	-0.00186171
-645.88286764	-0.00305137
-645.84953430	-0.00437452
-645.81620097	-0.00567622
-645.78286764	-0.00680886
-645.74953431	-0.00784573
-645.71620097	-0.00860141
-645.68286764	-0.00898301
-645.64953431	-0.00906567
-645.61620097	-0.00887606
-645.58286764	-0.00837770
-645.54953431	-0.00758137
-645.51620097	-0.00656254
-645.48286764	-0.00554980
-645.44953431	-0.00448943
-645.41620098	-0.00336847
-645.38286764	-0.00229915
-645.34953431	-0.00127879
-645.31620098	-0.00046451
-645.28286764	0.00010415
-645.24953431	0.00053598
-645.21620098	0.00065404
-645.18286764	0.00041701
-645.14953431	-0.00018768
-645.11620098	-0.00101725
-645.08286764	-0.00202815
-645.04953431	-0.00324114
-645.01620098	-0.00441114
-644.98286765	-0.00557658
-644.94953431	-0.00652735
-644.91620098	-0.00727223
-644.88286765	-0.00782269
-644.84953431	-0.00822458
-644.81620098	-0.00829586
-644.78286765	-0.00828844
-644.74953431	-0.00802844
-644.71620098	-0.00773177
-644.68286765	-0.00741868
-644.64953431	-0.00702298
-644.61620098	-0.00667604
-644.58286765	-0.00629962
-644.54953432	-0.00593994
-644.51620098	-0.00571452
-644.48286765	-0.00547481
-644.44953432	-0.00536056
-644.41620098	-0.00537617
-644.38286765	-0.00550173
-644.34953432	-0.00578134
-644.31620098	-0.00615736
-644.28286765	-0.00663541
-644.24953432	-0.00731547
-644.21620098	-0.00804438
-644.18286765	-0.00885138
-644.14953432	-0.00966422
-644.11620099	-0.01068784
-644.08286765	-0.01148046
-644.04953432	-0.01226467
-644.01620099	-0.01281784
-643.98286765	-0.01302919
-643.94953432	-0.01300870
-643.91620099	-0.01258847
-643.88286765	-0.01200383
-643.84953432	-0.01102492
-643.81620099	-0.00989154
-643.78286765	-0.00859038
-643.74953432	-0.00727648
-643.71620099	-0.00584359
-643.68286766	-0.00439777
-643.64953432	-0.00303223
-643.61620099	-0.00160855
-643.58286766	-0.00016174
-643.54953432	0.00131684
-643.51620099	0.00282920
-643.48286766	0.00416240
-643.44953432	0.00551413
-643.41620099	0.00677269
-643.38286766	0.00772894
-643.34953433	0.00853738
-643.31620099	0.00905106
-643.28286766	0.00946925
-643.24953433	0.00963876
-643.21620099	0.00970266
-643.18286766	0.00974288
-643.14953433	0.00970340
-643.11620099	0.00966579
-643.08286766	0.00958633
-643.04953433	0.00943885
-643.01620099	0.00918909
-642.98286766	0.00869136
-642.94953433	0.00803465
-642.91620100	0.00719155
-642.88286766	0.00613460
-642.84953433	0.00477107
-642.81620100	0.00323919
-642.78286766	0.00158189
-642.74953433	-0.00009104
-642.71620100	-0.00182083
-642.68286766	-0.00342925
-642.64953433	-0.00488484
-642.61620100	-0.00623801
-642.58286766	-0.00748127
-642.54953433	-0.00850617
-642.51620100	-0.00943102
-642.48286767	-0.01027065
-642.44953433	-0.01098689
-642.41620100	-0.01168635
-642.38286767	-0.01226805
-642.34953433	-0.01269351
-642.31620100	-0.01295491
-642.28286767	-0.01299225
-642.24953433	-0.01288243
-642.21620100	-0.01246001
-642.18286767	-0.01185406
-642.14953433	-0.01097012
-642.11620100	-0.00989368
-642.08286767	-0.00867226
-642.04953434	-0.00739575
-642.01620100	-0.00605062
-641.98286767	-0.00471308
-641.94953434	-0.00332985
-641.91620100	-0.00204924
-641.88286767	-0.00084664
-641.84953434	0.00025714
-641.81620100	0.00124908
-641.78286767	0.00208907
-641.74953434	0.00282433
-641.71620100	0.00332566
-641.68286767	0.00368301
-641.64953434	0.00388107
-641.61620101	0.00389223
-641.58286767	0.00376296
-641.54953434	0.00345778
-641.51620101	0.00307567
-641.48286767	0.00252286
-641.44953434	0.00196052
-641.41620101	0.00138340
-641.38286767	0.00078774
-641.34953434	0.00025236
-641.31620101	-0.00024647
-641.28286768	-0.00066686
-641.24953434	-0.00097420
-641.21620101	-0.00124429
-641.18286768	-0.00141235
-641.14953434	-0.00151163
-641.11620101	-0.00155145
-641.08286768	-0.00155206
-641.04953434	-0.00152093
-641.01620101	-0.00144028
-640.98286768	-0.00134123
-640.94953434	-0.00122205
-640.91620101	-0.00107271
-640.88286768	-0.00093908
-640.84953435	-0.00079505
-640.81620101	-0.00067481
-640.78286768	-0.00056098
-640.74953435	-0.00045611
-640.71620101	-0.00039126
-640.68286768	-0.00034033
-640.64953435	-0.00030504
-640.61620101	-0.00028192
-640.58286768	-0.00027511
-640.54953435	-0.00027126
-640.51620101	-0.00026796
-640.48286768	-0.00026310
-640.44953435	-0.00025282
-640.41620102	-0.00023537
-640.38286768	-0.00021427
-640.34953435	-0.00019029
-640.31620102	-0.00016272
-640.28286768	-0.00013311
-640.24953435	-0.00010509
-640.21620102	-0.00007787
-640.18286768	-0.00005478
-640.14953435	-0.00003506
-640.11620102	-0.00002003
-640.08286768	-0.00000925
-640.04953435	-0.00000308
-640.01620102	-0.00000045
-639.98286769	0.00000000
