# Menlo Systems GmbH ScanControl
# Program Version 1.7.0+git.a90605a3
# Start: -699.10000000 ps, Average over 1000 waveforms. Timestamp: 2023-10-24T15:37:11
# Window type: Tukey, parameters: alpha = 0.1
# User time axis shift: 0 ps
# Time axis offset: 0 ps
# Time [ps]	THz Signal [a.u.]
-699.14953505	0.00000000
-699.11620181	0.00000288
-699.08286857	0.00001139
-699.04953533	0.00002516
-699.01620210	0.00004335
-698.98286886	0.00006480
-698.94953562	0.00008706
-698.91620239	0.00010957
-698.88286915	0.00012586
-698.84953591	0.00013700
-698.81620267	0.00013396
-698.78286944	0.00011729
-698.74953620	0.00007498
-698.71620296	0.00001561
-698.68286972	-0.00007808
-698.64953649	-0.00019855
-698.61620325	-0.00035419
-698.58287001	-0.00054197
-698.54953678	-0.00074104
-698.51620354	-0.00095445
-698.48287030	-0.00116927
-698.44953706	-0.00134071
-698.41620383	-0.00147824
-698.38287059	-0.00152574
-698.34953735	-0.00147573
-698.31620411	-0.00131626
-698.28287088	-0.00098211
-698.24953764	-0.00056508
-698.21620440	0.00004484
-698.18287117	0.00077594
-698.14953793	0.00162616
-698.11620469	0.00254354
-698.08287145	0.00353364
-698.04953822	0.00454440
-698.01620498	0.00551689
-697.98287174	0.00638108
-697.94953850	0.00710807
-697.91620527	0.00764208
-697.88287203	0.00796236
-697.84953879	0.00809039
-697.81620555	0.00796798
-697.78287232	0.00768585
-697.74953908	0.00721146
-697.71620584	0.00665719
-697.68287261	0.00608700
-697.64953937	0.00547013
-697.61620613	0.00490072
-697.58287289	0.00438828
-697.54953966	0.00406116
-697.51620642	0.00393069
-697.48287318	0.00399579
-697.44953994	0.00416417
-697.41620671	0.00447583
-697.38287347	0.00470358
-697.34954023	0.00508499
-697.31620700	0.00536412
-697.28287376	0.00567048
-697.24954052	0.00590919
-697.21620728	0.00602627
-697.18287405	0.00606519
-697.14954081	0.00614727
-697.11620757	0.00607294
-697.08287433	0.00598776
-697.04954110	0.00590712
-697.01620786	0.00571074
-696.98287462	0.00560071
-696.94954139	0.00571280
-696.91620815	0.00579164
-696.88287491	0.00608488
-696.84954167	0.00651973
-696.81620844	0.00695945
-696.78287520	0.00752232
-696.74954196	0.00821022
-696.71620872	0.00880701
-696.68287549	0.00943650
-696.64954225	0.00997806
-696.61620901	0.01048252
-696.58287578	0.01073707
-696.54954254	0.01087887
-696.51620930	0.01061222
-696.48287606	0.01020950
-696.44954283	0.00956552
-696.41620959	0.00874734
-696.38287635	0.00784160
-696.34954311	0.00697419
-696.31620988	0.00610719
-696.28287664	0.00539345
-696.24954340	0.00511340
-696.21621017	0.00500803
-696.18287693	0.00488628
-696.14954369	0.00533010
-696.11621045	0.00590021
-696.08287722	0.00667566
-696.04954398	0.00774860
-696.01621074	0.00882402
-695.98287750	0.00996340
-695.94954427	0.01109573
-695.91621103	0.01200998
-695.88287779	0.01251364
-695.84954456	0.01288260
-695.81621132	0.01279660
-695.78287808	0.01236947
-695.74954484	0.01189410
-695.71621161	0.01104869
-695.68287837	0.01000344
-695.64954513	0.00891636
-695.61621189	0.00786838
-695.58287866	0.00686912
-695.54954542	0.00599412
-695.51621218	0.00547162
-695.48287895	0.00492507
-695.44954571	0.00487098
-695.41621247	0.00498069
-695.38287923	0.00521608
-695.34954600	0.00576152
-695.31621276	0.00652552
-695.28287952	0.00729859
-695.24954628	0.00835740
-695.21621305	0.00929359
-695.18287981	0.01028254
-695.14954657	0.01143760
-695.11621334	0.01251044
-695.08288010	0.01354160
-695.04954686	0.01421833
-695.01621362	0.01483056
-694.98288039	0.01536742
-694.94954715	0.01572940
-694.91621391	0.01592024
-694.88288067	0.01626460
-694.84954744	0.01621089
-694.81621420	0.01611796
-694.78288096	0.01597981
-694.74954773	0.01555684
-694.71621449	0.01514194
-694.68288125	0.01452075
-694.64954801	0.01359732
-694.61621478	0.01276059
-694.58288154	0.01199960
-694.54954830	0.01120031
-694.51621506	0.01040096
-694.48288183	0.00965927
-694.44954859	0.00915609
-694.41621535	0.00866905
-694.38288212	0.00838830
-694.34954888	0.00803568
-694.31621564	0.00781327
-694.28288240	0.00779038
-694.24954917	0.00780940
-694.21621593	0.00766514
-694.18288269	0.00732388
-694.14954945	0.00656795
-694.11621622	0.00605132
-694.08288298	0.00523040
-694.04954974	0.00444266
-694.01621651	0.00372935
-693.98288327	0.00295095
-693.94955003	0.00228155
-693.91621679	0.00180088
-693.88288356	0.00151577
-693.84955032	0.00151424
-693.81621708	0.00188653
-693.78288384	0.00254928
-693.74955061	0.00356224
-693.71621737	0.00467736
-693.68288413	0.00573660
-693.64955090	0.00726124
-693.61621766	0.00847962
-693.58288442	0.01008081
-693.54955118	0.01118499
-693.51621795	0.01226003
-693.48288471	0.01315002
-693.44955147	0.01376345
-693.41621823	0.01413627
-693.38288500	0.01420271
-693.34955176	0.01401272
-693.31621852	0.01374474
-693.28288528	0.01335156
-693.24955205	0.01297770
-693.21621881	0.01240602
-693.18288557	0.01201659
-693.14955234	0.01180745
-693.11621910	0.01153911
-693.08288586	0.01112670
-693.04955262	0.01092339
-693.01621939	0.01055374
-692.98288615	0.01026782
-692.94955291	0.00985908
-692.91621967	0.00953813
-692.88288644	0.00927049
-692.84955320	0.00920418
-692.81621996	0.00890523
-692.78288673	0.00876367
-692.74955349	0.00835027
-692.71622025	0.00801552
-692.68288701	0.00756221
-692.64955378	0.00736103
-692.61622054	0.00705260
-692.58288730	0.00684964
-692.54955406	0.00666790
-692.51622083	0.00652543
-692.48288759	0.00638146
-692.44955435	0.00646938
-692.41622112	0.00667200
-692.38288788	0.00685696
-692.34955464	0.00727457
-692.31622140	0.00760205
-692.28288817	0.00832534
-692.24955493	0.00859923
-692.21622169	0.00903219
-692.18288845	0.00933663
-692.14955522	0.00953027
-692.11622198	0.00966480
-692.08288874	0.00985704
-692.04955551	0.00983630
-692.01622227	0.00978386
-691.98288903	0.00961616
-691.94955579	0.00933937
-691.91622256	0.00902096
-691.88288932	0.00892527
-691.84955608	0.00870039
-691.81622284	0.00833526
-691.78288961	0.00799052
-691.74955637	0.00776250
-691.71622313	0.00752955
-691.68288990	0.00754780
-691.64955666	0.00746706
-691.61622342	0.00751342
-691.58289018	0.00760862
-691.54955695	0.00780562
-691.51622371	0.00787746
-691.48289047	0.00799094
-691.44955723	0.00817934
-691.41622400	0.00847193
-691.38289076	0.00878772
-691.34955752	0.00915307
-691.31622429	0.00955748
-691.28289105	0.00977521
-691.24955781	0.00991204
-691.21622457	0.00999238
-691.18289134	0.00974461
-691.14955810	0.00950487
-691.11622486	0.00920756
-691.08289162	0.00891130
-691.04955839	0.00853255
-691.01622515	0.00828854
-690.98289191	0.00791845
-690.94955868	0.00762495
-690.91622544	0.00733921
-690.88289220	0.00698857
-690.84955896	0.00688026
-690.81622573	0.00698491
-690.78289249	0.00718228
-690.74955925	0.00724480
-690.71622601	0.00754724
-690.68289278	0.00773800
-690.64955954	0.00828316
-690.61622630	0.00875754
-690.58289307	0.00932473
-690.54955983	0.00985170
-690.51622659	0.01033981
-690.48289335	0.01087720
-690.44956012	0.01128978
-690.41622688	0.01157119
-690.38289364	0.01185074
-690.34956040	0.01194905
-690.31622717	0.01192045
-690.28289393	0.01184710
-690.24956069	0.01166913
-690.21622746	0.01132829
-690.18289422	0.01087166
-690.14956098	0.01050422
-690.11622774	0.01012273
-690.08289451	0.00972005
-690.04956127	0.00941750
-690.01622803	0.00926869
-689.98289479	0.00912647
-689.94956156	0.00889185
-689.91622832	0.00872485
-689.88289508	0.00834566
-689.84956185	0.00783965
-689.81622861	0.00737365
-689.78289537	0.00677771
-689.74956213	0.00577433
-689.71622890	0.00463346
-689.68289566	0.00340593
-689.64956242	0.00189799
-689.61622918	0.00027420
-689.58289595	-0.00168417
-689.54956271	-0.00361515
-689.51622947	-0.00568291
-689.48289624	-0.00750647
-689.44956300	-0.00928319
-689.41622976	-0.01083112
-689.38289652	-0.01186870
-689.34956329	-0.01253098
-689.31623005	-0.01219011
-689.28289681	-0.01114776
-689.24956357	-0.00898827
-689.21623034	-0.00589946
-689.18289710	-0.00224325
-689.14956386	0.00217369
-689.11623063	0.00699617
-689.08289739	0.01184039
-689.04956415	0.01611625
-689.01623091	0.01999829
-688.98289768	0.02295245
-688.94956444	0.02503514
-688.91623120	0.02617228
-688.88289796	0.02646447
-688.84956473	0.02563563
-688.81623149	0.02419372
-688.78289825	0.02257037
-688.74956501	0.02033359
-688.71623178	0.01842025
-688.68289854	0.01654052
-688.64956530	0.01517368
-688.61623207	0.01395540
-688.58289883	0.01316690
-688.54956559	0.01290019
-688.51623235	0.01289177
-688.48289912	0.01291257
-688.44956588	0.01335466
-688.41623264	0.01414521
-688.38289940	0.01501193
-688.34956617	0.01598608
-688.31623293	0.01731158
-688.28289969	0.01866802
-688.24956646	0.01997032
-688.21623322	0.02154658
-688.18289998	0.02294249
-688.14956674	0.02438729
-688.11623351	0.02590198
-688.08290027	0.02753775
-688.04956703	0.02917009
-688.01623379	0.03112314
-687.98290056	0.03327884
-687.94956732	0.03564275
-687.91623408	0.03836551
-687.88290085	0.04137440
-687.84956761	0.04506388
-687.81623437	0.04899533
-687.78290113	0.05366586
-687.74956790	0.05907897
-687.71623466	0.06495044
-687.68290142	0.07135193
-687.64956818	0.07847277
-687.61623495	0.08569323
-687.58290171	0.09325056
-687.54956847	0.10103265
-687.51623524	0.10888244
-687.48290200	0.11697477
-687.44956876	0.12517701
-687.41623552	0.13370584
-687.38290229	0.14253153
-687.34956905	0.15195264
-687.31623581	0.16200167
-687.28290257	0.17299813
-687.24956934	0.18510454
-687.21623610	0.19873871
-687.18290286	0.21384584
-687.14956963	0.23076569
-687.11623639	0.24967061
-687.08290315	0.27025484
-687.04956991	0.29252109
-687.01623668	0.31654796
-686.98290344	0.34205919
-686.94957020	0.36909056
-686.91623696	0.39720436
-686.88290373	0.42607376
-686.84957049	0.45559699
-686.81623725	0.48504681
-686.78290402	0.51370097
-686.74957078	0.54041893
-686.71623754	0.56346698
-686.68290430	0.58121749
-686.64957107	0.59118677
-686.61623783	0.59087501
-686.58290459	0.57711004
-686.54957135	0.54670985
-686.51623812	0.49613508
-686.48290488	0.42240709
-686.44957164	0.32236085
-686.41623841	0.19295157
-686.38290517	0.03245995
-686.34957193	-0.16037234
-686.31623869	-0.38682471
-686.28290546	-0.64699904
-686.24957222	-0.94108188
-686.21623898	-1.26777464
-686.18290574	-1.62547033
-686.14957251	-2.01015494
-686.11623927	-2.41517033
-686.08290603	-2.82964228
-686.04957280	-3.23776544
-686.01623956	-3.61822645
-685.98290632	-3.94376274
-685.94957308	-4.18384010
-685.91623985	-4.30678036
-685.88290661	-4.28436013
-685.84957337	-4.09804414
-685.81624013	-3.74245785
-685.78290690	-3.22894095
-685.74957366	-2.58499060
-685.71624042	-1.85027532
-685.68290719	-1.07184331
-685.64957395	-0.29509985
-685.61624071	0.43948012
-685.58290747	1.10022054
-685.54957424	1.66446400
-685.51624100	2.11739675
-685.48290776	2.45112806
-685.44957452	2.66397406
-685.41624129	2.76066987
-685.38290805	2.75205820
-685.34957481	2.65464460
-685.31624158	2.48884856
-685.28290834	2.27600754
-685.24957510	2.03556458
-685.21624186	1.78283644
-685.18290863	1.52950615
-685.14957539	1.28251577
-685.11624215	1.04663781
-685.08290891	0.82673445
-685.04957568	0.62804379
-685.01624244	0.45611680
-684.98290920	0.31505578
-684.94957597	0.20600794
-684.91624273	0.12684872
-684.88290949	0.07223218
-684.84957625	0.03519321
-684.81624302	0.00903099
-684.78290978	-0.01203684
-684.74957654	-0.03240554
-684.71624330	-0.05511149
-684.68291007	-0.08168750
-684.64957683	-0.11247353
-684.61624359	-0.14676556
-684.58291036	-0.18265431
-684.54957712	-0.21669521
-684.51624388	-0.24440649
-684.48291064	-0.26053690
-684.44957741	-0.25914146
-684.41624417	-0.23431801
-684.38291093	-0.18188187
-684.34957769	-0.10110191
-684.31624446	0.00496791
-684.28291122	0.12957069
-684.24957798	0.26189800
-684.21624474	0.38994017
-684.18291151	0.50097101
-684.14957827	0.58469341
-684.11624503	0.63236309
-684.08291180	0.63875788
-684.04957856	0.60155241
-684.01624532	0.52106976
-683.98291208	0.40058871
-683.94957885	0.24611347
-683.91624561	0.06769562
-683.88291237	-0.12053721
-683.84957913	-0.30113848
-683.81624590	-0.45567614
-683.78291266	-0.56861958
-683.74957942	-0.62998892
-683.71624619	-0.63730777
-683.68291295	-0.59526936
-683.64957971	-0.51392635
-683.61624647	-0.40536983
-683.58291324	-0.28274394
-683.54958000	-0.15763525
-683.51624676	-0.03973200
-683.48291352	0.06438360
-683.44958029	0.15020758
-683.41624705	0.21571014
-683.38291381	0.25981203
-683.34958058	0.28294400
-683.31624734	0.28646977
-683.28291410	0.27267727
-683.24958086	0.24508028
-683.21624763	0.20783402
-683.18291439	0.16492269
-683.14958115	0.11890053
-683.11624791	0.07138471
-683.08291468	0.02288236
-683.04958144	-0.02561991
-683.01624820	-0.07297752
-682.98291497	-0.11583302
-682.94958173	-0.15089228
-682.91624849	-0.17631823
-682.88291525	-0.19242384
-682.84958202	-0.20139656
-682.81624878	-0.20647792
-682.78291554	-0.20903969
-682.74958230	-0.20863639
-682.71624907	-0.20351534
-682.68291583	-0.19002539
-682.64958259	-0.16547687
-682.61624936	-0.12813592
-682.58291612	-0.07773889
-682.54958288	-0.01615441
-682.51624964	0.05371825
-682.48291641	0.12772274
-682.44958317	0.20176113
-682.41624993	0.27184182
-682.38291669	0.33418982
-682.34958346	0.38551725
-682.31625022	0.42190710
-682.28291698	0.43972218
-682.24958375	0.43493340
-682.21625051	0.40488829
-682.18291727	0.34852500
-682.14958403	0.26779859
-682.11625080	0.16728878
-682.08291756	0.05499788
-682.04958432	-0.05851989
-682.01625108	-0.16270278
-681.98291785	-0.24770241
-681.94958461	-0.30693450
-681.91625137	-0.33698566
-681.88291814	-0.33676928
-681.84958490	-0.30749166
-681.81625166	-0.25250115
-681.78291842	-0.17765378
-681.74958519	-0.09204088
-681.71625195	-0.00748876
-681.68291871	0.06354104
-681.64958547	0.11103900
-681.61625224	0.12935817
-681.58291900	0.11768763
-681.54958576	0.08102700
-681.51625253	0.02608382
-681.48291929	-0.03998252
-681.44958605	-0.11030173
-681.41625281	-0.17837750
-681.38291958	-0.23860590
-681.34958634	-0.28602953
-681.31625310	-0.31654203
-681.28291986	-0.32877315
-681.24958663	-0.32408426
-681.21625339	-0.30479868
-681.18292015	-0.27350180
-681.14958692	-0.23258052
-681.11625368	-0.18311374
-681.08292044	-0.12637492
-681.04958720	-0.06449666
-681.01625397	-0.00077191
-680.98292073	0.06234841
-680.94958749	0.12122159
-680.91625425	0.17266031
-680.88292102	0.21404735
-680.84958778	0.24207885
-680.81625454	0.25400641
-680.78292131	0.24879755
-680.74958807	0.22829282
-680.71625483	0.19769163
-680.68292159	0.16451546
-680.64958836	0.13605971
-680.61625512	0.11797315
-680.58292188	0.11104239
-680.54958864	0.11134357
-680.51625541	0.11265486
-680.48292217	0.10872336
-680.44958893	0.09630114
-680.41625570	0.07647809
-680.38292246	0.05263797
-680.34958922	0.02895389
-680.31625598	0.00755026
-680.28292275	-0.01198120
-680.24958951	-0.03071664
-680.21625627	-0.05011317
-680.18292303	-0.06902129
-680.14958980	-0.08661298
-680.11625656	-0.10289757
-680.08292332	-0.11866600
-680.04959009	-0.13564222
-680.01625685	-0.15531378
-679.98292361	-0.17665324
-679.94959037	-0.19644794
-679.91625714	-0.20991520
-679.88292390	-0.21283485
-679.84959066	-0.20360185
-679.81625742	-0.18296339
-679.78292419	-0.15315289
-679.74959095	-0.11643377
-679.71625771	-0.07510515
-679.68292447	-0.02999777
-679.64959124	0.01725032
-679.61625800	0.06327531
-679.58292476	0.10418943
-679.54959153	0.13648939
-679.51625829	0.15790944
-679.48292505	0.16817596
-679.44959181	0.16834610
-679.41625858	0.15958648
-679.38292534	0.14288356
-679.34959210	0.11859409
-679.31625886	0.08733303
-679.28292563	0.05066714
-679.24959239	0.01244578
-679.21625915	-0.02248683
-679.18292592	-0.04842395
-679.14959268	-0.06126241
-679.11625944	-0.05841118
-679.08292620	-0.04020526
-679.04959297	-0.01090567
-679.01625973	0.02335538
-678.98292649	0.05598468
-678.94959325	0.08198040
-678.91626002	0.09920780
-678.88292678	0.10948021
-678.84959354	0.11598214
-678.81626031	0.12222524
-678.78292707	0.12940878
-678.74959383	0.13585875
-678.71626059	0.13932883
-678.68292736	0.13711744
-678.64959412	0.12898724
-678.61626088	0.11615592
-678.58292764	0.10069229
-678.54959441	0.08413906
-678.51626117	0.06629246
-678.48292793	0.04613938
-678.44959470	0.02306256
-678.41626146	-0.00259087
-678.38292822	-0.02849329
-678.34959498	-0.05210012
-678.31626175	-0.07019101
-678.28292851	-0.08119651
-678.24959527	-0.08549375
-678.21626203	-0.08343184
-678.18292880	-0.07613409
-678.14959556	-0.06341214
-678.11626232	-0.04522915
-678.08292909	-0.02223594
-678.04959585	0.00402325
-678.01626261	0.03003286
-677.98292937	0.05122086
-677.94959614	0.06375557
-677.91626290	0.06641772
-677.88292966	0.05953633
-677.84959642	0.04515035
-677.81626319	0.02475367
-677.78292995	-0.00035333
-677.74959671	-0.02947397
-677.71626348	-0.06145355
-677.68293024	-0.09373452
-677.64959700	-0.12345668
-677.61626376	-0.14767644
-677.58293053	-0.16532945
-677.54959729	-0.17592991
-677.51626405	-0.18181677
-677.48293081	-0.18433717
-677.44959758	-0.18492885
-677.41626434	-0.18323980
-677.38293110	-0.17846957
-677.34959787	-0.16913980
-677.31626463	-0.15445107
-677.28293139	-0.13445725
-677.24959815	-0.10948414
-677.21626492	-0.07936086
-677.18293168	-0.04390561
-677.14959844	-0.00351031
-677.11626520	0.04093457
-677.08293197	0.08675181
-677.04959873	0.13102358
-677.01626549	0.17128977
-676.98293226	0.20587935
-676.94959902	0.23333067
-676.91626578	0.25300705
-676.88293254	0.26437786
-676.84959931	0.26847140
-676.81626607	0.26640556
-676.78293283	0.26111962
-676.74959959	0.25507737
-676.71626636	0.24960173
-676.68293312	0.24260692
-676.64959988	0.23101367
-676.61626665	0.20937614
-676.58293341	0.17384955
-676.54960017	0.12277656
-676.51626693	0.05777387
-676.48293370	-0.01629180
-676.44960046	-0.09318343
-676.41626722	-0.16608531
-676.38293398	-0.22981830
-676.34960075	-0.27954423
-676.31626751	-0.31223650
-676.28293427	-0.32506601
-676.24960104	-0.31748443
-676.21626780	-0.29094339
-676.18293456	-0.24960247
-676.14960132	-0.19961800
-676.11626809	-0.14769680
-676.08293485	-0.09987400
-676.04960161	-0.05989038
-676.01626837	-0.02897967
-675.98293514	-0.00556374
-675.94960190	0.01299124
-675.91626866	0.03035280
-675.88293543	0.04947963
-675.84960219	0.07106207
-675.81626895	0.09420250
-675.78293571	0.11570856
-675.74960248	0.13236285
-675.71626924	0.14121570
-675.68293600	0.14095178
-675.64960276	0.13155738
-675.61626953	0.11515113
-675.58293629	0.09475503
-675.54960305	0.07355072
-675.51626982	0.05473929
-675.48293658	0.03990903
-675.44960334	0.02985165
-675.41627010	0.02374503
-675.38293687	0.02039124
-675.34960363	0.01917325
-675.31627039	0.01972510
-675.28293715	0.02278918
-675.24960392	0.02951787
-675.21627068	0.04112226
-675.18293744	0.05686883
-675.14960420	0.07576818
-675.11627097	0.09521658
-675.08293773	0.11269264
-675.04960449	0.12650520
-675.01627126	0.13570900
-674.98293802	0.13993153
-674.94960478	0.13914469
-674.91627154	0.13323792
-674.88293831	0.12239930
-674.84960507	0.10690870
-674.81627183	0.08776496
-674.78293859	0.06599886
-674.74960536	0.04292743
-674.71627212	0.01874691
-674.68293888	-0.00698824
-674.64960565	-0.03464358
-674.61627241	-0.06380628
-674.58293917	-0.09298915
-674.54960593	-0.12017403
-674.51627270	-0.14325610
-674.48293946	-0.16122715
-674.44960622	-0.17438971
-674.41627298	-0.18418620
-674.38293975	-0.19162612
-674.34960651	-0.19636655
-674.31627327	-0.19683362
-674.28294004	-0.18970465
-674.24960680	-0.17258300
-674.21627356	-0.14426957
-674.18294032	-0.10579774
-674.14960709	-0.06017307
-674.11627385	-0.01062619
-674.08294061	0.04097911
-674.04960737	0.09314443
-674.01627414	0.14540314
-673.98294090	0.19579141
-673.94960766	0.24186502
-673.91627443	0.27988058
-673.88294119	0.30559479
-673.84960795	0.31670059
-673.81627471	0.31132708
-673.78294148	0.29000620
-673.74960824	0.25371878
-673.71627500	0.20435674
-673.68294176	0.14391623
-673.64960853	0.07497723
-673.61627529	0.00037933
-673.58294205	-0.07567024
-673.54960882	-0.14773324
-673.51627558	-0.20864860
-673.48294234	-0.25197523
-673.44960910	-0.27253991
-673.41627587	-0.26804757
-673.38294263	-0.23957839
-673.34960939	-0.19069183
-673.31627615	-0.12626579
-673.28294292	-0.05214561
-673.24960968	0.02575949
-673.21627644	0.10182107
-673.18294321	0.17026606
-673.14960997	0.22561771
-673.11627673	0.26358850
-673.08294349	0.28125213
-673.04961026	0.27707523
-673.01627702	0.25208543
-672.98294378	0.20946300
-672.94961054	0.15344749
-672.91627731	0.09046869
-672.88294407	0.02563885
-672.84961083	-0.03657653
-672.81627760	-0.09272477
-672.78294436	-0.14031678
-672.74961112	-0.17721162
-672.71627788	-0.20105868
-672.68294465	-0.21023853
-672.64961141	-0.20447613
-672.61627817	-0.18545073
-672.58294493	-0.15670077
-672.54961170	-0.12174852
-672.51627846	-0.08459036
-672.48294522	-0.04804147
-672.44961199	-0.01384337
-672.41627875	0.01582435
-672.38294551	0.03938698
-672.34961227	0.05507794
-672.31627904	0.06218907
-672.28294580	0.06206577
-672.24961256	0.05782619
-672.21627932	0.05372706
-672.18294609	0.05371088
-672.14961285	0.05940723
-672.11627961	0.06944087
-672.08294638	0.08029264
-672.04961314	0.08804136
-672.01627990	0.08927791
-671.98294666	0.08248188
-671.94961343	0.06756455
-671.91628019	0.04638274
-671.88294695	0.02065129
-671.84961371	-0.00713058
-671.81628048	-0.03445201
-671.78294724	-0.05857733
-671.74961400	-0.07726657
-671.71628077	-0.08799078
-671.68294753	-0.08886025
-671.64961429	-0.07837043
-671.61628105	-0.05648194
-671.58294782	-0.02422269
-671.54961458	0.01597969
-671.51628134	0.06127749
-671.48294810	0.10851784
-671.44961487	0.15451055
-671.41628163	0.19584497
-671.38294839	0.22890198
-671.34961516	0.25026544
-671.31628192	0.25670457
-671.28294868	0.24543722
-671.24961544	0.21522752
-671.21628221	0.16722186
-671.18294897	0.10546227
-671.14961573	0.03674859
-671.11628249	-0.03055927
-671.08294926	-0.08935237
-671.04961602	-0.13382561
-671.01628278	-0.16297565
-670.98294955	-0.17885064
-670.94961631	-0.18495211
-670.91628307	-0.18534780
-670.88294983	-0.18399288
-670.84961660	-0.18342647
-670.81628336	-0.18526937
-670.78295012	-0.18953704
-670.74961688	-0.19432026
-670.71628365	-0.19522943
-670.68295041	-0.18721914
-670.64961717	-0.16659570
-670.61628393	-0.13120515
-670.58295070	-0.08303133
-670.54961746	-0.02652831
-670.51628422	0.03311205
-670.48295099	0.08984864
-670.44961775	0.13963209
-670.41628451	0.17929255
-670.38295127	0.20756370
-670.34961804	0.22426086
-670.31628480	0.22952535
-670.28295156	0.22319681
-670.24961832	0.20496861
-670.21628509	0.17467294
-670.18295185	0.13320964
-670.14961861	0.08316910
-670.11628538	0.02875956
-670.08295214	-0.02493796
-670.04961890	-0.07279606
-670.01628566	-0.11029560
-669.98295243	-0.13457590
-669.94961919	-0.14400751
-669.91628595	-0.13770388
-669.88295271	-0.11644312
-669.84961948	-0.08138253
-669.81628624	-0.03460033
-669.78295300	0.02095880
-669.74961977	0.08186270
-669.71628653	0.14398675
-669.68295329	0.20210129
-669.64962005	0.25006292
-669.61628682	0.28224117
-669.58295358	0.29339539
-669.54962034	0.28146622
-669.51628710	0.24641365
-669.48295387	0.19198697
-669.44962063	0.12330532
-669.41628739	0.04766736
-669.38295416	-0.02841987
-669.34962092	-0.09924599
-669.31628768	-0.16104831
-669.28295444	-0.21118517
-669.24962121	-0.24853650
-669.21628797	-0.27289533
-669.18295473	-0.28474147
-669.14962149	-0.28511025
-669.11628826	-0.27534865
-669.08295502	-0.25719781
-669.04962178	-0.23100950
-669.01628855	-0.19693031
-668.98295531	-0.15409309
-668.94962207	-0.10203805
-668.91628883	-0.04224417
-668.88295560	0.02219652
-668.84962236	0.08621961
-668.81628912	0.14404496
-668.78295588	0.19092291
-668.74962265	0.22362530
-668.71628941	0.24061663
-668.68295617	0.24185660
-668.64962294	0.22827955
-668.61628970	0.20153722
-668.58295646	0.16418270
-668.54962322	0.11888525
-668.51628999	0.07003552
-668.48295675	0.02198546
-668.44962351	-0.02008280
-668.41629027	-0.05223527
-668.38295704	-0.07209675
-668.34962380	-0.08036582
-668.31629056	-0.07857403
-668.28295733	-0.07009023
-668.24962409	-0.05811147
-668.21629085	-0.04561058
-668.18295761	-0.03382151
-668.14962438	-0.02371084
-668.11629114	-0.01534410
-668.08295790	-0.00845629
-668.04962466	-0.00280707
-668.01629143	0.00232521
-667.98295819	0.00841499
-667.94962495	0.01670127
-667.91629172	0.02819646
-667.88295848	0.04286215
-667.84962524	0.06020663
-667.81629200	0.07908701
-667.78295877	0.09777531
-667.74962553	0.11403866
-667.71629229	0.12584695
-667.68295905	0.13042215
-667.64962582	0.12616916
-667.61629258	0.11202057
-667.58295934	0.08879143
-667.54962611	0.05830969
-667.51629287	0.02384920
-667.48295963	-0.01126297
-667.44962639	-0.04428897
-667.41629316	-0.07326071
-667.38295992	-0.09694806
-667.34962668	-0.11469287
-667.31629344	-0.12558068
-667.28296021	-0.12882755
-667.24962697	-0.12362806
-667.21629373	-0.11023539
-667.18296050	-0.09007074
-667.14962726	-0.06587709
-667.11629402	-0.04028989
-667.08296078	-0.01529470
-667.04962755	0.00705684
-667.01629431	0.02623880
-666.98296107	0.04134447
-666.94962783	0.05211169
-666.91629460	0.05830165
-666.88296136	0.05986197
-666.84962812	0.05754342
-666.81629489	0.05255411
-666.78296165	0.04572560
-666.74962841	0.03767925
-666.71629517	0.02896911
-666.68296194	0.01973584
-666.64962870	0.01014967
-666.61629546	-0.00015099
-666.58296222	-0.01035848
-666.54962899	-0.02006365
-666.51629575	-0.02781339
-666.48296251	-0.03265287
-666.44962927	-0.03294784
-666.41629604	-0.02781753
-666.38296280	-0.01685217
-666.34962956	-0.00025166
-666.31629633	0.02106391
-666.28296309	0.04570846
-666.24962985	0.07164307
-666.21629661	0.09641799
-666.18296338	0.11836606
-666.14963014	0.13585453
-666.11629690	0.14802390
-666.08296366	0.15420893
-666.04963043	0.15365636
-666.01629719	0.14597618
-665.98296395	0.13096272
-665.94963072	0.10931953
-665.91629748	0.08249743
-665.88296424	0.05303931
-665.84963100	0.02286458
-665.81629777	-0.00624123
-665.78296453	-0.03312084
-665.74963129	-0.05662499
-665.71629805	-0.07575363
-665.68296482	-0.08994139
-665.64963158	-0.09827545
-665.61629834	-0.10059064
-665.58296511	-0.09691648
-665.54963187	-0.08837495
-665.51629863	-0.07710082
-665.48296539	-0.06514903
-665.44963216	-0.05472810
-665.41629892	-0.04719213
-665.38296568	-0.04210796
-665.34963244	-0.03843743
-665.31629921	-0.03412009
-665.28296597	-0.02822240
-665.24963273	-0.02064956
-665.21629950	-0.01263550
-665.18296626	-0.00628419
-665.14963302	-0.00360774
-665.11629978	-0.00560766
-665.08296655	-0.01174235
-665.04963331	-0.02056997
-665.01630007	-0.02963843
-664.98296683	-0.03683314
-664.94963360	-0.04030727
-664.91630036	-0.03855912
-664.88296712	-0.03080832
-664.84963389	-0.01681479
-664.81630065	0.00382307
-664.78296741	0.03059542
-664.74963417	0.06164944
-664.71630094	0.09483920
-664.68296770	0.12672663
-664.64963446	0.15411175
-664.61630122	0.17443210
-664.58296799	0.18586841
-664.54963475	0.18818339
-664.51630151	0.18133372
-664.48296828	0.16610912
-664.44963504	0.14319122
-664.41630180	0.11307864
-664.38296856	0.07704996
-664.34963533	0.03722353
-664.31630209	-0.00438686
-664.28296885	-0.04417048
-664.24963561	-0.07914073
-664.21630238	-0.10586334
-664.18296914	-0.12155801
-664.14963590	-0.12500950
-664.11630267	-0.11679594
-664.08296943	-0.09922087
-664.04963619	-0.07569566
-664.01630295	-0.04982377
-663.98296972	-0.02472779
-663.94963648	-0.00325469
-663.91630324	0.01337249
-663.88297000	0.02402233
-663.84963677	0.02829530
-663.81630353	0.02664440
-663.78297029	0.01991605
-663.74963706	0.00932467
-663.71630382	-0.00332251
-663.68297058	-0.01607620
-663.64963734	-0.02747747
-663.61630411	-0.03600664
-663.58297087	-0.04007906
-663.54963763	-0.03907796
-663.51630439	-0.03312255
-663.48297116	-0.02329290
-663.44963792	-0.01045006
-663.41630468	0.00382308
-663.38297145	0.01801120
-663.34963821	0.03022780
-663.31630497	0.03914385
-663.28297173	0.04326044
-663.24963850	0.04210768
-663.21630526	0.03632660
-663.18297202	0.02660862
-663.14963878	0.01497327
-663.11630555	0.00340147
-663.08297231	-0.00648095
-663.04963907	-0.01323718
-663.01630584	-0.01553991
-662.98297260	-0.01287435
-662.94963936	-0.00612920
-662.91630612	0.00415679
-662.88297289	0.01676275
-662.84963965	0.03049178
-662.81630641	0.04413289
-662.78297317	0.05759426
-662.74963994	0.06978362
-662.71630670	0.07987240
-662.68297346	0.08692685
-662.64964023	0.08998735
-662.61630699	0.08877236
-662.58297375	0.08290283
-662.54964051	0.07332663
-662.51630728	0.06042591
-662.48297404	0.04496303
-662.44964080	0.02807500
-662.41630756	0.01026170
-662.38297433	-0.00712781
-662.34964109	-0.02357470
-662.31630785	-0.03732279
-662.28297462	-0.04698430
-662.24964138	-0.05098189
-662.21630814	-0.04855229
-662.18297490	-0.03991107
-662.14964167	-0.02607323
-662.11630843	-0.00873698
-662.08297519	0.00940676
-662.04964195	0.02625187
-662.01630872	0.03959568
-661.98297548	0.04834448
-661.94964224	0.05252342
-661.91630900	0.05275448
-661.88297577	0.04934436
-661.84964253	0.04312509
-661.81630929	0.03426379
-661.78297606	0.02212156
-661.74964282	0.00691398
-661.71630958	-0.01042330
-661.68297634	-0.02855428
-661.64964311	-0.04577542
-661.61630987	-0.06004722
-661.58297663	-0.07140200
-661.54964339	-0.07938224
-661.51631016	-0.08396965
-661.48297692	-0.08546810
-661.44964368	-0.08281954
-661.41631045	-0.07631479
-661.38297721	-0.06559522
-661.34964397	-0.05094354
-661.31631073	-0.03344563
-661.28297750	-0.01371869
-661.24964426	0.00654705
-661.21631102	0.02653329
-661.18297778	0.04442986
-661.14964455	0.06013596
-661.11631131	0.07334992
-661.08297807	0.08430631
-661.04964484	0.09437630
-661.01631160	0.10412704
-660.98297836	0.11388555
-660.94964512	0.12303312
-660.91631189	0.12910536
-660.88297865	0.13013627
-660.84964541	0.12439110
-660.81631217	0.11106326
-660.78297894	0.09019826
-660.74964570	0.06362023
-660.71631246	0.03360892
-660.68297923	0.00297024
-660.64964599	-0.02523795
-660.61631275	-0.04803062
-660.58297951	-0.06255323
-660.54964628	-0.06640535
-660.51631304	-0.05903449
-660.48297980	-0.04085522
-660.44964656	-0.01461076
-660.41631333	0.01568187
-660.38298009	0.04537924
-660.34964685	0.06967224
-660.31631362	0.08489113
-660.28298038	0.08873637
-660.24964714	0.08072387
-660.21631390	0.06160348
-660.18298067	0.03316873
-660.14964743	-0.00197323
-660.11631419	-0.04004937
-660.08298095	-0.07744562
-660.04964772	-0.11005868
-660.01631448	-0.13438494
-659.98298124	-0.14739529
-659.94964801	-0.14819585
-659.91631477	-0.13781961
-659.88298153	-0.11821950
-659.84964829	-0.09311460
-659.81631506	-0.06581003
-659.78298182	-0.03880894
-659.74964858	-0.01395713
-659.71631534	0.00808273
-659.68298211	0.02678318
-659.64964887	0.04292738
-659.61631563	0.05680768
-659.58298240	0.06900027
-659.54964916	0.07993151
-659.51631592	0.09008352
-659.48298268	0.09962060
-659.44964945	0.10816200
-659.41631621	0.11519857
-659.38298297	0.11987229
-659.34964973	0.12151455
-659.31631650	0.11958207
-659.28298326	0.11434384
-659.24965002	0.10615332
-659.21631679	0.09564998
-659.18298355	0.08345119
-659.14965031	0.07086471
-659.11631707	0.05796157
-659.08298384	0.04545205
-659.04965060	0.03306121
-659.01631736	0.02081193
-658.98298412	0.00795420
-658.94965089	-0.00556091
-658.91631765	-0.01971036
-658.88298441	-0.03343323
-658.84965118	-0.04556229
-658.81631794	-0.05476518
-658.78298470	-0.05992854
-658.74965146	-0.06053116
-658.71631823	-0.05610338
-658.68298499	-0.04718658
-658.64965175	-0.03413872
-658.61631851	-0.01762404
-658.58298528	0.00111980
-658.54965204	0.02044072
-658.51631880	0.03890931
-658.48298557	0.05454759
-658.44965233	0.06543447
-658.41631909	0.06993258
-658.38298585	0.06742361
-658.34965262	0.05818231
-658.31631938	0.04343979
-658.28298614	0.02525158
-658.24965290	0.00589610
-658.21631967	-0.01274298
-658.18298643	-0.02957398
-658.14965319	-0.04361407
-658.11631996	-0.05438536
-658.08298672	-0.06193740
-658.04965348	-0.06610223
-658.01632024	-0.06700284
-657.98298701	-0.06492829
-657.94965377	-0.05941171
-657.91632053	-0.05066023
-657.88298729	-0.03890540
-657.84965406	-0.02396986
-657.81632082	-0.00601919
-657.78298758	0.01423700
-657.74965435	0.03591755
-657.71632111	0.05815135
-657.68298787	0.07933620
-657.64965463	0.09779673
-657.61632140	0.11240937
-657.58298816	0.12164390
-657.54965492	0.12453186
-657.51632168	0.12045105
-657.48298845	0.10885818
-657.44965521	0.09040569
-657.41632197	0.06626574
-657.38298873	0.03879617
-657.34965550	0.01100348
-657.31632226	-0.01455476
-657.28298902	-0.03565262
-657.24965579	-0.05088245
-657.21632255	-0.05994372
-657.18298931	-0.06271264
-657.14965607	-0.05956127
-657.11632284	-0.05115194
-657.08298960	-0.03839619
-657.04965636	-0.02256871
-657.01632312	-0.00558469
-656.98298989	0.01089382
-656.94965665	0.02539554
-656.91632341	0.03753386
-656.88299018	0.04715458
-656.84965694	0.05463561
-656.81632370	0.06053955
-656.78299046	0.06493701
-656.74965723	0.06755737
-656.71632399	0.06802298
-656.68299075	0.06546213
-656.64965751	0.05906637
-656.61632428	0.04813702
-656.58299104	0.03314439
-656.54965780	0.01521690
-656.51632457	-0.00416856
-656.48299133	-0.02261605
-656.44965809	-0.03942238
-656.41632485	-0.05377272
-656.38299162	-0.06559032
-656.34965838	-0.07485936
-656.31632514	-0.08193144
-656.28299190	-0.08637767
-656.24965867	-0.08758456
-656.21632543	-0.08508182
-656.18299219	-0.07896618
-656.14965896	-0.06988622
-656.11632572	-0.05848919
-656.08299248	-0.04580273
-656.04965924	-0.03188854
-656.01632601	-0.01770930
-655.98299277	-0.00371093
-655.94965953	0.00947182
-655.91632629	0.02061477
-655.88299306	0.02881932
-655.84965982	0.03309084
-655.81632658	0.03369532
-655.78299335	0.03114262
-655.74966011	0.02737427
-655.71632687	0.02428497
-655.68299363	0.02359052
-655.64966040	0.02615277
-655.61632716	0.03237691
-655.58299392	0.04191677
-655.54966068	0.05344061
-655.51632745	0.06566098
-655.48299421	0.07716900
-655.44966097	0.08640925
-655.41632774	0.09257607
-655.38299450	0.09440923
-655.34966126	0.09123051
-655.31632802	0.08220449
-655.28299479	0.06753419
-655.24966155	0.04804406
-655.21632831	0.02555933
-655.18299507	0.00220714
-655.14966184	-0.01972427
-655.11632860	-0.03847147
-655.08299536	-0.05325957
-655.04966213	-0.06353553
-655.01632889	-0.06924513
-654.98299565	-0.07045362
-654.94966241	-0.06727534
-654.91632918	-0.06028799
-654.88299594	-0.05095600
-654.84966270	-0.04064176
-654.81632946	-0.03101271
-654.78299623	-0.02358788
-654.74966299	-0.01873137
-654.71632975	-0.01648153
-654.68299652	-0.01605888
-654.64966328	-0.01675516
-654.61633004	-0.01784051
-654.58299680	-0.01897779
-654.54966357	-0.01977603
-654.51633033	-0.01970973
-654.48299709	-0.01801962
-654.44966385	-0.01428982
-654.41633062	-0.00818667
-654.38299738	0.00021119
-654.34966414	0.00987253
-654.31633091	0.02008981
-654.28299767	0.03024295
-654.24966443	0.03976729
-654.21633119	0.04838714
-654.18299796	0.05567591
-654.14966472	0.06194788
-654.11633148	0.06615818
-654.08299824	0.06865121
-654.04966501	0.06918100
-654.01633177	0.06826993
-653.98299853	0.06626392
-653.94966530	0.06335707
-653.91633206	0.06042962
-653.88299882	0.05777961
-653.84966558	0.05599514
-653.81633235	0.05534611
-653.78299911	0.05631599
-653.74966587	0.05897026
-653.71633263	0.06323358
-653.68299940	0.06839362
-653.64966616	0.07284590
-653.61633292	0.07538998
-653.58299969	0.07412619
-653.54966645	0.06837553
-653.51633321	0.05732697
-653.48299997	0.04207797
-653.44966674	0.02385585
-653.41633350	0.00447601
-653.38300026	-0.01386016
-653.34966702	-0.02971335
-653.31633379	-0.04161254
-653.28300055	-0.04937225
-653.24966731	-0.05276196
-653.21633408	-0.05259239
-653.18300084	-0.04920082
-653.14966760	-0.04363231
-653.11633436	-0.03709574
-653.08300113	-0.03060310
-653.04966789	-0.02543973
-653.01633465	-0.02252795
-652.98300141	-0.02189382
-652.94966818	-0.02273247
-652.91633494	-0.02430644
-652.88300170	-0.02513329
-652.84966846	-0.02378620
-652.81633523	-0.01891615
-652.78300199	-0.01024024
-652.74966875	0.00242048
-652.71633552	0.01823179
-652.68300228	0.03532261
-652.64966904	0.05140492
-652.61633580	0.06414013
-652.58300257	0.07143675
-652.54966933	0.07183745
-652.51633609	0.06452872
-652.48300285	0.04976169
-652.44966962	0.02827160
-652.41633638	0.00216408
-652.38300314	-0.02562365
-652.34966991	-0.05108143
-652.31633667	-0.07028444
-652.28300343	-0.08059728
-652.24967019	-0.08045399
-652.21633696	-0.07010336
-652.18300372	-0.05164705
-652.14967048	-0.02725811
-652.11633724	0.00043225
-652.08300401	0.02891147
-652.04967077	0.05568338
-652.01633753	0.07927250
-651.98300430	0.09700879
-651.94967106	0.10816311
-651.91633782	0.11176177
-651.88300458	0.10842287
-651.84967135	0.09907396
-651.81633811	0.08552330
-651.78300487	0.06922876
-651.74967163	0.05199118
-651.71633840	0.03450008
-651.68300516	0.01693574
-651.64967192	0.00004613
-651.61633869	-0.01536465
-651.58300545	-0.02813625
-651.54967221	-0.03696620
-651.51633897	-0.04113275
-651.48300574	-0.03980509
-651.44967250	-0.03301962
-651.41633926	-0.02179826
-651.38300602	-0.00732688
-651.34967279	0.00858627
-651.31633955	0.02381967
-651.28300631	0.03651351
-651.24967308	0.04501276
-651.21633984	0.04829379
-651.18300660	0.04619697
-651.14967336	0.03895430
-651.11634013	0.02802927
-651.08300689	0.01487633
-651.04967365	0.00134159
-651.01634041	-0.01117036
-650.98300718	-0.02217170
-650.94967394	-0.03176580
-650.91634070	-0.04031277
-650.88300747	-0.04796088
-650.84967423	-0.05452007
-650.81634099	-0.05938168
-650.78300775	-0.06210105
-650.74967452	-0.06237423
-650.71634128	-0.06058759
-650.68300804	-0.05690778
-650.64967480	-0.05175824
-650.61634157	-0.04530980
-650.58300833	-0.03702952
-650.54967509	-0.02704887
-650.51634186	-0.01478847
-650.48300862	0.00031128
-650.44967538	0.01797155
-650.41634214	0.03788677
-650.38300891	0.05925261
-650.34967567	0.07993744
-650.31634243	0.09869094
-650.28300919	0.11322233
-650.24967596	0.12251319
-650.21634272	0.12567623
-650.18300948	0.12289916
-650.14967625	0.11451187
-650.11634301	0.10130473
-650.08300977	0.08386646
-650.04967653	0.06309774
-650.01634330	0.04000810
-649.98301006	0.01611683
-649.94967682	-0.00654399
-649.91634358	-0.02652491
-649.88301035	-0.04252887
-649.84967711	-0.05428226
-649.81634387	-0.06189907
-649.78301064	-0.06496749
-649.74967740	-0.06337942
-649.71634416	-0.05698875
-649.68301092	-0.04590461
-649.64967769	-0.03092124
-649.61634445	-0.01455910
-649.58301121	0.00117757
-649.54967797	0.01334636
-649.51634474	0.02041184
-649.48301150	0.02145297
-649.44967826	0.01661079
-649.41634503	0.00740225
-649.38301179	-0.00482387
-649.34967855	-0.01742555
-649.31634531	-0.02887222
-649.28301208	-0.03740103
-649.24967884	-0.04183823
-649.21634560	-0.04217805
-649.18301236	-0.03856138
-649.14967913	-0.03185573
-649.11634589	-0.02374670
-649.08301265	-0.01577114
-649.04967942	-0.00925588
-649.01634618	-0.00508017
-648.98301294	-0.00353041
-648.94967970	-0.00375769
-648.91634647	-0.00486013
-648.88301323	-0.00577715
-648.84967999	-0.00526467
-648.81634675	-0.00290183
-648.78301352	0.00224725
-648.74968028	0.00983325
-648.71634704	0.02037499
-648.68301381	0.03313491
-648.64968057	0.04820833
-648.61634733	0.06478223
-648.58301409	0.08165864
-648.54968086	0.09783335
-648.51634762	0.11191912
-648.48301438	0.12242781
-648.44968114	0.12856609
-648.41634791	0.13001158
-648.38301467	0.12622121
-648.34968143	0.11722601
-648.31634819	0.10275927
-648.28301496	0.08347651
-648.24968172	0.06055921
-648.21634848	0.03541507
-648.18301525	0.01033011
-648.14968201	-0.01262228
-648.11634877	-0.03201145
-648.08301553	-0.04630233
-648.04968230	-0.05517931
-648.01634906	-0.05823165
-647.98301582	-0.05581337
-647.94968258	-0.04869336
-647.91634935	-0.03750098
-647.88301611	-0.02329633
-647.84968287	-0.00716651
-647.81634964	0.00959174
-647.78301640	0.02577073
-647.74968316	0.04027836
-647.71634992	0.05253448
-647.68301669	0.06126459
-647.64968345	0.06641608
-647.61635021	0.06778681
-647.58301697	0.06532345
-647.54968374	0.05989659
-647.51635050	0.05195667
-647.48301726	0.04305682
-647.44968403	0.03429541
-647.41635079	0.02699678
-647.38301755	0.02165935
-647.34968431	0.01810099
-647.31635108	0.01607647
-647.28301784	0.01495443
-647.24968460	0.01331043
-647.21635136	0.01113664
-647.18301813	0.00810071
-647.14968489	0.00411573
-647.11635165	0.00025535
-647.08301842	-0.00309505
-647.04968518	-0.00593272
-647.01635194	-0.00784790
-646.98301870	-0.00929561
-646.94968547	-0.01014486
-646.91635223	-0.01026604
-646.88301899	-0.00908028
-646.84968575	-0.00689839
-646.81635252	-0.00386948
-646.78301928	-0.00041767
-646.74968604	0.00249273
-646.71635281	0.00406476
-646.68301957	0.00398664
-646.64968633	0.00313068
-646.61635309	0.00243740
-646.58301986	0.00315071
-646.54968662	0.00574243
-646.51635338	0.01016217
-646.48302014	0.01552011
-646.44968691	0.02052854
-646.41635367	0.02462263
-646.38302043	0.02720866
-646.34968720	0.02870897
-646.31635396	0.02928440
-646.28302072	0.02907260
-646.24968748	0.02716225
-646.21635425	0.02299501
-646.18302101	0.01619041
-646.14968777	0.00645590
-646.11635453	-0.00526774
-646.08302130	-0.01778919
-646.04968806	-0.02984180
-646.01635482	-0.03983734
-645.98302159	-0.04696193
-645.94968835	-0.05112187
-645.91635511	-0.05269376
-645.88302187	-0.05210571
-645.84968864	-0.05035088
-645.81635540	-0.04806089
-645.78302216	-0.04568546
-645.74968892	-0.04347673
-645.71635569	-0.04138713
-645.68302245	-0.03939057
-645.64968921	-0.03751745
-645.61635598	-0.03540452
-645.58302274	-0.03251770
-645.54968950	-0.02881661
-645.51635626	-0.02423423
-645.48302303	-0.01862108
-645.44968979	-0.01275028
-645.41635655	-0.00744534
-645.38302331	-0.00353121
-645.34969008	-0.00168971
-645.31635684	-0.00216584
-645.28302360	-0.00431724
-645.24969037	-0.00736663
-645.21635713	-0.01112431
-645.18302389	-0.01522214
-645.14969065	-0.01967064
-645.11635742	-0.02415718
-645.08302418	-0.02742323
-645.04969094	-0.02855200
-645.01635770	-0.02627263
-644.98302447	-0.01977090
-644.94969123	-0.00898563
-644.91635799	0.00496679
-644.88302476	0.02109927
-644.84969152	0.03794321
-644.81635828	0.05412149
-644.78302504	0.06823536
-644.74969181	0.07929344
-644.71635857	0.08675884
-644.68302533	0.09053591
-644.64969209	0.09064020
-644.61635886	0.08738450
-644.58302562	0.08129269
-644.54969238	0.07211324
-644.51635915	0.06024734
-644.48302591	0.04642376
-644.44969267	0.03116091
-644.41635943	0.01521252
-644.38302620	-0.00011997
-644.34969296	-0.01415196
-644.31635972	-0.02580817
-644.28302648	-0.03470601
-644.24969325	-0.04105044
-644.21636001	-0.04499641
-644.18302677	-0.04678874
-644.14969354	-0.04687690
-644.11636030	-0.04531196
-644.08302706	-0.04216010
-644.04969382	-0.03738379
-644.01636059	-0.03152744
-643.98302735	-0.02461752
-643.94969411	-0.01720230
-643.91636087	-0.00919916
-643.88302764	-0.00096598
-643.84969440	0.00774613
-643.81636116	0.01717908
-643.78302792	0.02714405
-643.74969469	0.03687764
-643.71636145	0.04555671
-643.68302821	0.05200389
-643.64969498	0.05565535
-643.61636174	0.05633529
-643.58302850	0.05456242
-643.54969526	0.05105759
-643.51636203	0.04663222
-643.48302879	0.04162251
-643.44969555	0.03591510
-643.41636231	0.02964484
-643.38302908	0.02332567
-643.34969584	0.01797438
-643.31636260	0.01492884
-643.28302937	0.01483779
-643.24969613	0.01735604
-643.21636289	0.02208772
-643.18302965	0.02791543
-643.14969642	0.03367402
-643.11636318	0.03821618
-643.08302994	0.04172166
-643.04969670	0.04388249
-643.01636347	0.04495985
-642.98303023	0.04504473
-642.94969699	0.04443270
-642.91636376	0.04299299
-642.88303052	0.04131430
-642.84969728	0.03898110
-642.81636404	0.03619570
-642.78303081	0.03316121
-642.74969757	0.02973362
-642.71636433	0.02591292
-642.68303109	0.02124961
-642.64969786	0.01513211
-642.61636462	0.00702627
-642.58303138	-0.00244707
-642.54969815	-0.01287083
-642.51636491	-0.02256540
-642.48303167	-0.02978146
-642.44969843	-0.03351358
-642.41636520	-0.03297502
-642.38303196	-0.02824356
-642.34969872	-0.01946127
-642.31636548	-0.00813973
-642.28303225	0.00490126
-642.24969901	0.01835146
-642.21636577	0.03132715
-642.18303254	0.04355210
-642.14969930	0.05446020
-642.11636606	0.06329134
-642.08303282	0.06936559
-642.04969959	0.07162334
-642.01636635	0.06961904
-641.98303311	0.06300341
-641.94969987	0.05234465
-641.91636664	0.03867471
-641.88303340	0.02300459
-641.84970016	0.00660971
-641.81636693	-0.00975282
-641.78303369	-0.02516651
-641.74970045	-0.03840641
-641.71636721	-0.04849528
-641.68303398	-0.05427896
-641.64970074	-0.05454032
-641.61636750	-0.04897344
-641.58303426	-0.03768452
-641.54970103	-0.02174821
-641.51636779	-0.00286054
-641.48303455	0.01738497
-641.44970132	0.03707831
-641.41636808	0.05490269
-641.38303484	0.06961774
-641.34970160	0.08042044
-641.31636837	0.08747342
-641.28303513	0.09056406
-641.24970189	0.09031817
-641.21636865	0.08784083
-641.18303542	0.08359443
-641.14970218	0.07769523
-641.11636894	0.07043278
-641.08303571	0.06164202
-641.04970247	0.05156959
-641.01636923	0.04049303
-640.98303599	0.02934887
-640.94970276	0.01887650
-640.91636952	0.00928788
-640.88303628	0.00149265
-640.84970304	-0.00410530
-640.81636981	-0.00743993
-640.78303657	-0.00844904
-640.74970333	-0.00733336
-640.71637010	-0.00396304
-640.68303686	0.00071427
-640.64970362	0.00587140
-640.61637038	0.01117826
-640.58303715	0.01559936
-640.54970391	0.01909516
-640.51637067	0.02166861
-640.48303743	0.02335128
-640.44970420	0.02435283
-640.41637096	0.02461209
-640.38303772	0.02408001
-640.34970449	0.02304789
-640.31637125	0.02133868
-640.28303801	0.01868401
-640.24970477	0.01493497
-640.21637154	0.00965689
-640.18303830	0.00229983
-640.14970506	-0.00803641
-640.11637182	-0.02083473
-640.08303859	-0.03475897
-640.04970535	-0.04798756
-640.01637211	-0.05829594
-639.98303888	-0.06299676
-639.94970564	-0.06133380
-639.91637240	-0.05287182
-639.88303916	-0.03876886
-639.84970593	-0.02096425
-639.81637269	-0.00154546
-639.78303945	0.01800055
-639.74970621	0.03618802
-639.71637298	0.05159118
-639.68303974	0.06402594
-639.64970650	0.07334157
-639.61637326	0.07941612
-639.58304003	0.08315043
-639.54970679	0.08491210
-639.51637355	0.08497152
-639.48304032	0.08353821
-639.44970708	0.08017231
-639.41637384	0.07510018
-639.38304060	0.06860038
-639.34970737	0.06113293
-639.31637413	0.05347423
-639.28304089	0.04586925
-639.24970765	0.03868207
-639.21637442	0.03221958
-639.18304118	0.02623427
-639.14970794	0.02108338
-639.11637471	0.01640807
-639.08304147	0.01260068
-639.04970823	0.00964780
-639.01637499	0.00732539
-638.98304176	0.00537685
-638.94970852	0.00269773
-638.91637528	-0.00090944
-638.88304204	-0.00616073
-638.84970881	-0.01239106
-638.81637557	-0.01930785
-638.78304233	-0.02541329
-638.74970910	-0.03000254
-638.71637586	-0.03219560
-638.68304262	-0.03179213
-638.64970938	-0.02847885
-638.61637615	-0.02286033
-638.58304291	-0.01512725
-638.54970967	-0.00611062
-638.51637643	0.00365359
-638.48304320	0.01323704
-638.44970996	0.02156679
-638.41637672	0.02782830
-638.38304349	0.03108436
-638.34971025	0.03177402
-638.31637701	0.03028997
-638.28304377	0.02785970
-638.24971054	0.02566885
-638.21637730	0.02388664
-638.18304406	0.02318213
-638.14971082	0.02325053
-638.11637759	0.02422314
-638.08304435	0.02581348
-638.04971111	0.02784878
-638.01637788	0.02963138
-637.98304464	0.03068141
-637.94971140	0.02999946
-637.91637816	0.02738043
-637.88304493	0.02337265
-637.84971169	0.01811793
-637.81637845	0.01264093
-637.78304521	0.00697333
-637.74971198	0.00132226
-637.71637874	-0.00377453
-637.68304550	-0.00850884
-637.64971227	-0.01278783
-637.61637903	-0.01630231
-637.58304579	-0.01871900
-637.54971255	-0.02001325
-637.51637932	-0.01999337
-637.48304608	-0.01844784
-637.44971284	-0.01550839
-637.41637960	-0.01117870
-637.38304637	-0.00515380
-637.34971313	0.00200504
-637.31637989	0.00954845
-637.28304666	0.01653133
-637.24971342	0.02200136
-637.21638018	0.02498423
-637.18304694	0.02456729
-637.14971371	0.02067132
-637.11638047	0.01338545
-637.08304723	0.00316223
-637.04971399	-0.00881191
-637.01638076	-0.02104417
-636.98304752	-0.03135095
-636.94971428	-0.03918372
-636.91638105	-0.04351534
-636.88304781	-0.04442845
-636.84971457	-0.04245643
-636.81638133	-0.03858122
-636.78304810	-0.03312460
-636.74971486	-0.02623606
-636.71638162	-0.01833432
-636.68304838	-0.00946056
-636.64971515	0.00006823
-636.61638191	0.00989561
-636.58304867	0.01978884
-636.54971544	0.02942110
-636.51638220	0.03804319
-636.48304896	0.04527565
-636.44971572	0.05076174
-636.41638249	0.05397721
-636.38304925	0.05456616
-636.34971601	0.05272434
-636.31638277	0.04833482
-636.28304954	0.04196778
-636.24971630	0.03383950
-636.21638306	0.02458415
-636.18304983	0.01495726
-636.14971659	0.00525939
-636.11638335	-0.00433948
-636.08305011	-0.01358239
-636.04971688	-0.02216843
-636.01638364	-0.02961382
-635.98305040	-0.03529573
-635.94971716	-0.03859070
-635.91638393	-0.03922768
-635.88305069	-0.03678695
-635.84971745	-0.03197064
-635.81638422	-0.02537427
-635.78305098	-0.01806998
-635.74971774	-0.01050180
-635.71638450	-0.00273987
-635.68305127	0.00453902
-635.64971803	0.01196343
-635.61638479	0.01894485
-635.58305155	0.02492146
-635.54971832	0.02976787
-635.51638508	0.03244981
-635.48305184	0.03243899
-635.44971861	0.03004846
-635.41638537	0.02522363
-635.38305213	0.01809937
-635.34971889	0.00860831
-635.31638566	-0.00283296
-635.28305242	-0.01580738
-635.24971918	-0.02917092
-635.21638594	-0.04205476
-635.18305271	-0.05301055
-635.14971947	-0.06101052
-635.11638623	-0.06542414
-635.08305299	-0.06599386
-635.04971976	-0.06285807
-635.01638652	-0.05674012
-634.98305328	-0.04796379
-634.94972005	-0.03748406
-634.91638681	-0.02542768
-634.88305357	-0.01271187
-634.84972033	-0.00037527
-634.81638710	0.01110722
-634.78305386	0.02037672
-634.74972062	0.02691738
-634.71638738	0.03041979
-634.68305415	0.03107167
-634.64972091	0.02937109
-634.61638767	0.02592597
-634.58305444	0.02105675
-634.54972120	0.01557040
-634.51638796	0.00992126
-634.48305472	0.00468449
-634.44972149	0.00074111
-634.41638825	-0.00150285
-634.38305501	-0.00165447
-634.34972177	-0.00023263
-634.31638854	0.00223500
-634.28305530	0.00510317
-634.24972206	0.00795925
-634.21638883	0.01034484
-634.18305559	0.01245030
-634.14972235	0.01518097
-634.11638911	0.01882749
-634.08305588	0.02359849
-634.04972264	0.02970592
-634.01638940	0.03650368
-633.98305616	0.04342174
-633.94972293	0.04979701
-633.91638969	0.05461853
-633.88305645	0.05750052
-633.84972322	0.05789599
-633.81638998	0.05525593
-633.78305674	0.04894721
-633.74972350	0.03898398
-633.71639027	0.02577892
-633.68305703	0.01057969
-633.64972379	-0.00539105
-633.61639055	-0.02077730
-633.58305732	-0.03410329
-633.54972408	-0.04444503
-633.51639084	-0.05127300
-633.48305761	-0.05469584
-633.44972437	-0.05481744
-633.41639113	-0.05197529
-633.38305789	-0.04638698
-633.34972466	-0.03826379
-633.31639142	-0.02790482
-633.28305818	-0.01593877
-633.24972494	-0.00298735
-633.21639171	0.01036633
-633.18305847	0.02384554
-633.14972523	0.03687035
-633.11639200	0.04935265
-633.08305876	0.06078826
-633.04972552	0.07049671
-633.01639228	0.07807070
-632.98305905	0.08265393
-632.94972581	0.08361265
-632.91639257	0.08086919
-632.88305933	0.07465624
-632.84972610	0.06589962
-632.81639286	0.05538500
-632.78305962	0.04432430
-632.74972639	0.03386799
-632.71639315	0.02450610
-632.68305991	0.01656119
-632.64972667	0.00973170
-632.61639344	0.00424104
-632.58306020	-0.00010946
-632.54972696	-0.00319206
-632.51639372	-0.00513138
-632.48306049	-0.00563303
-632.44972725	-0.00492756
-632.41639401	-0.00329907
-632.38306078	-0.00076798
-632.34972754	0.00230824
-632.31639430	0.00572989
-632.28306106	0.00944308
-632.24972783	0.01347653
-632.21639459	0.01757210
-632.18306135	0.02155497
-632.14972811	0.02491870
-632.11639488	0.02695734
-632.08306164	0.02788580
-632.04972840	0.02748819
-632.01639517	0.02567924
-631.98306193	0.02276727
-631.94972869	0.01918369
-631.91639545	0.01468364
-631.88306222	0.01004166
-631.84972898	0.00544209
-631.81639574	0.00101715
-631.78306250	-0.00276982
-631.74972927	-0.00539136
-631.71639603	-0.00683816
-631.68306279	-0.00634469
-631.64972956	-0.00402977
-631.61639632	0.00066210
-631.58306308	0.00704958
-631.54972984	0.01505795
-631.51639661	0.02376614
-631.48306337	0.03231275
-631.44973013	0.03990419
-631.41639689	0.04576672
-631.38306366	0.04991375
-631.34973042	0.05145795
-631.31639718	0.05053493
-631.28306395	0.04683532
-631.24973071	0.04008746
-631.21639747	0.03097628
-631.18306423	0.01994886
-631.14973100	0.00807344
-631.11639776	-0.00328327
-631.08306452	-0.01289260
-631.04973128	-0.01992128
-631.01639805	-0.02473676
-630.98306481	-0.02725213
-630.94973157	-0.02818032
-630.91639834	-0.02828011
-630.88306510	-0.02730430
-630.84973186	-0.02578468
-630.81639862	-0.02336440
-630.78306539	-0.02001723
-630.74973215	-0.01531438
-630.71639891	-0.00925123
-630.68306567	-0.00114599
-630.64973244	0.00885908
-630.61639920	0.02086436
-630.58306596	0.03390210
-630.54973272	0.04706339
-630.51639949	0.05871804
-630.48306625	0.06734177
-630.44973301	0.07249556
-630.41639978	0.07387947
-630.38306654	0.07198048
-630.34973330	0.06768473
-630.31640006	0.06181170
-630.28306683	0.05490805
-630.24973359	0.04739708
-630.21640035	0.03975308
-630.18306711	0.03244383
-630.14973388	0.02549359
-630.11640064	0.01919898
-630.08306740	0.01410600
-630.04973417	0.00947869
-630.01640093	0.00561912
-629.98306769	0.00230344
-629.94973445	-0.00053723
-629.91640122	-0.00268267
-629.88306798	-0.00373158
-629.84973474	-0.00356470
-629.81640150	-0.00189946
-629.78306827	0.00064954
-629.74973503	0.00365873
-629.71640179	0.00614659
-629.68306856	0.00784092
-629.64973532	0.00775444
-629.61640208	0.00542925
-629.58306884	0.00096088
-629.54973561	-0.00554835
-629.51640237	-0.01383577
-629.48306913	-0.02274587
-629.44973589	-0.03098881
-629.41640266	-0.03775444
-629.38306942	-0.04208346
-629.34973618	-0.04332936
-629.31640295	-0.04161304
-629.28306971	-0.03732217
-629.24973647	-0.03045728
-629.21640323	-0.02242913
-629.18307000	-0.01326994
-629.14973676	-0.00346262
-629.11640352	0.00615143
-629.08307028	0.01560339
-629.04973705	0.02479338
-629.01640381	0.03337169
-628.98307057	0.04129722
-628.94973734	0.04840039
-628.91640410	0.05415538
-628.88307086	0.05861144
-628.84973762	0.06168434
-628.81640439	0.06263784
-628.78307115	0.06170390
-628.74973791	0.05860771
-628.71640467	0.05360173
-628.68307144	0.04694913
-628.64973820	0.03882175
-628.61640496	0.02991251
-628.58307173	0.02088895
-628.54973849	0.01245489
-628.51640525	0.00511662
-628.48307201	-0.00069574
-628.44973878	-0.00482201
-628.41640554	-0.00721036
-628.38307230	-0.00829387
-628.34973906	-0.00825321
-628.31640583	-0.00730458
-628.28307259	-0.00577800
-628.24973935	-0.00383203
-628.21640612	-0.00151681
-628.18307288	0.00098227
-628.14973964	0.00357661
-628.11640640	0.00623261
-628.08307317	0.00840591
-628.04973993	0.00949761
-628.01640669	0.01001171
-627.98307345	0.00924329
-627.94974022	0.00791784
-627.91640698	0.00550506
-627.88307374	0.00289585
-627.84974051	0.00009730
-627.81640727	-0.00229378
-627.78307403	-0.00379260
-627.74974079	-0.00473940
-627.71640756	-0.00464937
-627.68307432	-0.00363236
-627.64974108	-0.00200210
-627.61640784	0.00049968
-627.58307461	0.00367541
-627.54974137	0.00731456
-627.51640813	0.01094038
-627.48307490	0.01427039
-627.44974166	0.01652336
-627.41640842	0.01733918
-627.38307518	0.01701709
-627.34974195	0.01588722
-627.31640871	0.01464626
-627.28307547	0.01425107
-627.24974223	0.01472458
-627.21640900	0.01626515
-627.18307576	0.01840344
-627.14974252	0.02072384
-627.11640929	0.02304475
-627.08307605	0.02495563
-627.04974281	0.02646002
-627.01640957	0.02730637
-626.98307634	0.02710997
-626.94974310	0.02598381
-626.91640986	0.02330120
-626.88307662	0.01935905
-626.84974339	0.01455517
-626.81641015	0.00966441
-626.78307691	0.00550831
-626.74974368	0.00270153
-626.71641044	0.00138179
-626.68307720	0.00151951
-626.64974396	0.00293355
-626.61641073	0.00553942
-626.58307749	0.00863771
-626.54974425	0.01258273
-626.51641101	0.01691825
-626.48307778	0.02105273
-626.44974454	0.02450592
-626.41641130	0.02656871
-626.38307807	0.02726265
-626.34974483	0.02618840
-626.31641159	0.02384068
-626.28307835	0.02086080
-626.24974512	0.01765873
-626.21641188	0.01506123
-626.18307864	0.01329954
-626.14974540	0.01267775
-626.11641217	0.01293215
-626.08307893	0.01381547
-626.04974569	0.01470300
-626.01641245	0.01541538
-625.98307922	0.01590512
-625.94974598	0.01625203
-625.91641274	0.01590003
-625.88307951	0.01515654
-625.84974627	0.01351071
-625.81641303	0.01092137
-625.78307979	0.00708934
-625.74974656	0.00195199
-625.71641332	-0.00356564
-625.68308008	-0.00920962
-625.64974684	-0.01417130
-625.61641361	-0.01821315
-625.58308037	-0.02076916
-625.54974713	-0.02198285
-625.51641390	-0.02208716
-625.48308066	-0.02067163
-625.44974742	-0.01746375
-625.41641418	-0.01236952
-625.38308095	-0.00553192
-625.34974771	0.00305110
-625.31641447	0.01253338
-625.28308123	0.02203689
-625.24974800	0.03109982
-625.21641476	0.03900573
-625.18308152	0.04512484
-625.14974829	0.04935834
-625.11641505	0.05190413
-625.08308181	0.05250958
-625.04974857	0.05149126
-625.01641534	0.04908131
-624.98308210	0.04544551
-624.94974886	0.04083446
-624.91641562	0.03559401
-624.88308239	0.03074744
-624.84974915	0.02656968
-624.81641591	0.02389250
-624.78308268	0.02245762
-624.74974944	0.02174053
-624.71641620	0.02089533
-624.68308296	0.01952888
-624.64974973	0.01708092
-624.61641649	0.01365659
-624.58308325	0.00910208
-624.54975001	0.00346298
-624.51641678	-0.00292712
-624.48308354	-0.00959745
-624.44975030	-0.01557611
-624.41641707	-0.02058176
-624.38308383	-0.02381321
-624.34975059	-0.02479675
-624.31641735	-0.02326723
-624.28308412	-0.01979139
-624.24975088	-0.01450689
-624.21641764	-0.00827081
-624.18308440	-0.00222077
-624.14975117	0.00268158
-624.11641793	0.00597821
-624.08308469	0.00752744
-624.04975146	0.00750530
-624.01641822	0.00631510
-623.98308498	0.00422221
-623.94975174	0.00168324
-623.91641851	-0.00093685
-623.88308527	-0.00342296
-623.84975203	-0.00502106
-623.81641879	-0.00538641
-623.78308556	-0.00421871
-623.74975232	-0.00092186
-623.71641908	0.00382813
-623.68308585	0.00966662
-623.64975261	0.01577407
-623.61641937	0.02196809
-623.58308613	0.02794388
-623.54975290	0.03343288
-623.51641966	0.03865985
-623.48308642	0.04338090
-623.44975318	0.04696778
-623.41641995	0.04963585
-623.38308671	0.05082283
-623.34975347	0.05078104
-623.31642024	0.04983505
-623.28308700	0.04812754
-623.24975376	0.04608112
-623.21642052	0.04321967
-623.18308729	0.04022322
-623.14975405	0.03663340
-623.11642081	0.03275030
-623.08308757	0.02860122
-623.04975434	0.02423850
-623.01642110	0.01961268
-622.98308786	0.01496006
-622.94975463	0.01048034
-622.91642139	0.00625692
-622.88308815	0.00250930
-622.84975491	-0.00091576
-622.81642168	-0.00405976
-622.78308844	-0.00691424
-622.74975520	-0.00965122
-622.71642196	-0.01195081
-622.68308873	-0.01400707
-622.64975549	-0.01536806
-622.61642225	-0.01558104
-622.58308902	-0.01471349
-622.54975578	-0.01246706
-622.51642254	-0.00894964
-622.48308930	-0.00459658
-622.44975607	0.00027214
-622.41642283	0.00507687
-622.38308959	0.00948751
-622.34975635	0.01321942
-622.31642312	0.01582096
-622.28308988	0.01711548
-622.24975664	0.01686472
-622.21642341	0.01548154
-622.18309017	0.01303778
-622.14975693	0.01000319
-622.11642369	0.00699012
-622.08309046	0.00428713
-622.04975722	0.00178018
-622.01642398	-0.00005685
-621.98309074	-0.00138406
-621.94975751	-0.00197820
-621.91642427	-0.00195420
-621.88309103	-0.00124749
-621.84975780	0.00008065
-621.81642456	0.00168393
-621.78309132	0.00347447
-621.74975808	0.00505367
-621.71642485	0.00618195
-621.68309161	0.00696307
-621.64975837	0.00742449
-621.61642513	0.00751210
-621.58309190	0.00739986
-621.54975866	0.00700173
-621.51642542	0.00645316
-621.48309218	0.00577658
-621.44975895	0.00502363
-621.41642571	0.00439758
-621.38309247	0.00387462
-621.34975924	0.00348828
-621.31642600	0.00326647
-621.28309276	0.00315378
-621.24975952	0.00309220
-621.21642629	0.00309813
-621.18309305	0.00299270
-621.14975981	0.00284182
-621.11642657	0.00261267
-621.08309334	0.00241559
-621.04976010	0.00223274
-621.01642686	0.00213273
-620.98309363	0.00216314
-620.94976039	0.00227900
-620.91642715	0.00245088
-620.88309391	0.00254699
-620.84976068	0.00245003
-620.81642744	0.00215219
-620.78309420	0.00164137
-620.74976096	0.00102428
-620.71642773	0.00041590
-620.68309449	-0.00008663
-620.64976125	-0.00041459
-620.61642802	-0.00057289
-620.58309478	-0.00059192
-620.54976154	-0.00052049
-620.51642830	-0.00038077
-620.48309507	-0.00022186
-620.44976183	-0.00008562
-620.41642859	0.00002184
-620.38309535	0.00008421
-620.34976212	0.00009983
-620.31642888	0.00008908
-620.28309564	0.00006244
-620.24976241	0.00004281
-620.21642917	0.00003205
-620.18309593	0.00002893
-620.14976269	0.00002831
-620.11642946	0.00002669
-620.08309622	0.00002007
-620.04976298	0.00001123
-620.01642974	0.00000329
-619.98309651	0.00000000
