# Menlo Systems GmbH ScanControl
# Program Version 1.7.0+git.a90605a3
# Start: -695.40000000 ps, Average over 5000 waveforms. Timestamp: 2023-10-25T15:05:04
# Window type: Tukey, parameters: alpha = 0.1
# User time axis shift: 0 ps
# Time axis offset: 0 ps
# Time [ps]	THz Signal [a.u.]
-695.41680513	0.00000000
-695.38347163	0.00000454
-695.35013813	0.00001794
-695.31680463	0.00004030
-695.28347113	0.00007261
-695.25013763	0.00011239
-695.21680413	0.00015702
-695.18347063	0.00020323
-695.15013713	0.00024977
-695.11680363	0.00028652
-695.08347013	0.00031491
-695.05013663	0.00032685
-695.01680313	0.00030751
-694.98346963	0.00025921
-694.95013613	0.00015038
-694.91680263	-0.00003144
-694.88346913	-0.00026008
-694.85013563	-0.00054860
-694.81680213	-0.00090839
-694.78346863	-0.00131396
-694.75013513	-0.00175041
-694.71680163	-0.00218004
-694.68346813	-0.00252067
-694.65013463	-0.00277381
-694.61680113	-0.00287398
-694.58346763	-0.00277061
-694.55013413	-0.00241197
-694.51680063	-0.00188611
-694.48346713	-0.00118617
-694.45013363	-0.00033782
-694.41680013	0.00047454
-694.38346663	0.00133441
-694.35013313	0.00206533
-694.31679963	0.00269628
-694.28346613	0.00320397
-694.25013263	0.00359364
-694.21679913	0.00393441
-694.18346563	0.00413028
-694.15013213	0.00427131
-694.11679863	0.00421788
-694.08346513	0.00415741
-694.05013163	0.00392292
-694.01679813	0.00366205
-693.98346463	0.00345801
-693.95013113	0.00324565
-693.91679763	0.00300324
-693.88346413	0.00281146
-693.85013063	0.00266192
-693.81679713	0.00251253
-693.78346363	0.00237465
-693.75013013	0.00221665
-693.71679663	0.00207290
-693.68346313	0.00192847
-693.65012963	0.00172372
-693.61679613	0.00159899
-693.58346263	0.00142492
-693.55012913	0.00126178
-693.51679563	0.00111696
-693.48346213	0.00096969
-693.45012863	0.00085474
-693.41679513	0.00079976
-693.38346163	0.00066255
-693.35012814	0.00073071
-693.31679464	0.00071178
-693.28346114	0.00077095
-693.25012764	0.00084277
-693.21679414	0.00097931
-693.18346064	0.00109220
-693.15012714	0.00113471
-693.11679364	0.00111901
-693.08346014	0.00113519
-693.05012664	0.00116750
-693.01679314	0.00109855
-692.98345964	0.00104398
-692.95012614	0.00095557
-692.91679264	0.00080230
-692.88345914	0.00067914
-692.85012564	0.00057171
-692.81679214	0.00044369
-692.78345864	0.00032107
-692.75012514	0.00027834
-692.71679164	0.00025585
-692.68345814	0.00029520
-692.65012464	0.00025673
-692.61679114	0.00025974
-692.58345764	0.00022029
-692.55012414	0.00028715
-692.51679064	0.00035180
-692.48345714	0.00047206
-692.45012364	0.00042770
-692.41679014	0.00051350
-692.38345664	0.00053235
-692.35012314	0.00053471
-692.31678964	0.00045119
-692.28345614	0.00042407
-692.25012264	0.00043707
-692.21678914	0.00043509
-692.18345564	0.00036576
-692.15012214	0.00036833
-692.11678864	0.00026887
-692.08345514	0.00027011
-692.05012164	0.00021916
-692.01678814	0.00022447
-691.98345464	0.00020781
-691.95012114	0.00022452
-691.91678764	0.00030096
-691.88345414	0.00024950
-691.85012064	0.00019334
-691.81678714	0.00022386
-691.78345364	0.00020133
-691.75012014	0.00023365
-691.71678664	0.00015824
-691.68345314	0.00023757
-691.65011964	0.00036161
-691.61678614	0.00041004
-691.58345264	0.00050352
-691.55011914	0.00063632
-691.51678564	0.00075606
-691.48345214	0.00088037
-691.45011864	0.00107996
-691.41678514	0.00127171
-691.38345164	0.00143836
-691.35011814	0.00164362
-691.31678464	0.00180234
-691.28345114	0.00196019
-691.25011765	0.00212568
-691.21678415	0.00227889
-691.18345065	0.00242899
-691.15011715	0.00255506
-691.11678365	0.00267769
-691.08345015	0.00266562
-691.05011665	0.00266547
-691.01678315	0.00268222
-690.98344965	0.00266522
-690.95011615	0.00261274
-690.91678265	0.00254217
-690.88344915	0.00247236
-690.85011565	0.00234381
-690.81678215	0.00226882
-690.78344865	0.00215488
-690.75011515	0.00205559
-690.71678165	0.00188194
-690.68344815	0.00168614
-690.65011465	0.00152428
-690.61678115	0.00124946
-690.58344765	0.00100931
-690.55011415	0.00055370
-690.51678065	-0.00003451
-690.48344715	-0.00077940
-690.45011365	-0.00187002
-690.41678015	-0.00308507
-690.38344665	-0.00462475
-690.35011315	-0.00638550
-690.31677965	-0.00832417
-690.28344615	-0.01048599
-690.25011265	-0.01279775
-690.21677915	-0.01518162
-690.18344565	-0.01755624
-690.15011215	-0.02005514
-690.11677865	-0.02223836
-690.08344515	-0.02414171
-690.05011165	-0.02545470
-690.01677815	-0.02587068
-689.98344465	-0.02520105
-689.95011115	-0.02303968
-689.91677765	-0.01935379
-689.88344415	-0.01423817
-689.85011065	-0.00781964
-689.81677715	-0.00066615
-689.78344365	0.00654701
-689.75011015	0.01335134
-689.71677665	0.01895556
-689.68344315	0.02301592
-689.65010965	0.02521180
-689.61677615	0.02560669
-689.58344265	0.02448090
-689.55010915	0.02219956
-689.51677565	0.01924422
-689.48344215	0.01589703
-689.45010865	0.01247905
-689.41677515	0.00920826
-689.38344165	0.00606428
-689.35010815	0.00346378
-689.31677465	0.00154605
-689.28344115	0.00035363
-689.25010765	-0.00009443
-689.21677415	0.00012735
-689.18344065	0.00091445
-689.15010716	0.00200650
-689.11677366	0.00324825
-689.08344016	0.00459777
-689.05010666	0.00608458
-689.01677316	0.00784615
-688.98343966	0.00972355
-688.95010616	0.01169826
-688.91677266	0.01355383
-688.88343916	0.01534348
-688.85010566	0.01683918
-688.81677216	0.01835323
-688.78343866	0.01989923
-688.75010516	0.02167158
-688.71677166	0.02374587
-688.68343816	0.02595880
-688.65010466	0.02854218
-688.61677116	0.03138429
-688.58343766	0.03450188
-688.55010416	0.03803119
-688.51677066	0.04204821
-688.48343716	0.04648469
-688.45010366	0.05136848
-688.41677016	0.05676408
-688.38343666	0.06241461
-688.35010316	0.06859264
-688.31676966	0.07519072
-688.28343616	0.08220167
-688.25010266	0.08973001
-688.21676916	0.09769527
-688.18343566	0.10612317
-688.15010216	0.11523289
-688.11676866	0.12496854
-688.08343516	0.13539177
-688.05010166	0.14656550
-688.01676816	0.15860093
-687.98343466	0.17156393
-687.95010116	0.18550243
-687.91676766	0.20059117
-687.88343416	0.21690154
-687.85010066	0.23438507
-687.81676716	0.25342562
-687.78343366	0.27392742
-687.75010016	0.29599237
-687.71676666	0.31968610
-687.68343316	0.34511415
-687.65009966	0.37217856
-687.61676616	0.40096589
-687.58343266	0.43117050
-687.55009916	0.46261515
-687.51676566	0.49478117
-687.48343216	0.52692740
-687.45009866	0.55795429
-687.41676516	0.58632471
-687.38343166	0.61018419
-687.35009816	0.62687264
-687.31676466	0.63328494
-687.28343116	0.62587987
-687.25009766	0.60046035
-687.21676416	0.55240842
-687.18343066	0.47734132
-687.15009716	0.37102520
-687.11676366	0.22969038
-687.08343016	0.05041296
-687.05009667	-0.16877007
-687.01676317	-0.42853202
-686.98342967	-0.72913853
-686.95009617	-1.06972265
-686.91676267	-1.44820327
-686.88342917	-1.86161313
-686.85009567	-2.30591686
-686.81676217	-2.77460572
-686.78342867	-3.25794258
-686.75009517	-3.73929358
-686.71676167	-4.19684095
-686.68342817	-4.59836327
-686.65009467	-4.90348530
-686.61676117	-5.06619883
-686.58342767	-5.04147142
-686.55009417	-4.79292292
-686.51676067	-4.30269056
-686.48342717	-3.58145719
-686.45009367	-2.66805830
-686.41676017	-1.63001804
-686.38342667	-0.55168840
-686.35009317	0.48232695
-686.31675967	1.40364084
-686.28342617	2.16377233
-686.25009267	2.73738818
-686.21675917	3.11727650
-686.18342567	3.31505261
-686.15009217	3.35236088
-686.11675867	3.25618108
-686.08342517	3.05339382
-686.05009167	2.76840942
-686.01675817	2.42506724
-685.98342467	2.04877988
-685.95009117	1.66808549
-685.91675767	1.30917784
-685.88342417	0.99380820
-685.85009067	0.73372279
-685.81675717	0.52852294
-685.78342367	0.36859753
-685.75009017	0.24288808
-685.71675667	0.14512112
-685.68342317	0.07611344
-685.65008967	0.03965829
-685.61675617	0.03678536
-685.58342267	0.05983538
-685.55008917	0.09357946
-685.51675567	0.12127021
-685.48342217	0.13169846
-685.45008867	0.12345773
-685.41675517	0.10314884
-685.38342167	0.07946974
-685.35008817	0.05734293
-685.31675467	0.03652102
-685.28342117	0.01373712
-685.25008767	-0.01241219
-685.21675417	-0.03950519
-685.18342067	-0.06178795
-685.15008717	-0.07403401
-685.11675367	-0.07418754
-685.08342017	-0.06377243
-685.05008667	-0.04605169
-685.01675317	-0.02405114
-684.98341968	0.00025710
-684.95008618	0.02484527
-684.91675268	0.04693486
-684.88341918	0.06339636
-684.85008568	0.07216734
-684.81675218	0.07294089
-684.78341868	0.06727365
-684.75008518	0.05709184
-684.71675168	0.04426827
-684.68341818	0.03004410
-684.65008468	0.01553228
-684.61675118	0.00202578
-684.58341768	-0.00946414
-684.55008418	-0.01841978
-684.51675068	-0.02422857
-684.48341718	-0.02686776
-684.45008368	-0.02632924
-684.41675018	-0.02327465
-684.38341668	-0.01898857
-684.35008318	-0.01482653
-684.31674968	-0.01166323
-684.28341618	-0.00906948
-684.25008268	-0.00642534
-684.21674918	-0.00355213
-684.18341568	-0.00125352
-684.15008218	-0.00039608
-684.11674868	-0.00094988
-684.08341518	-0.00174588
-684.05008168	-0.00146116
-684.01674818	0.00031693
-683.98341468	0.00269017
-683.95008118	0.00389000
-683.91674768	0.00304185
-683.88341418	0.00055249
-683.85008068	-0.00227069
-683.81674718	-0.00441531
-683.78341368	-0.00558643
-683.75008018	-0.00604487
-683.71674668	-0.00641755
-683.68341318	-0.00717587
-683.65007968	-0.00853584
-683.61674618	-0.01059470
-683.58341268	-0.01326986
-683.55007918	-0.01620008
-683.51674568	-0.01905850
-683.48341218	-0.02229445
-683.45007868	-0.02632830
-683.41674518	-0.03137112
-683.38341168	-0.03673298
-683.35007818	-0.04059178
-683.31674468	-0.04115880
-683.28341118	-0.03740438
-683.25007768	-0.02967659
-683.21674418	-0.01923268
-683.18341068	-0.00721942
-683.15007718	0.00594331
-683.11674368	0.02023065
-683.08341018	0.03583504
-683.05007668	0.05214891
-683.01674318	0.06769726
-682.98340968	0.08099763
-682.95007618	0.09061753
-682.91674268	0.09583406
-682.88340919	0.09613850
-682.85007569	0.09181276
-682.81674219	0.08306592
-682.78340869	0.07093898
-682.75007519	0.05627565
-682.71674169	0.03997291
-682.68340819	0.02280621
-682.65007469	0.00571168
-682.61674119	-0.01044342
-682.58340769	-0.02478501
-682.55007419	-0.03661714
-682.51674069	-0.04589681
-682.48340719	-0.05288295
-682.45007369	-0.05818865
-682.41674019	-0.06254084
-682.38340669	-0.06647680
-682.35007319	-0.07059829
-682.31673969	-0.07512174
-682.28340619	-0.07979029
-682.25007269	-0.08422498
-682.21673919	-0.08780949
-682.18340569	-0.09026066
-682.15007219	-0.09130610
-682.11673869	-0.09065400
-682.08340519	-0.08836616
-682.05007169	-0.08427945
-682.01673819	-0.07834575
-681.98340469	-0.07080639
-681.95007119	-0.06250541
-681.91673769	-0.05404667
-681.88340419	-0.04594496
-681.85007069	-0.03867383
-681.81673719	-0.03218243
-681.78340369	-0.02627033
-681.75007019	-0.02078099
-681.71673669	-0.01578328
-681.68340319	-0.01114788
-681.65006969	-0.00696405
-681.61673619	-0.00342222
-681.58340269	-0.00039507
-681.55006919	0.00191159
-681.51673569	0.00365793
-681.48340219	0.00446617
-681.45006869	0.00420550
-681.41673519	0.00284507
-681.38340169	0.00100087
-681.35006819	-0.00069722
-681.31673469	-0.00153198
-681.28340119	-0.00098182
-681.25006769	0.00043563
-681.21673419	0.00177119
-681.18340069	0.00194617
-681.15006719	0.00058069
-681.11673369	-0.00228389
-681.08340019	-0.00602727
-681.05006669	-0.00978614
-681.01673319	-0.01319343
-680.98339969	-0.01617209
-680.95006619	-0.01875872
-680.91673269	-0.02095135
-680.88339919	-0.02239521
-680.85006569	-0.02283351
-680.81673219	-0.02198250
-680.78339870	-0.01954342
-680.75006520	-0.01582142
-680.71673170	-0.01119351
-680.68339820	-0.00605794
-680.65006470	-0.00073181
-680.61673120	0.00459020
-680.58339770	0.00960776
-680.55006420	0.01411409
-680.51673070	0.01774002
-680.48339720	0.02007142
-680.45006370	0.02075332
-680.41673020	0.01965451
-680.38339670	0.01733824
-680.35006320	0.01444839
-680.31672970	0.01222687
-680.28339620	0.01128315
-680.25006270	0.01196985
-680.21672920	0.01396165
-680.18339570	0.01608015
-680.15006220	0.01749747
-680.11672870	0.01773501
-680.08339520	0.01662109
-680.05006170	0.01464076
-680.01672820	0.01256715
-679.98339470	0.01084733
-679.95006120	0.00968950
-679.91672770	0.00889877
-679.88339420	0.00819390
-679.85006070	0.00758362
-679.81672720	0.00736433
-679.78339370	0.00782475
-679.75006020	0.00946334
-679.71672670	0.01206300
-679.68339320	0.01509039
-679.65005970	0.01791227
-679.61672620	0.01993573
-679.58339270	0.02130713
-679.55005920	0.02224768
-679.51672570	0.02332884
-679.48339220	0.02486058
-679.45005870	0.02694994
-679.41672520	0.02931523
-679.38339170	0.03148523
-679.35005820	0.03299868
-679.31672470	0.03337701
-679.28339120	0.03247320
-679.25005770	0.03051428
-679.21672420	0.02793536
-679.18339070	0.02541124
-679.15005720	0.02362113
-679.11672370	0.02315489
-679.08339020	0.02439974
-679.05005670	0.02737710
-679.01672320	0.03193741
-678.98338970	0.03758597
-678.95005620	0.04370048
-678.91672270	0.04996458
-678.88338920	0.05576103
-678.85005570	0.06077881
-678.81672220	0.06427256
-678.78338870	0.06610269
-678.75005520	0.06586357
-678.71672170	0.06363943
-678.68338821	0.05931080
-678.65005471	0.05310980
-678.61672121	0.04434607
-678.58338771	0.03243308
-678.55005421	0.01659839
-678.51672071	-0.00323119
-678.48338721	-0.02695529
-678.45005371	-0.05380072
-678.41672021	-0.08261742
-678.38338671	-0.11227208
-678.35005321	-0.14222451
-678.31671971	-0.17203571
-678.28338621	-0.20107266
-678.25005271	-0.22842525
-678.21671921	-0.25200963
-678.18338571	-0.26897044
-678.15005221	-0.27597136
-678.11671871	-0.26950016
-678.08338521	-0.24736222
-678.05005171	-0.20899573
-678.01671821	-0.15630958
-677.98338471	-0.09278154
-677.95005121	-0.02360968
-677.91671771	0.04615395
-677.88338421	0.11097888
-677.85005071	0.16607042
-677.81671721	0.20762806
-677.78338371	0.23347730
-677.75005021	0.24335759
-677.71671671	0.23863611
-677.68338321	0.22175860
-677.65004971	0.19539768
-677.61671621	0.16190560
-677.58338271	0.12375768
-677.55004921	0.08354234
-677.51671571	0.04422948
-677.48338221	0.00890334
-677.45004871	-0.01954833
-677.41671521	-0.03925178
-677.38338171	-0.04989651
-677.35004821	-0.05243936
-677.31671471	-0.04888604
-677.28338121	-0.04135463
-677.25004771	-0.03202773
-677.21671421	-0.02207713
-677.18338071	-0.01237783
-677.15004721	-0.00334890
-677.11671371	0.00437552
-677.08338021	0.01020654
-677.05004671	0.01357427
-677.01671321	0.01440366
-676.98337971	0.01305109
-676.95004621	0.01036660
-676.91671271	0.00711486
-676.88337921	0.00400149
-676.85004571	0.00114773
-676.81671221	-0.00140302
-676.78337871	-0.00337021
-676.75004521	-0.00459057
-676.71671171	-0.00488049
-676.68337821	-0.00436726
-676.65004471	-0.00332773
-676.61671121	-0.00210840
-676.58337772	-0.00094724
-676.55004422	0.00035803
-676.51671072	0.00198279
-676.48337722	0.00432971
-676.45004372	0.00705186
-676.41671022	0.00980353
-676.38337672	0.01190084
-676.35004322	0.01274370
-676.31670972	0.01198132
-676.28337622	0.01015423
-676.25004272	0.00788502
-676.21670922	0.00602990
-676.18337572	0.00548710
-676.15004222	0.00667402
-676.11670872	0.00938703
-676.08337522	0.01338978
-676.05004172	0.01812506
-676.01670822	0.02316424
-675.98337472	0.02821736
-675.95004122	0.03283447
-675.91670772	0.03635339
-675.88337422	0.03828641
-675.85004072	0.03850922
-675.81670722	0.03728711
-675.78337372	0.03522717
-675.75004022	0.03306360
-675.71670672	0.03153136
-675.68337322	0.03058471
-675.65003972	0.02998432
-675.61670622	0.02928552
-675.58337272	0.02815400
-675.55003922	0.02614355
-675.51670572	0.02318566
-675.48337222	0.01932482
-675.45003872	0.01486417
-675.41670522	0.01010182
-675.38337172	0.00558356
-675.35003822	0.00168179
-675.31670472	-0.00152548
-675.28337122	-0.00395339
-675.25003772	-0.00587124
-675.21670422	-0.00738972
-675.18337072	-0.00828464
-675.15003722	-0.00831875
-675.11670372	-0.00723950
-675.08337022	-0.00498096
-675.05003672	-0.00184865
-675.01670322	0.00171580
-674.98336972	0.00523829
-674.95003622	0.00868345
-674.91670272	0.01207405
-674.88336922	0.01534925
-674.85003572	0.01869324
-674.81670222	0.02185373
-674.78336872	0.02488519
-674.75003522	0.02754278
-674.71670172	0.02975799
-674.68336822	0.03122863
-674.65003472	0.03186567
-674.61670122	0.03148350
-674.58336772	0.03008167
-674.55003422	0.02785447
-674.51670072	0.02509741
-674.48336723	0.02212366
-674.45003373	0.01906053
-674.41670023	0.01580509
-674.38336673	0.01212313
-674.35003323	0.00794005
-674.31669973	0.00351030
-674.28336623	-0.00075186
-674.25003273	-0.00419257
-674.21669923	-0.00646057
-674.18336573	-0.00708411
-674.15003223	-0.00637812
-674.11669873	-0.00455092
-674.08336523	-0.00210638
-674.05003173	0.00061747
-674.01669823	0.00348174
-673.98336473	0.00646404
-673.95003123	0.00955748
-673.91669773	0.01237220
-673.88336423	0.01444357
-673.85003073	0.01540084
-673.81669723	0.01517960
-673.78336373	0.01415514
-673.75003023	0.01270488
-673.71669673	0.01115404
-673.68336323	0.00959355
-673.65002973	0.00782490
-673.61669623	0.00578823
-673.58336273	0.00324537
-673.55002923	0.00027559
-673.51669573	-0.00288948
-673.48336223	-0.00563184
-673.45002873	-0.00766011
-673.41669523	-0.00846306
-673.38336173	-0.00798979
-673.35002823	-0.00637817
-673.31669473	-0.00411846
-673.28336123	-0.00174195
-673.25002773	0.00013740
-673.21669423	0.00147966
-673.18336073	0.00247905
-673.15002723	0.00339113
-673.11669373	0.00428745
-673.08336023	0.00531520
-673.05002673	0.00649409
-673.01669323	0.00779616
-672.98335973	0.00932809
-672.95002623	0.01127158
-672.91669273	0.01367799
-672.88335923	0.01649946
-672.85002573	0.01924582
-672.81669223	0.02135244
-672.78335873	0.02252898
-672.75002523	0.02235925
-672.71669173	0.02094825
-672.68335823	0.01873672
-672.65002473	0.01614542
-672.61669123	0.01366894
-672.58335773	0.01128230
-672.55002423	0.00891985
-672.51669073	0.00639883
-672.48335723	0.00374319
-672.45002373	0.00134122
-672.41669023	-0.00041853
-672.38335674	-0.00125488
-672.35002324	-0.00076450
-672.31668974	0.00073679
-672.28335624	0.00313489
-672.25002274	0.00597080
-672.21668924	0.00901313
-672.18335574	0.01192950
-672.15002224	0.01457344
-672.11668874	0.01662831
-672.08335524	0.01766647
-672.05002174	0.01739754
-672.01668824	0.01551355
-671.98335474	0.01189504
-671.95002124	0.00692250
-671.91668774	0.00114763
-671.88335424	-0.00461818
-671.85002074	-0.00949834
-671.81668724	-0.01308290
-671.78335374	-0.01543170
-671.75002024	-0.01709133
-671.71668674	-0.01840705
-671.68335324	-0.01943831
-671.65001974	-0.01992900
-671.61668624	-0.01936815
-671.58335274	-0.01765463
-671.55001924	-0.01501940
-671.51668574	-0.01193856
-671.48335224	-0.00920840
-671.45001874	-0.00724858
-671.41668524	-0.00577801
-671.38335174	-0.00473567
-671.35001824	-0.00361015
-671.31668474	-0.00215030
-671.28335124	-0.00024692
-671.25001774	0.00198533
-671.21668424	0.00475359
-671.18335074	0.00797884
-671.15001724	0.01183004
-671.11668374	0.01608597
-671.08335024	0.02030841
-671.05001674	0.02393599
-671.01668324	0.02646118
-670.98334974	0.02742762
-670.95001624	0.02652290
-670.91668274	0.02373002
-670.88334924	0.01960492
-670.85001574	0.01434645
-670.81668224	0.00885188
-670.78334874	0.00366589
-670.75001524	-0.00042838
-670.71668174	-0.00312599
-670.68334824	-0.00446806
-670.65001474	-0.00464804
-670.61668124	-0.00404683
-670.58334774	-0.00292320
-670.55001424	-0.00126763
-670.51668074	0.00139202
-670.48334724	0.00502468
-670.45001374	0.00977461
-670.41668024	0.01521362
-670.38334674	0.02034244
-670.35001324	0.02428189
-670.31667975	0.02639879
-670.28334625	0.02598840
-670.25001275	0.02316941
-670.21667925	0.01819763
-670.18334575	0.01164461
-670.15001225	0.00415472
-670.11667875	-0.00347087
-670.08334525	-0.01036554
-670.05001175	-0.01601013
-670.01667825	-0.02007877
-669.98334475	-0.02213866
-669.95001125	-0.02220527
-669.91667775	-0.02061956
-669.88334425	-0.01789645
-669.85001075	-0.01457658
-669.81667725	-0.01120044
-669.78334375	-0.00801375
-669.75001025	-0.00514351
-669.71667675	-0.00236912
-669.68334325	0.00064016
-669.65000975	0.00395278
-669.61667625	0.00737401
-669.58334275	0.01066212
-669.55000925	0.01340091
-669.51667575	0.01536743
-669.48334225	0.01664692
-669.45000875	0.01741231
-669.41667525	0.01789673
-669.38334175	0.01808719
-669.35000825	0.01774970
-669.31667475	0.01690515
-669.28334125	0.01551363
-669.25000775	0.01347718
-669.21667425	0.01107333
-669.18334075	0.00838838
-669.15000725	0.00556466
-669.11667375	0.00257879
-669.08334025	-0.00074472
-669.05000675	-0.00424823
-669.01667325	-0.00768782
-668.98333975	-0.01092123
-668.95000625	-0.01352045
-668.91667275	-0.01521835
-668.88333925	-0.01582511
-668.85000575	-0.01540116
-668.81667225	-0.01372818
-668.78333875	-0.01083333
-668.75000525	-0.00667236
-668.71667175	-0.00145761
-668.68333825	0.00437447
-668.65000475	0.01037144
-668.61667125	0.01561773
-668.58333775	0.01968802
-668.55000425	0.02213644
-668.51667075	0.02298838
-668.48333725	0.02231670
-668.45000375	0.02025980
-668.41667025	0.01694432
-668.38333675	0.01264783
-668.35000325	0.00762539
-668.31666975	0.00237664
-668.28333625	-0.00237718
-668.25000275	-0.00609285
-668.21666926	-0.00829887
-668.18333576	-0.00894735
-668.15000226	-0.00836160
-668.11666876	-0.00673337
-668.08333526	-0.00436718
-668.05000176	-0.00138894
-668.01666826	0.00198775
-667.98333476	0.00552806
-667.95000126	0.00889309
-667.91666776	0.01168909
-667.88333426	0.01349769
-667.85000076	0.01413034
-667.81666726	0.01390501
-667.78333376	0.01292603
-667.75000026	0.01183090
-667.71666676	0.01110664
-667.68333326	0.01085249
-667.64999976	0.01113023
-667.61666626	0.01184485
-667.58333276	0.01260428
-667.54999926	0.01323147
-667.51666576	0.01338129
-667.48333226	0.01319538
-667.44999876	0.01292136
-667.41666526	0.01250568
-667.38333176	0.01206088
-667.34999826	0.01139789
-667.31666476	0.01010806
-667.28333126	0.00796001
-667.24999776	0.00495494
-667.21666426	0.00146830
-667.18333076	-0.00187193
-667.14999726	-0.00419068
-667.11666376	-0.00544533
-667.08333026	-0.00531684
-667.04999676	-0.00418978
-667.01666326	-0.00246995
-666.98332976	-0.00033501
-666.94999626	0.00239303
-666.91666276	0.00607415
-666.88332926	0.01063851
-666.84999576	0.01606279
-666.81666226	0.02138106
-666.78332876	0.02575460
-666.74999526	0.02836214
-666.71666176	0.02876794
-666.68332826	0.02696376
-666.64999476	0.02322068
-666.61666126	0.01820167
-666.58332776	0.01247207
-666.54999426	0.00627936
-666.51666076	0.00049744
-666.48332726	-0.00475440
-666.44999376	-0.00910604
-666.41666026	-0.01226871
-666.38332676	-0.01379552
-666.34999326	-0.01337639
-666.31665976	-0.01106186
-666.28332626	-0.00743509
-666.24999276	-0.00310059
-666.21665926	0.00121547
-666.18332576	0.00487117
-666.14999226	0.00778030
-666.11665877	0.00975005
-666.08332527	0.01084740
-666.04999177	0.01083045
-666.01665827	0.00964892
-665.98332477	0.00723040
-665.94999127	0.00375885
-665.91665777	-0.00015186
-665.88332427	-0.00366863
-665.84999077	-0.00600044
-665.81665727	-0.00664295
-665.78332377	-0.00551110
-665.74999027	-0.00320271
-665.71665677	-0.00029651
-665.68332327	0.00231560
-665.64998977	0.00402749
-665.61665627	0.00475116
-665.58332277	0.00461796
-665.54998927	0.00397487
-665.51665577	0.00331658
-665.48332227	0.00269509
-665.44998877	0.00230525
-665.41665527	0.00223227
-665.38332177	0.00239422
-665.34998827	0.00251209
-665.31665477	0.00257479
-665.28332127	0.00235934
-665.24998777	0.00192462
-665.21665427	0.00155335
-665.18332077	0.00157897
-665.14998727	0.00214982
-665.11665377	0.00343115
-665.08332027	0.00505457
-665.04998677	0.00683380
-665.01665327	0.00843775
-664.98331977	0.00960561
-664.94998627	0.01018449
-664.91665277	0.01002315
-664.88331927	0.00888284
-664.84998577	0.00680777
-664.81665227	0.00399980
-664.78331877	0.00102387
-664.74998527	-0.00141054
-664.71665177	-0.00271432
-664.68331827	-0.00256779
-664.64998477	-0.00123397
-664.61665127	0.00077823
-664.58331777	0.00273316
-664.54998427	0.00419738
-664.51665077	0.00512670
-664.48331727	0.00583728
-664.44998377	0.00658258
-664.41665027	0.00754909
-664.38331677	0.00848271
-664.34998327	0.00915489
-664.31664977	0.00904047
-664.28331627	0.00789353
-664.24998277	0.00607911
-664.21664927	0.00381784
-664.18331577	0.00157442
-664.14998227	-0.00056738
-664.11664877	-0.00231217
-664.08331527	-0.00359553
-664.04998177	-0.00426127
-664.01664828	-0.00427783
-663.98331478	-0.00351583
-663.94998128	-0.00214360
-663.91664778	-0.00042039
-663.88331428	0.00127921
-663.84998078	0.00266008
-663.81664728	0.00351841
-663.78331378	0.00375801
-663.74998028	0.00357769
-663.71664678	0.00326006
-663.68331328	0.00281003
-663.64997978	0.00257802
-663.61664628	0.00272063
-663.58331278	0.00325869
-663.54997928	0.00412791
-663.51664578	0.00515883
-663.48331228	0.00622641
-663.44997878	0.00754713
-663.41664528	0.00901535
-663.38331178	0.01079094
-663.34997828	0.01271873
-663.31664478	0.01464327
-663.28331128	0.01623835
-663.24997778	0.01735919
-663.21664428	0.01800115
-663.18331078	0.01818265
-663.14997728	0.01810001
-663.11664378	0.01761273
-663.08331028	0.01638517
-663.04997678	0.01437290
-663.01664328	0.01154361
-662.98330978	0.00834567
-662.94997628	0.00521368
-662.91664278	0.00265251
-662.88330928	0.00073985
-662.84997578	-0.00017897
-662.81664228	-0.00019362
-662.78330878	0.00077062
-662.74997528	0.00251318
-662.71664178	0.00473964
-662.68330828	0.00709363
-662.64997478	0.00876979
-662.61664128	0.00928075
-662.58330778	0.00833527
-662.54997428	0.00611854
-662.51664078	0.00312552
-662.48330728	0.00011095
-662.44997378	-0.00240106
-662.41664028	-0.00412590
-662.38330678	-0.00510566
-662.34997328	-0.00557783
-662.31663978	-0.00571071
-662.28330628	-0.00545029
-662.24997278	-0.00501804
-662.21663928	-0.00405135
-662.18330578	-0.00271886
-662.14997228	-0.00099934
-662.11663878	0.00113692
-662.08330528	0.00357464
-662.04997178	0.00615560
-662.01663828	0.00869802
-661.98330478	0.01073864
-661.94997128	0.01186006
-661.91663779	0.01184532
-661.88330429	0.01081345
-661.84997079	0.00903103
-661.81663729	0.00697784
-661.78330379	0.00523003
-661.74997029	0.00391478
-661.71663679	0.00327486
-661.68330329	0.00326982
-661.64996979	0.00385952
-661.61663629	0.00484040
-661.58330279	0.00584645
-661.54996929	0.00645374
-661.51663579	0.00655910
-661.48330229	0.00615597
-661.44996879	0.00539707
-661.41663529	0.00458051
-661.38330179	0.00377879
-661.34996829	0.00304810
-661.31663479	0.00236628
-661.28330129	0.00167877
-661.24996779	0.00097921
-661.21663429	0.00041793
-661.18330079	0.00016051
-661.14996729	0.00022924
-661.11663379	0.00060671
-661.08330029	0.00112397
-661.04996679	0.00162034
-661.01663329	0.00194600
-660.98329979	0.00199946
-660.94996629	0.00183010
-660.91663279	0.00150387
-660.88329929	0.00114211
-660.84996579	0.00080900
-660.81663229	0.00054022
-660.78329879	0.00033722
-660.74996529	0.00019242
-660.71663179	0.00009241
-660.68329829	0.00003667
-660.64996479	0.00001003
-660.61663129	0.00000212
-660.58329779	0.00000174
-660.54996429	0.00000118
-660.51663079	0.00000000
