# Menlo Systems GmbH ScanControl
# Program Version 1.7.0+git.a90605a3
# Start: -695.40000000 ps, Average over 5000 waveforms. Timestamp: 2023-10-25T15:18:04
# Window type: Tukey, parameters: alpha = 0.1
# User time axis shift: 0 ps
# Time axis offset: 0 ps
# Time [ps]	THz Signal [a.u.]
-695.41562941	0.00000000
-695.38229627	0.00000233
-695.34896312	0.00000713
-695.31562998	0.00001024
-695.28229683	0.00000722
-695.24896368	-0.00000890
-695.21563054	-0.00004332
-695.18229739	-0.00010168
-695.14896425	-0.00019083
-695.11563110	-0.00031401
-695.08229795	-0.00047463
-695.04896481	-0.00066281
-695.01563166	-0.00087350
-694.98229851	-0.00109719
-694.94896537	-0.00129913
-694.91563222	-0.00145195
-694.88229908	-0.00152263
-694.84896593	-0.00147959
-694.81563278	-0.00128162
-694.78229964	-0.00091765
-694.74896649	-0.00037383
-694.71563335	0.00032912
-694.68230020	0.00116812
-694.64896705	0.00210356
-694.61563391	0.00311554
-694.58230076	0.00416744
-694.54896761	0.00519959
-694.51563447	0.00615934
-694.48230132	0.00699660
-694.44896818	0.00762209
-694.41563503	0.00796238
-694.38230188	0.00794969
-694.34896874	0.00759117
-694.31563559	0.00695352
-694.28230245	0.00605353
-694.24896930	0.00512602
-694.21563615	0.00419340
-694.18230301	0.00336836
-694.14896986	0.00267173
-694.11563671	0.00210271
-694.08230357	0.00175751
-694.04897042	0.00160748
-694.01563728	0.00178444
-693.98230413	0.00226159
-693.94897098	0.00301458
-693.91563784	0.00384488
-693.88230469	0.00469426
-693.84897154	0.00533470
-693.81563840	0.00572139
-693.78230525	0.00601346
-693.74897211	0.00610686
-693.71563896	0.00614139
-693.68230581	0.00612777
-693.64897267	0.00604104
-693.61563952	0.00578126
-693.58230638	0.00540380
-693.54897323	0.00501109
-693.51564008	0.00463340
-693.48230694	0.00436154
-693.44897379	0.00424089
-693.41564064	0.00419098
-693.38230750	0.00423390
-693.34897435	0.00435343
-693.31564121	0.00441862
-693.28230806	0.00466928
-693.24897491	0.00484642
-693.21564177	0.00501726
-693.18230862	0.00531615
-693.14897548	0.00557821
-693.11564233	0.00577687
-693.08230918	0.00594130
-693.04897604	0.00605969
-693.01564289	0.00622745
-692.98230974	0.00617664
-692.94897660	0.00622526
-692.91564345	0.00621354
-692.88231031	0.00623779
-692.84897716	0.00619212
-692.81564401	0.00615869
-692.78231087	0.00614536
-692.74897772	0.00618524
-692.71564458	0.00620000
-692.68231143	0.00621039
-692.64897828	0.00630721
-692.61564514	0.00637948
-692.58231199	0.00645370
-692.54897884	0.00644069
-692.51564570	0.00650057
-692.48231255	0.00644891
-692.44897941	0.00637141
-692.41564626	0.00630740
-692.38231311	0.00613142
-692.34897997	0.00600195
-692.31564682	0.00583619
-692.28231368	0.00558285
-692.24898053	0.00535165
-692.21564738	0.00509043
-692.18231424	0.00477549
-692.14898109	0.00452865
-692.11564794	0.00426196
-692.08231480	0.00408664
-692.04898165	0.00390103
-692.01564851	0.00367502
-691.98231536	0.00354788
-691.94898221	0.00360274
-691.91564907	0.00372465
-691.88231592	0.00393216
-691.84898277	0.00439075
-691.81564963	0.00495643
-691.78231648	0.00565754
-691.74898334	0.00642898
-691.71565019	0.00719552
-691.68231704	0.00795975
-691.64898390	0.00861886
-691.61565075	0.00914765
-691.58231761	0.00947685
-691.54898446	0.00959318
-691.51565131	0.00961277
-691.48231817	0.00936948
-691.44898502	0.00918644
-691.41565187	0.00898230
-691.38231873	0.00880480
-691.34898558	0.00863065
-691.31565244	0.00844254
-691.28231929	0.00823851
-691.24898614	0.00814001
-691.21565300	0.00808907
-691.18231985	0.00804909
-691.14898671	0.00803871
-691.11565356	0.00803596
-691.08232041	0.00799277
-691.04898727	0.00797925
-691.01565412	0.00787310
-690.98232097	0.00771205
-690.94898783	0.00749306
-690.91565468	0.00719972
-690.88232154	0.00682618
-690.84898839	0.00648662
-690.81565524	0.00602295
-690.78232210	0.00541958
-690.74898895	0.00468377
-690.71565581	0.00394165
-690.68232266	0.00309905
-690.64898951	0.00230528
-690.61565637	0.00162269
-690.58232322	0.00084745
-690.54899007	0.00023802
-690.51565693	-0.00020997
-690.48232378	-0.00044361
-690.44899064	-0.00039472
-690.41565749	-0.00013876
-690.38232434	0.00053666
-690.34899120	0.00144735
-690.31565805	0.00243338
-690.28232491	0.00343956
-690.24899176	0.00453225
-690.21565861	0.00548832
-690.18232547	0.00631229
-690.14899232	0.00695751
-690.11565917	0.00738881
-690.08232603	0.00771989
-690.04899288	0.00798961
-690.01565974	0.00807343
-689.98232659	0.00819076
-689.94899344	0.00807819
-689.91566030	0.00798082
-689.88232715	0.00772649
-689.84899401	0.00749596
-689.81566086	0.00723985
-689.78232771	0.00696630
-689.74899457	0.00672816
-689.71566142	0.00662054
-689.68232827	0.00646886
-689.64899513	0.00631550
-689.61566198	0.00624390
-689.58232884	0.00612398
-689.54899569	0.00601090
-689.51566254	0.00593569
-689.48232940	0.00579183
-689.44899625	0.00567143
-689.41566310	0.00563251
-689.38232996	0.00550283
-689.34899681	0.00544477
-689.31566367	0.00537409
-689.28233052	0.00532259
-689.24899737	0.00525100
-689.21566423	0.00519246
-689.18233108	0.00521321
-689.14899794	0.00527488
-689.11566479	0.00532509
-689.08233164	0.00539872
-689.04899850	0.00547679
-689.01566535	0.00562585
-688.98233220	0.00568388
-688.94899906	0.00576092
-688.91566591	0.00582228
-688.88233277	0.00585923
-688.84899962	0.00581826
-688.81566647	0.00583114
-688.78233333	0.00574820
-688.74900018	0.00568298
-688.71566704	0.00570454
-688.68233389	0.00551311
-688.64900074	0.00546047
-688.61566760	0.00538205
-688.58233445	0.00537985
-688.54900130	0.00534781
-688.51566816	0.00530164
-688.48233501	0.00533232
-688.44900187	0.00531129
-688.41566872	0.00533853
-688.38233557	0.00536706
-688.34900243	0.00537395
-688.31566928	0.00544249
-688.28233614	0.00550859
-688.24900299	0.00555898
-688.21566984	0.00558554
-688.18233670	0.00560317
-688.14900355	0.00547904
-688.11567040	0.00550032
-688.08233726	0.00548388
-688.04900411	0.00543920
-688.01567097	0.00544096
-687.98233782	0.00536632
-687.94900467	0.00537977
-687.91567153	0.00532209
-687.88233838	0.00530860
-687.84900524	0.00525611
-687.81567209	0.00526427
-687.78233894	0.00527618
-687.74900580	0.00525294
-687.71567265	0.00525634
-687.68233950	0.00522256
-687.64900636	0.00524463
-687.61567321	0.00522594
-687.58234007	0.00527545
-687.54900692	0.00528430
-687.51567377	0.00532231
-687.48234063	0.00533366
-687.44900748	0.00540141
-687.41567433	0.00549723
-687.38234119	0.00554968
-687.34900804	0.00562138
-687.31567490	0.00578333
-687.28234175	0.00588630
-687.24900860	0.00603061
-687.21567546	0.00615970
-687.18234231	0.00626338
-687.14900917	0.00652959
-687.11567602	0.00660716
-687.08234287	0.00680434
-687.04900973	0.00693307
-687.01567658	0.00701930
-686.98234343	0.00714305
-686.94901029	0.00716540
-686.91567714	0.00722779
-686.88234400	0.00727404
-686.84901085	0.00730568
-686.81567770	0.00719698
-686.78234456	0.00720650
-686.74901141	0.00721135
-686.71567827	0.00719166
-686.68234512	0.00710538
-686.64901197	0.00704081
-686.61567883	0.00700434
-686.58234568	0.00693117
-686.54901253	0.00687638
-686.51567939	0.00679311
-686.48234624	0.00664935
-686.44901310	0.00655249
-686.41567995	0.00637843
-686.38234680	0.00615811
-686.34901366	0.00578453
-686.31568051	0.00532857
-686.28234737	0.00465170
-686.24901422	0.00382233
-686.21568107	0.00285625
-686.18234793	0.00169053
-686.14901478	0.00033938
-686.11568163	-0.00113879
-686.08234849	-0.00273972
-686.04901534	-0.00444454
-686.01568220	-0.00622629
-685.98234905	-0.00806644
-685.94901590	-0.00967037
-685.91568276	-0.01117944
-685.88234961	-0.01235259
-685.84901647	-0.01295064
-685.81568332	-0.01280717
-685.78235017	-0.01172569
-685.74901703	-0.00954343
-685.71568388	-0.00630164
-685.68235073	-0.00213092
-685.64901759	0.00287195
-685.61568444	0.00814180
-685.58235130	0.01323532
-685.54901815	0.01763887
-685.51568500	0.02112834
-685.48235186	0.02329508
-685.44901871	0.02418956
-685.41568557	0.02385144
-685.38235242	0.02253541
-685.34901927	0.02063522
-685.31568613	0.01828484
-685.28235298	0.01580279
-685.24901983	0.01335574
-685.21568669	0.01105085
-685.18235354	0.00897467
-685.14902040	0.00737234
-685.11568725	0.00618218
-685.08235410	0.00564403
-685.04902096	0.00560007
-685.01568781	0.00601022
-684.98235466	0.00671028
-684.94902152	0.00757270
-684.91568837	0.00852065
-684.88235523	0.00960155
-684.84902208	0.01079198
-684.81568893	0.01207838
-684.78235579	0.01351693
-684.74902264	0.01491148
-684.71568950	0.01629099
-684.68235635	0.01740783
-684.64902320	0.01862537
-684.61569006	0.01973921
-684.58235691	0.02093517
-684.54902376	0.02232780
-684.51569062	0.02391666
-684.48235747	0.02563750
-684.44902433	0.02751896
-684.41569118	0.02976305
-684.38235803	0.03219136
-684.34902489	0.03491491
-684.31569174	0.03794100
-684.28235860	0.04140860
-684.24902545	0.04504361
-684.21569230	0.04907259
-684.18235916	0.05334240
-684.14902601	0.05802524
-684.11569286	0.06289536
-684.08235972	0.06815894
-684.04902657	0.07367604
-684.01569343	0.07969254
-683.98236028	0.08597250
-683.94902713	0.09275911
-683.91569399	0.10001886
-683.88236084	0.10773517
-683.84902770	0.11603888
-683.81569455	0.12496924
-683.78236140	0.13464354
-683.74902826	0.14493950
-683.71569511	0.15604540
-683.68236196	0.16809616
-683.64902882	0.18095360
-683.61569567	0.19486877
-683.58236253	0.20984331
-683.54902938	0.22590860
-683.51569623	0.24302643
-683.48236309	0.26146921
-683.44902994	0.28109775
-683.41569680	0.30184017
-683.38236365	0.32361578
-683.34903050	0.34618421
-683.31569736	0.36910851
-683.28236421	0.39183739
-683.24903106	0.41355260
-683.21569792	0.43316470
-683.18236477	0.44894926
-683.14903163	0.45930379
-683.11569848	0.46164335
-683.08236533	0.45326246
-683.04903219	0.43132871
-683.01569904	0.39254818
-682.98236590	0.33357326
-682.94903275	0.25119487
-682.91569960	0.14298215
-682.88236646	0.00694761
-682.84903331	-0.15824413
-682.81570016	-0.35317343
-682.78236702	-0.57739709
-682.74903387	-0.82954665
-682.71570073	-1.10835766
-682.68236758	-1.41104092
-682.64903443	-1.73305015
-682.61570129	-2.06787682
-682.58236814	-2.40628610
-682.54903499	-2.73435153
-682.51570185	-3.03308385
-682.48236870	-3.27740806
-682.44903556	-3.43856017
-682.41570241	-3.48523523
-682.38236926	-3.38920619
-682.34903612	-3.13230228
-682.31570297	-2.71164388
-682.28236983	-2.14413920
-682.24903668	-1.46657637
-682.21570353	-0.73077750
-682.18237039	0.00740277
-682.14903724	0.69433379
-682.11570409	1.28613601
-682.08237095	1.75474334
-682.04903780	2.08843184
-682.01570466	2.28913055
-681.98237151	2.36921150
-681.94903836	2.34690773
-681.91570522	2.24120919
-681.88237207	2.06895603
-681.84903893	1.84672110
-681.81570578	1.59144476
-681.78237263	1.32172645
-681.74903949	1.05744581
-681.71570634	0.81693474
-681.68237319	0.61238796
-681.64904005	0.44716353
-681.61570690	0.31760360
-681.58237376	0.21611167
-681.54904061	0.13650932
-681.51570746	0.07716052
-681.48237432	0.04015296
-681.44904117	0.02725964
-681.41570803	0.03591882
-681.38237488	0.05733847
-681.34904173	0.07986359
-681.31570859	0.09312671
-681.28237544	0.09306787
-681.24904229	0.08205426
-681.21570915	0.06578613
-681.18237600	0.04940187
-681.14904286	0.03436720
-681.11570971	0.01895065
-681.08237656	0.00147635
-681.04904342	-0.01760078
-681.01571027	-0.03510036
-680.98237713	-0.04709245
-680.94904398	-0.05116583
-680.91571083	-0.04705841
-680.88237769	-0.03666654
-680.84904454	-0.02222160
-680.81571139	-0.00538743
-680.78237825	0.01231779
-680.74904510	0.02912640
-680.71571196	0.04287139
-680.68237881	0.05170897
-680.64904566	0.05491368
-680.61571252	0.05294658
-680.58237937	0.04708574
-680.54904622	0.03869593
-680.51571308	0.02892719
-680.48237993	0.01869408
-680.44904679	0.00866958
-680.41571364	-0.00035356
-680.38238049	-0.00765106
-680.34904735	-0.01293043
-680.31571420	-0.01604623
-680.28238106	-0.01678339
-680.24904791	-0.01531317
-680.21571476	-0.01265617
-680.18238162	-0.00964035
-680.14904847	-0.00708198
-680.11571532	-0.00490413
-680.08238218	-0.00300846
-680.04904903	-0.00089286
-680.01571589	0.00114488
-679.98238274	0.00239261
-679.94904959	0.00252839
-679.91571645	0.00211517
-679.88238330	0.00214451
-679.84905016	0.00317322
-679.81571701	0.00489193
-679.78238386	0.00620436
-679.74905072	0.00631594
-679.71571757	0.00509947
-679.68238442	0.00313882
-679.64905128	0.00126938
-679.61571813	0.00000831
-679.58238499	-0.00057329
-679.54905184	-0.00088206
-679.51571869	-0.00119441
-679.48238555	-0.00199659
-679.44905240	-0.00329339
-679.41571926	-0.00508301
-679.38238611	-0.00713515
-679.34905296	-0.00912321
-679.31571982	-0.01131667
-679.28238667	-0.01398189
-679.24905352	-0.01729539
-679.21572038	-0.02116366
-679.18238723	-0.02455930
-679.14905409	-0.02616504
-679.11572094	-0.02490007
-679.08238779	-0.02065311
-679.04905465	-0.01400187
-679.01572150	-0.00597342
-678.98238836	0.00288060
-678.94905521	0.01247916
-678.91572206	0.02301911
-678.88238892	0.03417732
-678.84905577	0.04541842
-678.81572262	0.05560324
-678.78238948	0.06353003
-678.74905633	0.06845608
-678.71572319	0.07011394
-678.68239004	0.06824233
-678.64905689	0.06322324
-678.61572375	0.05545548
-678.58239060	0.04568058
-678.54905746	0.03462135
-678.51572431	0.02289497
-678.48239116	0.01100819
-678.44905802	-0.00049558
-678.41572487	-0.01105483
-678.38239172	-0.01989463
-678.34905858	-0.02701794
-678.31572543	-0.03242748
-678.28239229	-0.03641705
-678.24905914	-0.03954113
-678.21572599	-0.04228473
-678.18239285	-0.04501728
-678.14905970	-0.04801393
-678.11572655	-0.05127252
-678.08239341	-0.05456916
-678.04906026	-0.05741656
-678.01572712	-0.05961872
-677.98239397	-0.06079013
-677.94906082	-0.06101947
-677.91572768	-0.06006884
-677.88239453	-0.05771695
-677.84906139	-0.05416704
-677.81572824	-0.04938225
-677.78239509	-0.04370696
-677.74906195	-0.03770546
-677.71572880	-0.03182996
-677.68239565	-0.02640524
-677.64906251	-0.02150767
-677.61572936	-0.01719837
-677.58239622	-0.01323947
-677.54906307	-0.00952889
-677.51572992	-0.00608773
-677.48239678	-0.00305840
-677.44906363	-0.00038436
-677.41573049	0.00189874
-677.38239734	0.00381225
-677.34906419	0.00524736
-677.31573105	0.00612453
-677.28239790	0.00626813
-677.24906475	0.00565761
-677.21573161	0.00453107
-677.18239846	0.00321775
-677.14906532	0.00239337
-677.11573217	0.00239875
-677.08239902	0.00324160
-677.04906588	0.00419828
-677.01573273	0.00474568
-676.98239959	0.00416442
-676.94906644	0.00238650
-676.91573329	-0.00013472
-676.88240015	-0.00302488
-676.84906700	-0.00581745
-676.81573385	-0.00829961
-676.78240071	-0.01033839
-676.74906756	-0.01202169
-676.71573442	-0.01343588
-676.68240127	-0.01418607
-676.64906812	-0.01397359
-676.61573498	-0.01272582
-676.58240183	-0.01048512
-676.54906869	-0.00736581
-676.51573554	-0.00380703
-676.48240239	0.00001935
-676.44906925	0.00386954
-676.41573610	0.00759141
-676.38240295	0.01116381
-676.34906981	0.01413892
-676.31573666	0.01641089
-676.28240352	0.01744883
-676.24907037	0.01735215
-676.21573722	0.01611510
-676.18240408	0.01415194
-676.14907093	0.01226448
-676.11573779	0.01115195
-676.08240464	0.01115015
-676.04907149	0.01217766
-676.01573835	0.01365122
-675.98240520	0.01504173
-675.94907205	0.01564422
-675.91573891	0.01527874
-675.88240576	0.01410349
-675.84907262	0.01252977
-675.81573947	0.01120572
-675.78240632	0.01021963
-675.74907318	0.00956713
-675.71574003	0.00902788
-675.68240688	0.00863274
-675.64907374	0.00826223
-675.61574059	0.00840233
-675.58240745	0.00928767
-675.54907430	0.01084048
-675.51574115	0.01289099
-675.48240801	0.01505963
-675.44907486	0.01682636
-675.41574172	0.01810296
-675.38240857	0.01886209
-675.34907542	0.01955124
-675.31574228	0.02049361
-675.28240913	0.02182554
-675.24907598	0.02344390
-675.21574284	0.02509467
-675.18240969	0.02634482
-675.14907655	0.02694194
-675.11574340	0.02664270
-675.08241025	0.02550503
-675.04907711	0.02379917
-675.01574396	0.02184451
-674.98241082	0.02027439
-674.94907767	0.01944155
-674.91574452	0.01964918
-674.88241138	0.02118726
-674.84907823	0.02394740
-674.81574508	0.02759614
-674.78241194	0.03178735
-674.74907879	0.03626548
-674.71574565	0.04061055
-674.68241250	0.04453529
-674.64907935	0.04753159
-674.61574621	0.04953634
-674.58241306	0.05002907
-674.54907992	0.04905410
-674.51574677	0.04674433
-674.48241362	0.04293058
-674.44908048	0.03756693
-674.41574733	0.02995743
-674.38241418	0.01977470
-674.34908104	0.00662027
-674.31574789	-0.00961081
-674.28241475	-0.02838600
-674.24908160	-0.04898314
-674.21574845	-0.07059609
-674.18241531	-0.09261844
-674.14908216	-0.11467360
-674.11574902	-0.13616823
-674.08241587	-0.15658861
-674.04908272	-0.17492223
-674.01574958	-0.18927283
-673.98241643	-0.19736452
-673.94908328	-0.19687693
-673.91575014	-0.18588929
-673.88241699	-0.16334517
-673.84908385	-0.12972571
-673.81575070	-0.08681538
-673.78241755	-0.03772168
-673.74908441	0.01379496
-673.71575126	0.06349293
-673.68241811	0.10747099
-673.64908497	0.14249844
-673.61575182	0.16639125
-673.58241868	0.17844894
-673.54908553	0.17926161
-673.51575238	0.17049620
-673.48241924	0.15417850
-673.44908609	0.13203425
-673.41575295	0.10582522
-673.38241980	0.07722028
-673.34908665	0.04818909
-673.31575351	0.02103194
-673.28242036	-0.00206581
-673.24908721	-0.01939235
-673.21575407	-0.03004653
-673.18242092	-0.03430023
-673.14908778	-0.03347352
-673.11575463	-0.02904062
-673.08242148	-0.02252650
-673.04908834	-0.01529708
-673.01575519	-0.00795989
-672.98242205	-0.00095440
-672.94908890	0.00533112
-672.91575575	0.01043598
-672.88242261	0.01403907
-672.84908946	0.01581468
-672.81575631	0.01584095
-672.78242317	0.01465871
-672.74909002	0.01292330
-672.71575688	0.01104717
-672.68242373	0.00940685
-672.64909058	0.00809330
-672.61575744	0.00708697
-672.58242429	0.00666694
-672.54909115	0.00686679
-672.51575800	0.00795085
-672.48242485	0.00948510
-672.44909171	0.01135210
-672.41575856	0.01340551
-672.38242541	0.01548756
-672.34909227	0.01780542
-672.31575912	0.02058504
-672.28242598	0.02387434
-672.24909283	0.02743827
-672.21575968	0.03082326
-672.18242654	0.03371260
-672.14909339	0.03561336
-672.11576025	0.03669601
-672.08242710	0.03731032
-672.04909395	0.03818584
-672.01576081	0.03969666
-671.98242766	0.04267568
-671.94909451	0.04698690
-671.91576137	0.05252135
-671.88242822	0.05902589
-671.84909508	0.06617900
-671.81576193	0.07379744
-671.78242878	0.08143730
-671.74909564	0.08889265
-671.71576249	0.09576089
-671.68242935	0.10183721
-671.64909620	0.10715514
-671.61576305	0.11203371
-671.58242991	0.11705809
-671.54909676	0.12267500
-671.51576361	0.12898789
-671.48243047	0.13581707
-671.44909732	0.14280054
-671.41576418	0.14932028
-671.38243103	0.15488089
-671.34909788	0.15883923
-671.31576474	0.16068267
-671.28243159	0.15966879
-671.24909844	0.15537482
-671.21576530	0.14722634
-671.18243215	0.13443991
-671.14909901	0.11641639
-671.11576586	0.09218226
-671.08243271	0.06082469
-671.04909957	0.02189139
-671.01576642	-0.02503332
-670.98243328	-0.07990738
-670.94910013	-0.14225976
-670.91576698	-0.21152215
-670.88243384	-0.28701571
-670.84910069	-0.36826395
-670.81576754	-0.45406343
-670.78243440	-0.54294265
-670.74910125	-0.63235653
-670.71576811	-0.71885498
-670.68243496	-0.79753650
-670.64910181	-0.86203441
-670.61576867	-0.90513445
-670.58243552	-0.91877974
-670.54910238	-0.89575994
-670.51576923	-0.83069652
-670.48243608	-0.72196126
-670.44910294	-0.57258485
-670.41576979	-0.39064956
-670.38243664	-0.18884618
-670.34910350	0.01757136
-670.31577035	0.21328424
-670.28243721	0.38464191
-670.24910406	0.52177798
-670.21577091	0.61993074
-670.18243777	0.67892281
-670.14910462	0.70223898
-670.11577148	0.69512969
-670.08243833	0.66352770
-670.04910518	0.61268384
-670.01577204	0.54745231
-669.98243889	0.47268027
-669.94910574	0.39378902
-669.91577260	0.31648893
-669.88243945	0.24615468
-669.84910631	0.18645066
-669.81577316	0.13880799
-669.78244001	0.10202779
-669.74910687	0.07368709
-669.71577372	0.05151852
-669.68244058	0.03473774
-669.64910743	0.02375875
-669.61577428	0.01916071
-669.58244114	0.02056322
-669.54910799	0.02572843
-669.51577484	0.03134719
-669.48244170	0.03429412
-669.44910855	0.03316709
-669.41577541	0.02841303
-669.38244226	0.02163541
-669.34910911	0.01455430
-669.31577597	0.00796911
-669.28244282	0.00173009
-669.24910968	-0.00451527
-669.21577653	-0.01030116
-669.18244338	-0.01467024
-669.14911024	-0.01687068
-669.11577709	-0.01649939
-669.08244394	-0.01387612
-669.04911080	-0.00968803
-669.01577765	-0.00454751
-668.98244451	0.00111335
-668.94911136	0.00700880
-668.91577821	0.01268344
-668.88244507	0.01775715
-668.84911192	0.02129791
-668.81577877	0.02330042
-668.78244563	0.02410217
-668.74911248	0.02398241
-668.71577934	0.02336542
-668.68244619	0.02245327
-668.64911304	0.02121523
-668.61577990	0.01932071
-668.58244675	0.01686864
-668.54911361	0.01407722
-668.51578046	0.01108947
-668.48244731	0.00839044
-668.44911417	0.00623147
-668.41578102	0.00488307
-668.38244787	0.00393759
-668.34911473	0.00302029
-668.31578158	0.00186234
-668.28244844	0.00070652
-668.24911529	-0.00023672
-668.21578214	-0.00052763
-668.18244900	0.00005076
-668.14911585	0.00117590
-668.11578271	0.00281074
-668.08244956	0.00459729
-668.04911641	0.00673509
-668.01578327	0.00924853
-667.98245012	0.01182792
-667.94911697	0.01390280
-667.91578383	0.01503525
-667.88245068	0.01492346
-667.84911754	0.01357118
-667.81578439	0.01097501
-667.78245124	0.00746359
-667.74911810	0.00324259
-667.71578495	-0.00114748
-667.68245181	-0.00506280
-667.64911866	-0.00832954
-667.61578551	-0.01082702
-667.58245237	-0.01268176
-667.54911922	-0.01428307
-667.51578607	-0.01573337
-667.48245293	-0.01698737
-667.44911978	-0.01761587
-667.41578664	-0.01781367
-667.38245349	-0.01735970
-667.34912034	-0.01623678
-667.31578720	-0.01469468
-667.28245405	-0.01269816
-667.24912091	-0.01021267
-667.21578776	-0.00735620
-667.18245461	-0.00427793
-667.14912147	-0.00075442
-667.11578832	0.00323681
-667.08245517	0.00776804
-667.04912203	0.01293750
-667.01578888	0.01846110
-666.98245574	0.02408868
-666.94912259	0.02947138
-666.91578944	0.03410871
-666.88245630	0.03753208
-666.84912315	0.03920600
-666.81579000	0.03894874
-666.78245686	0.03655510
-666.74912371	0.03232699
-666.71579057	0.02641266
-666.68245742	0.01942180
-666.64912427	0.01195059
-666.61579113	0.00466600
-666.58245798	-0.00174811
-666.54912484	-0.00692254
-666.51579169	-0.01042128
-666.48245854	-0.01256773
-666.44912540	-0.01358918
-666.41579225	-0.01389764
-666.38245910	-0.01363238
-666.34912596	-0.01284223
-666.31579281	-0.01144437
-666.28245967	-0.00933190
-666.24912652	-0.00652150
-666.21579337	-0.00351447
-666.18246023	-0.00093730
-666.14912708	0.00075784
-666.11579394	0.00122043
-666.08246079	0.00013484
-666.04912764	-0.00218485
-666.01579450	-0.00542567
-665.98246135	-0.00910712
-665.94912820	-0.01292441
-665.91579506	-0.01635432
-665.88246191	-0.01913052
-665.84912877	-0.02094339
-665.81579562	-0.02163064
-665.78246247	-0.02099152
-665.74912933	-0.01918510
-665.71579618	-0.01641844
-665.68246304	-0.01305753
-665.64912989	-0.00975508
-665.61579674	-0.00655750
-665.58246360	-0.00366771
-665.54913045	-0.00108129
-665.51579730	0.00146136
-665.48246416	0.00397750
-665.44913101	0.00650500
-665.41579787	0.00872869
-665.38246472	0.01049640
-665.34913157	0.01173346
-665.31579843	0.01256734
-665.28246528	0.01325370
-665.24913214	0.01388016
-665.21579899	0.01437250
-665.18246584	0.01454638
-665.14913270	0.01397825
-665.11579955	0.01265223
-665.08246640	0.01074123
-665.04913326	0.00826333
-665.01580011	0.00571064
-664.98246697	0.00297963
-664.94913382	0.00023940
-664.91580067	-0.00252849
-664.88246753	-0.00531347
-664.84913438	-0.00807880
-664.81580124	-0.01052583
-664.78246809	-0.01216170
-664.74913494	-0.01314975
-664.71580180	-0.01305338
-664.68246865	-0.01207467
-664.64913550	-0.01021255
-664.61580236	-0.00742312
-664.58246921	-0.00368307
-664.54913607	0.00062217
-664.51580292	0.00558448
-664.48246977	0.01051024
-664.44913663	0.01492918
-664.41580348	0.01825738
-664.38247033	0.02019979
-664.34913719	0.02080630
-664.31580404	0.02032789
-664.28247090	0.01894735
-664.24913775	0.01698466
-664.21580460	0.01452379
-664.18247146	0.01154408
-664.14913831	0.00824580
-664.11580517	0.00473418
-664.08247202	0.00154407
-664.04913887	-0.00088478
-664.01580573	-0.00241143
-663.98247258	-0.00287606
-663.94913943	-0.00231082
-663.91580629	-0.00107918
-663.88247314	0.00063951
-663.84914000	0.00279917
-663.81580685	0.00523818
-663.78247370	0.00776902
-663.74914056	0.01033475
-663.71580741	0.01237647
-663.68247427	0.01388191
-663.64914112	0.01460065
-663.61580797	0.01462093
-663.58247483	0.01434743
-663.54914168	0.01392117
-663.51580853	0.01384833
-663.48247539	0.01419328
-663.44914224	0.01504726
-663.41580910	0.01611000
-663.38247595	0.01707496
-663.34914280	0.01769889
-663.31580966	0.01785369
-663.28247651	0.01754026
-663.24914337	0.01695022
-663.21581022	0.01609518
-663.18247707	0.01501574
-663.14914393	0.01382978
-663.11581078	0.01225282
-663.08247763	0.01044271
-663.04914449	0.00846906
-663.01581134	0.00680228
-662.98247820	0.00584152
-662.94914505	0.00588529
-662.91581190	0.00688301
-662.88247876	0.00869800
-662.84914561	0.01091708
-662.81581247	0.01324417
-662.78247932	0.01554424
-662.74914617	0.01797144
-662.71581303	0.02064394
-662.68247988	0.02353032
-662.64914673	0.02628087
-662.61581359	0.02813580
-662.58248044	0.02834981
-662.54914730	0.02630606
-662.51581415	0.02181460
-662.48248100	0.01500849
-662.44914786	0.00625491
-662.41581471	-0.00382230
-662.38248156	-0.01443397
-662.34914842	-0.02520344
-662.31581527	-0.03565653
-662.28248213	-0.04542160
-662.24914898	-0.05409243
-662.21581583	-0.06097650
-662.18248269	-0.06544958
-662.14914954	-0.06671519
-662.11581640	-0.06436092
-662.08248325	-0.05829023
-662.04915010	-0.04873053
-662.01581696	-0.03616351
-661.98248381	-0.02132637
-661.94915066	-0.00511457
-661.91581752	0.01113532
-661.88248437	0.02634561
-661.84915123	0.03916043
-661.81581808	0.04828251
-661.78248493	0.05326834
-661.74915179	0.05419494
-661.71581864	0.05177681
-661.68248550	0.04713485
-661.64915235	0.04128169
-661.61581920	0.03498627
-661.58248606	0.02862007
-661.54915291	0.02217684
-661.51581976	0.01558874
-661.48248662	0.00908276
-661.44915347	0.00302442
-661.41582033	-0.00202698
-661.38248718	-0.00562093
-661.34915403	-0.00748809
-661.31582089	-0.00769961
-661.28248774	-0.00679000
-661.24915460	-0.00502263
-661.21582145	-0.00287860
-661.18248830	-0.00051551
-661.14915516	0.00170791
-661.11582201	0.00353345
-661.08248886	0.00485485
-661.04915572	0.00567371
-661.01582257	0.00610088
-660.98248943	0.00642078
-660.94915628	0.00672640
-660.91582313	0.00727434
-660.88248999	0.00791816
-660.84915684	0.00859021
-660.81582370	0.00921260
-660.78249055	0.00948812
-660.74915740	0.00945045
-660.71582426	0.00891465
-660.68249111	0.00797299
-660.64915796	0.00662651
-660.61582482	0.00500648
-660.58249167	0.00366775
-660.54915853	0.00298705
-660.51582538	0.00332751
-660.48249223	0.00479639
-660.44915909	0.00711601
-660.41582594	0.00961573
-660.38249280	0.01179506
-660.34915965	0.01346605
-660.31582650	0.01459843
-660.28249336	0.01540949
-660.24916021	0.01621678
-660.21582706	0.01714612
-660.18249392	0.01818609
-660.14916077	0.01926804
-660.11582763	0.02003749
-660.08249448	0.02057436
-660.04916133	0.02111329
-660.01582819	0.02155110
-659.98249504	0.02225411
-659.94916189	0.02314460
-659.91582875	0.02434322
-659.88249560	0.02575045
-659.84916246	0.02734186
-659.81582931	0.02930188
-659.78249616	0.03160902
-659.74916302	0.03426859
-659.71582987	0.03725151
-659.68249673	0.04025101
-659.64916358	0.04314294
-659.61583043	0.04560353
-659.58249729	0.04755739
-659.54916414	0.04900585
-659.51583099	0.04987316
-659.48249785	0.05010901
-659.44916470	0.04973661
-659.41583156	0.04871933
-659.38249841	0.04678275
-659.34916526	0.04367500
-659.31583212	0.03904169
-659.28249897	0.03264571
-659.24916583	0.02434860
-659.21583268	0.01410315
-659.18249953	0.00157257
-659.14916639	-0.01315247
-659.11583324	-0.03020113
-659.08250009	-0.04951396
-659.04916695	-0.07091917
-659.01583380	-0.09420994
-658.98250066	-0.11899103
-658.94916751	-0.14494489
-658.91583436	-0.17139321
-658.88250122	-0.19744412
-658.84916807	-0.22184994
-658.81583493	-0.24258483
-658.78250178	-0.25726610
-658.74916863	-0.26329665
-658.71583549	-0.25825284
-658.68250234	-0.24060475
-658.64916919	-0.20958969
-658.61583605	-0.16606290
-658.58250290	-0.11228767
-658.54916976	-0.05187032
-658.51583661	0.01043909
-658.48250346	0.06954706
-658.44917032	0.12108387
-658.41583717	0.16173571
-658.38250403	0.18977988
-658.34917088	0.20551503
-658.31583773	0.21028620
-658.28250459	0.20617774
-658.24917144	0.19509614
-658.21583829	0.17901366
-658.18250515	0.15904328
-658.14917200	0.13649401
-658.11583886	0.11293441
-658.08250571	0.09018370
-658.04917256	0.06972132
-658.01583942	0.05277895
-657.98250627	0.03966751
-657.94917313	0.03020519
-657.91583998	0.02353231
-657.88250683	0.01891940
-657.84917369	0.01598926
-657.81584054	0.01451642
-657.78250739	0.01448741
-657.74917425	0.01548928
-657.71584110	0.01664651
-657.68250796	0.01722582
-657.64917481	0.01665441
-657.61584166	0.01476574
-657.58250852	0.01204356
-657.54917537	0.00929616
-657.51584222	0.00696308
-657.48250908	0.00547012
-657.44917593	0.00454237
-657.41584279	0.00387218
-657.38250964	0.00333163
-657.34917649	0.00265530
-657.31584335	0.00216051
-657.28251020	0.00187505
-657.24917706	0.00202850
-657.21584391	0.00256140
-657.18251076	0.00334069
-657.14917762	0.00423776
-657.11584447	0.00508242
-657.08251132	0.00571617
-657.04917818	0.00613996
-657.01584503	0.00642844
-656.98251189	0.00685507
-656.94917874	0.00775548
-656.91584559	0.00915796
-656.88251245	0.01097778
-656.84917930	0.01270911
-656.81584616	0.01391627
-656.78251301	0.01415237
-656.74917986	0.01339933
-656.71584672	0.01188480
-656.68251357	0.00992005
-656.64918042	0.00784166
-656.61584728	0.00603185
-656.58251413	0.00457398
-656.54918099	0.00314013
-656.51584784	0.00197468
-656.48251469	0.00081796
-656.44918155	0.00000399
-656.41584840	-0.00027137
-656.38251526	0.00010138
-656.34918211	0.00102874
-656.31584896	0.00255278
-656.28251582	0.00428593
-656.24918267	0.00629913
-656.21584952	0.00831231
-656.18251638	0.01048918
-656.14918323	0.01268850
-656.11585009	0.01482902
-656.08251694	0.01662740
-656.04918379	0.01769715
-656.01585065	0.01792760
-655.98251750	0.01726795
-655.94918436	0.01583961
-655.91585121	0.01387656
-655.88251806	0.01179245
-655.84918492	0.00984111
-655.81585177	0.00798653
-655.78251862	0.00618049
-655.74918548	0.00454210
-655.71585233	0.00291758
-655.68251919	0.00156870
-655.64918604	0.00084706
-655.61585289	0.00063680
-655.58251975	0.00110228
-655.54918660	0.00194319
-655.51585345	0.00280199
-655.48252031	0.00338072
-655.44918716	0.00353467
-655.41585402	0.00335849
-655.38252087	0.00303499
-655.34918772	0.00287337
-655.31585458	0.00298998
-655.28252143	0.00361436
-655.24918829	0.00498768
-655.21585514	0.00694761
-655.18252199	0.00964010
-655.14918885	0.01266848
-655.11585570	0.01577288
-655.08252255	0.01871546
-655.04918941	0.02110566
-655.01585626	0.02273779
-654.98252312	0.02339845
-654.94918997	0.02307156
-654.91585682	0.02160947
-654.88252368	0.01914836
-654.84919053	0.01597030
-654.81585739	0.01221569
-654.78252424	0.00831998
-654.74919109	0.00488472
-654.71585795	0.00192342
-654.68252480	-0.00039775
-654.64919165	-0.00235202
-654.61585851	-0.00388829
-654.58252536	-0.00497698
-654.54919222	-0.00563964
-654.51585907	-0.00546718
-654.48252592	-0.00447262
-654.44919278	-0.00279922
-654.41585963	-0.00068634
-654.38252649	0.00152285
-654.34919334	0.00360145
-654.31586019	0.00544709
-654.28252705	0.00700004
-654.24919390	0.00814379
-654.21586075	0.00881255
-654.18252761	0.00886896
-654.14919446	0.00823042
-654.11586132	0.00695469
-654.08252817	0.00546337
-654.04919502	0.00369193
-654.01586188	0.00201965
-653.98252873	0.00054807
-653.94919559	-0.00068796
-653.91586244	-0.00187223
-653.88252929	-0.00298320
-653.84919615	-0.00399750
-653.81586300	-0.00499492
-653.78252985	-0.00559339
-653.74919671	-0.00563015
-653.71586356	-0.00491880
-653.68253042	-0.00341053
-653.64919727	-0.00130808
-653.61586412	0.00105878
-653.58253098	0.00326497
-653.54919783	0.00503550
-653.51586469	0.00637998
-653.48253154	0.00727879
-653.44919839	0.00802273
-653.41586525	0.00872099
-653.38253210	0.00936445
-653.34919895	0.00983343
-653.31586581	0.01005315
-653.28253266	0.00997365
-653.24919952	0.00961817
-653.21586637	0.00894073
-653.18253322	0.00792116
-653.14920008	0.00640194
-653.11586693	0.00425716
-653.08253378	0.00145848
-653.04920064	-0.00166563
-653.01586749	-0.00494258
-652.98253435	-0.00776831
-652.94920120	-0.00983432
-652.91586805	-0.01087076
-652.88253491	-0.01105034
-652.84920176	-0.01065790
-652.81586862	-0.00969534
-652.78253547	-0.00848002
-652.74920232	-0.00712949
-652.71586918	-0.00561636
-652.68253603	-0.00394228
-652.64920288	-0.00224053
-652.61586974	-0.00059167
-652.58253659	0.00111628
-652.54920345	0.00259241
-652.51587030	0.00405619
-652.48253715	0.00549678
-652.44920401	0.00653886
-652.41587086	0.00701852
-652.38253772	0.00692283
-652.34920457	0.00586787
-652.31587142	0.00406289
-652.28253828	0.00178785
-652.24920513	-0.00070161
-652.21587198	-0.00301937
-652.18253884	-0.00488387
-652.14920569	-0.00619444
-652.11587255	-0.00690576
-652.08253940	-0.00702919
-652.04920625	-0.00673388
-652.01587311	-0.00609276
-651.98253996	-0.00520980
-651.94920682	-0.00403609
-651.91587367	-0.00268032
-651.88254052	-0.00129616
-651.84920738	0.00007360
-651.81587423	0.00130265
-651.78254108	0.00223471
-651.74920794	0.00283305
-651.71587479	0.00293643
-651.68254165	0.00268662
-651.64920850	0.00251018
-651.61587535	0.00256040
-651.58254221	0.00302679
-651.54920906	0.00392330
-651.51587592	0.00502313
-651.48254277	0.00614699
-651.44920962	0.00703851
-651.41587648	0.00761125
-651.38254333	0.00784545
-651.34921018	0.00766048
-651.31587704	0.00705468
-651.28254389	0.00610381
-651.24921075	0.00499900
-651.21587760	0.00404324
-651.18254445	0.00344350
-651.14921131	0.00362321
-651.11587816	0.00421125
-651.08254502	0.00535681
-651.04921187	0.00669448
-651.01587872	0.00823180
-650.98254558	0.00973738
-650.94921243	0.01146835
-650.91587928	0.01344547
-650.88254614	0.01567608
-650.84921299	0.01809086
-650.81587985	0.02066199
-650.78254670	0.02296382
-650.74921355	0.02483456
-650.71588041	0.02626527
-650.68254726	0.02708927
-650.64921411	0.02712896
-650.61588097	0.02641171
-650.58254782	0.02464109
-650.54921468	0.02192510
-650.51588153	0.01821122
-650.48254838	0.01384030
-650.44921524	0.00888860
-650.41588209	0.00394574
-650.38254895	-0.00065201
-650.34921580	-0.00422768
-650.31588265	-0.00661489
-650.28254951	-0.00751573
-650.24921636	-0.00696443
-650.21588321	-0.00494605
-650.18255007	-0.00160706
-650.14921692	0.00278337
-650.11588378	0.00789448
-650.08255063	0.01313371
-650.04921748	0.01814506
-650.01588434	0.02222805
-649.98255119	0.02495689
-649.94921805	0.02626887
-649.91588490	0.02622495
-649.88255175	0.02517634
-649.84921861	0.02356880
-649.81588546	0.02135121
-649.78255231	0.01859987
-649.74921917	0.01546397
-649.71588602	0.01184355
-649.68255288	0.00809345
-649.64921973	0.00437995
-649.61588658	0.00103669
-649.58255344	-0.00179531
-649.54922029	-0.00406644
-649.51588715	-0.00593190
-649.48255400	-0.00739891
-649.44922085	-0.00848485
-649.41588771	-0.00912062
-649.38255456	-0.00916875
-649.34922141	-0.00874965
-649.31588827	-0.00782151
-649.28255512	-0.00665971
-649.24922198	-0.00524496
-649.21588883	-0.00372787
-649.18255568	-0.00221110
-649.14922254	-0.00075360
-649.11588939	0.00052328
-649.08255625	0.00163749
-649.04922310	0.00260534
-649.01588995	0.00351547
-648.98255681	0.00435552
-648.94922366	0.00507859
-648.91589051	0.00559480
-648.88255737	0.00599133
-648.84922422	0.00619970
-648.81589108	0.00632669
-648.78255793	0.00662182
-648.74922478	0.00710435
-648.71589164	0.00789333
-648.68255849	0.00885677
-648.64922534	0.00971671
-648.61589220	0.01033037
-648.58255905	0.01051122
-648.54922591	0.01033007
-648.51589276	0.00994415
-648.48255961	0.00961790
-648.44922647	0.00953855
-648.41589332	0.00972913
-648.38256018	0.01020189
-648.34922703	0.01078364
-648.31589388	0.01147916
-648.28256074	0.01225306
-648.24922759	0.01310671
-648.21589444	0.01411040
-648.18256130	0.01504426
-648.14922815	0.01571471
-648.11589501	0.01596714
-648.08256186	0.01574201
-648.04922871	0.01525037
-648.01589557	0.01462223
-647.98256242	0.01427037
-647.94922928	0.01431005
-647.91589613	0.01472667
-647.88256298	0.01538209
-647.84922984	0.01595134
-647.81589669	0.01633614
-647.78256354	0.01645345
-647.74923040	0.01640899
-647.71589725	0.01639846
-647.68256411	0.01643891
-647.64923096	0.01649150
-647.61589781	0.01641952
-647.58256467	0.01584171
-647.54923152	0.01483056
-647.51589838	0.01312740
-647.48256523	0.01095272
-647.44923208	0.00841399
-647.41589894	0.00555346
-647.38256579	0.00232644
-647.34923264	-0.00142020
-647.31589950	-0.00575260
-647.28256635	-0.01067232
-647.24923321	-0.01610127
-647.21590006	-0.02182876
-647.18256691	-0.02777386
-647.14923377	-0.03370489
-647.11590062	-0.03980844
-647.08256748	-0.04613654
-647.04923433	-0.05252680
-647.01590118	-0.05874359
-646.98256804	-0.06446044
-646.94923489	-0.06876230
-646.91590174	-0.07110816
-646.88256860	-0.07042884
-646.84923545	-0.06618027
-646.81590231	-0.05821518
-646.78256916	-0.04663801
-646.74923601	-0.03211479
-646.71590287	-0.01568683
-646.68256972	0.00121158
-646.64923658	0.01748794
-646.61590343	0.03175462
-646.58257028	0.04335403
-646.54923714	0.05165558
-646.51590399	0.05689543
-646.48257084	0.05909554
-646.44923770	0.05880302
-646.41590455	0.05643217
-646.38257141	0.05242883
-646.34923826	0.04695889
-646.31590511	0.04043588
-646.28257197	0.03326015
-646.24923882	0.02574668
-646.21590567	0.01855318
-646.18257253	0.01223076
-646.14923938	0.00707570
-646.11590624	0.00359525
-646.08257309	0.00147870
-646.04923994	0.00048644
-646.01590680	0.00038551
-645.98257365	0.00084198
-645.94924051	0.00157424
-645.91590736	0.00254480
-645.88257421	0.00357247
-645.84924107	0.00447285
-645.81590792	0.00506492
-645.78257477	0.00515916
-645.74924163	0.00510437
-645.71590848	0.00475403
-645.68257534	0.00439411
-645.64924219	0.00413437
-645.61590904	0.00381457
-645.58257590	0.00342851
-645.54924275	0.00289143
-645.51590961	0.00209804
-645.48257646	0.00137178
-645.44924331	0.00092897
-645.41591017	0.00098052
-645.38257702	0.00167721
-645.34924387	0.00292711
-645.31591073	0.00482401
-645.28257758	0.00702642
-645.24924444	0.00954736
-645.21591129	0.01213868
-645.18257814	0.01487152
-645.14924500	0.01770864
-645.11591185	0.02077887
-645.08257871	0.02390824
-645.04924556	0.02702117
-645.01591241	0.02969338
-644.98257927	0.03167106
-644.94924612	0.03273522
-644.91591297	0.03293325
-644.88257983	0.03229510
-644.84924668	0.03091374
-644.81591354	0.02889500
-644.78258039	0.02646338
-644.74924724	0.02379352
-644.71591410	0.02127456
-644.68258095	0.01904939
-644.64924781	0.01752963
-644.61591466	0.01668759
-644.58258151	0.01632129
-644.54924837	0.01619854
-644.51591522	0.01595050
-644.48258207	0.01550062
-644.44924893	0.01470491
-644.41591578	0.01406319
-644.38258264	0.01394104
-644.34924949	0.01448536
-644.31591634	0.01575964
-644.28258320	0.01748120
-644.24925005	0.01935180
-644.21591690	0.02117022
-644.18258376	0.02277988
-644.14925061	0.02425041
-644.11591747	0.02538157
-644.08258432	0.02628646
-644.04925117	0.02656812
-644.01591803	0.02631872
-643.98258488	0.02554447
-643.94925174	0.02412499
-643.91591859	0.02244912
-643.88258544	0.02045906
-643.84925230	0.01817785
-643.81591915	0.01603235
-643.78258600	0.01387099
-643.74925286	0.01174449
-643.71591971	0.00996183
-643.68258657	0.00836194
-643.64925342	0.00685207
-643.61592027	0.00561899
-643.58258713	0.00461289
-643.54925398	0.00384252
-643.51592084	0.00335664
-643.48258769	0.00284333
-643.44925454	0.00255849
-643.41592140	0.00221739
-643.38258825	0.00181089
-643.34925510	0.00126667
-643.31592196	0.00057622
-643.28258881	-0.00026986
-643.24925567	-0.00107570
-643.21592252	-0.00194562
-643.18258937	-0.00294994
-643.14925623	-0.00397997
-643.11592308	-0.00529854
-643.08258994	-0.00668176
-643.04925679	-0.00816818
-643.01592364	-0.00959522
-642.98259050	-0.01089457
-642.94925735	-0.01188269
-642.91592420	-0.01264112
-642.88259106	-0.01325478
-642.84925791	-0.01374632
-642.81592477	-0.01409195
-642.78259162	-0.01422428
-642.74925847	-0.01420062
-642.71592533	-0.01398772
-642.68259218	-0.01366814
-642.64925904	-0.01343012
-642.61592589	-0.01325908
-642.58259274	-0.01334209
-642.54925960	-0.01346491
-642.51592645	-0.01346595
-642.48259330	-0.01313052
-642.44926016	-0.01227345
-642.41592701	-0.01096608
-642.38259387	-0.00946679
-642.34926072	-0.00793941
-642.31592757	-0.00653151
-642.28259443	-0.00555249
-642.24926128	-0.00487721
-642.21592814	-0.00462640
-642.18259499	-0.00471508
-642.14926184	-0.00517021
-642.11592870	-0.00585547
-642.08259555	-0.00668390
-642.04926240	-0.00749205
-642.01592926	-0.00809474
-641.98259611	-0.00829030
-641.94926297	-0.00807465
-641.91592982	-0.00748000
-641.88259667	-0.00653116
-641.84926353	-0.00548569
-641.81593038	-0.00441370
-641.78259723	-0.00345413
-641.74926409	-0.00264664
-641.71593094	-0.00198440
-641.68259780	-0.00140995
-641.64926465	-0.00088421
-641.61593150	-0.00039732
-641.58259836	0.00003302
-641.54926521	0.00039163
-641.51593207	0.00068262
-641.48259892	0.00091504
-641.44926577	0.00105644
-641.41593263	0.00117784
-641.38259948	0.00129295
-641.34926633	0.00136949
-641.31593319	0.00137862
-641.28260004	0.00130036
-641.24926690	0.00113350
-641.21593375	0.00091326
-641.18260060	0.00066301
-641.14926746	0.00041721
-641.11593431	0.00023682
-641.08260117	0.00011976
-641.04926802	0.00005737
-641.01593487	0.00002788
-640.98260173	0.00000882
-640.94926858	-0.00000874
-640.91593543	-0.00002333
-640.88260229	-0.00002135
-640.84926914	-0.00000533
-640.81593600	0.00002189
-640.78260285	0.00005309
-640.74926970	0.00007516
-640.71593656	0.00008520
-640.68260341	0.00008250
-640.64927027	0.00006763
-640.61593712	0.00004652
-640.58260397	0.00002431
-640.54927083	0.00000675
-640.51593768	0.00000000
