# Menlo Systems GmbH ScanControl
# Program Version 1.7.0+git.a90605a3
# Start: -695.40000000 ps, Average over 2000 waveforms. Timestamp: 2023-10-25T15:22:12
# Window type: Tukey, parameters: alpha = 0.1
# User time axis shift: 0 ps
# Time axis offset: 0 ps
# Time [ps]	THz Signal [a.u.]
-695.41562941	0.00000000
-695.38229627	-0.00000068
-695.34896312	-0.00000263
-695.31562998	-0.00000556
-695.28229683	-0.00000844
-695.24896368	-0.00001242
-695.21563054	-0.00001471
-695.18229739	-0.00001764
-695.14896425	-0.00001940
-695.11563110	-0.00001970
-695.08229795	-0.00001525
-695.04896481	-0.00000433
-695.01563166	0.00000356
-694.98229851	0.00002489
-694.94896537	0.00004413
-694.91563222	0.00007849
-694.88229908	0.00011481
-694.84896593	0.00015638
-694.81563278	0.00020847
-694.78229964	0.00025360
-694.74896649	0.00029661
-694.71563335	0.00034400
-694.68230020	0.00034621
-694.64896705	0.00033729
-694.61563391	0.00031380
-694.58230076	0.00021037
-694.54896761	0.00008011
-694.51563447	-0.00014199
-694.48230132	-0.00048198
-694.44896818	-0.00092223
-694.41563503	-0.00146884
-694.38230188	-0.00217390
-694.34896874	-0.00303889
-694.31563559	-0.00404242
-694.28230245	-0.00524643
-694.24896930	-0.00656174
-694.21563615	-0.00807942
-694.18230301	-0.00966102
-694.14896986	-0.01134554
-694.11563671	-0.01297833
-694.08230357	-0.01455668
-694.04897042	-0.01586916
-694.01563728	-0.01684293
-693.98230413	-0.01736846
-693.94897098	-0.01728341
-693.91563784	-0.01662391
-693.88230469	-0.01524518
-693.84897154	-0.01334135
-693.81563840	-0.01080308
-693.78230525	-0.00779676
-693.74897211	-0.00448632
-693.71563896	-0.00086933
-693.68230581	0.00270524
-693.64897267	0.00625366
-693.61563952	0.00945397
-693.58230638	0.01225641
-693.54897323	0.01431825
-693.51564008	0.01569600
-693.48230694	0.01618790
-693.44897379	0.01591358
-693.41564064	0.01488252
-693.38230750	0.01307010
-693.34897435	0.01091514
-693.31564121	0.00835493
-693.28230806	0.00582576
-693.24897491	0.00322990
-693.21564177	0.00078293
-693.18230862	-0.00114003
-693.14897548	-0.00268516
-693.11564233	-0.00381109
-693.08230918	-0.00430238
-693.04897604	-0.00428452
-693.01564289	-0.00401533
-692.98230974	-0.00359453
-692.94897660	-0.00301745
-692.91564345	-0.00268205
-692.88231031	-0.00233112
-692.84897716	-0.00221039
-692.81564401	-0.00225981
-692.78231087	-0.00246545
-692.74897772	-0.00272628
-692.71564458	-0.00313865
-692.68231143	-0.00363145
-692.64897828	-0.00417006
-692.61564514	-0.00456930
-692.58231199	-0.00513870
-692.54897884	-0.00546615
-692.51564570	-0.00560724
-692.48231255	-0.00558201
-692.44897941	-0.00528954
-692.41564626	-0.00470232
-692.38231311	-0.00391942
-692.34897997	-0.00323118
-692.31564682	-0.00247587
-692.28231368	-0.00172965
-692.24898053	-0.00109015
-692.21564738	-0.00054734
-692.18231424	-0.00023487
-692.14898109	-0.00010500
-692.11564794	-0.00026795
-692.08231480	-0.00082657
-692.04898165	-0.00157200
-692.01564851	-0.00256940
-691.98231536	-0.00388540
-691.94898221	-0.00510710
-691.91564907	-0.00626250
-691.88231592	-0.00727136
-691.84898277	-0.00781481
-691.81564963	-0.00812690
-691.78231648	-0.00822639
-691.74898334	-0.00799973
-691.71565019	-0.00757604
-691.68231704	-0.00692234
-691.64898390	-0.00610301
-691.61565075	-0.00496424
-691.58231761	-0.00387853
-691.54898446	-0.00272730
-691.51565131	-0.00178895
-691.48231817	-0.00111759
-691.44898502	-0.00077188
-691.41565187	-0.00072480
-691.38231873	-0.00113801
-691.34898558	-0.00175080
-691.31565244	-0.00269065
-691.28231929	-0.00374593
-691.24898614	-0.00478721
-691.21565300	-0.00587120
-691.18231985	-0.00704857
-691.14898671	-0.00789428
-691.11565356	-0.00866672
-691.08232041	-0.00930559
-691.04898727	-0.00967575
-691.01565412	-0.00975061
-690.98232097	-0.00954216
-690.94898783	-0.00917742
-690.91565468	-0.00859733
-690.88232154	-0.00791081
-690.84898839	-0.00699678
-690.81565524	-0.00608176
-690.78232210	-0.00516775
-690.74898895	-0.00413720
-690.71565581	-0.00305246
-690.68232266	-0.00206556
-690.64898951	-0.00134896
-690.61565637	-0.00075005
-690.58232322	-0.00012592
-690.54899007	0.00012815
-690.51565693	0.00036392
-690.48232378	0.00058114
-690.44899064	0.00058053
-690.41565749	0.00062612
-690.38232434	0.00039874
-690.34899120	0.00014423
-690.31565805	-0.00022582
-690.28232491	-0.00082402
-690.24899176	-0.00155574
-690.21565861	-0.00238854
-690.18232547	-0.00320822
-690.14899232	-0.00409006
-690.11565917	-0.00493861
-690.08232603	-0.00555758
-690.04899288	-0.00619707
-690.01565974	-0.00672700
-689.98232659	-0.00715320
-689.94899344	-0.00736841
-689.91566030	-0.00756693
-689.88232715	-0.00746396
-689.84899401	-0.00752230
-689.81566086	-0.00756515
-689.78232771	-0.00766940
-689.74899457	-0.00796496
-689.71566142	-0.00857201
-689.68232827	-0.00908596
-689.64899513	-0.00993911
-689.61566198	-0.01077287
-689.58232884	-0.01161291
-689.54899569	-0.01220142
-689.51566254	-0.01280608
-689.48232940	-0.01314852
-689.44899625	-0.01328117
-689.41566310	-0.01299773
-689.38232996	-0.01243230
-689.34899681	-0.01173609
-689.31566367	-0.01066391
-689.28233052	-0.00962056
-689.24899737	-0.00830209
-689.21566423	-0.00712083
-689.18233108	-0.00572896
-689.14899794	-0.00447768
-689.11566479	-0.00340623
-689.08233164	-0.00258347
-689.04899850	-0.00192854
-689.01566535	-0.00161308
-688.98233220	-0.00149124
-688.94899906	-0.00154529
-688.91566591	-0.00165238
-688.88233277	-0.00201041
-688.84899962	-0.00248555
-688.81566647	-0.00292121
-688.78233333	-0.00332467
-688.74900018	-0.00353929
-688.71566704	-0.00371918
-688.68233389	-0.00388338
-688.64900074	-0.00396668
-688.61566760	-0.00419307
-688.58233445	-0.00454407
-688.54900130	-0.00490862
-688.51566816	-0.00537952
-688.48233501	-0.00572209
-688.44900187	-0.00581065
-688.41566872	-0.00595501
-688.38233557	-0.00601766
-688.34900243	-0.00611167
-688.31566928	-0.00653829
-688.28233614	-0.00689732
-688.24900299	-0.00720719
-688.21566984	-0.00743068
-688.18233670	-0.00761817
-688.14900355	-0.00785949
-688.11567040	-0.00798890
-688.08233726	-0.00805114
-688.04900411	-0.00802878
-688.01567097	-0.00791755
-687.98233782	-0.00769866
-687.94900467	-0.00722134
-687.91567153	-0.00688902
-687.88233838	-0.00642955
-687.84900524	-0.00612059
-687.81567209	-0.00583044
-687.78233894	-0.00563498
-687.74900580	-0.00542774
-687.71567265	-0.00518970
-687.68233950	-0.00513163
-687.64900636	-0.00502651
-687.61567321	-0.00511055
-687.58234007	-0.00527147
-687.54900692	-0.00557934
-687.51567377	-0.00573076
-687.48234063	-0.00604239
-687.44900748	-0.00639227
-687.41567433	-0.00674223
-687.38234119	-0.00690900
-687.34900804	-0.00715542
-687.31567490	-0.00739575
-687.28234175	-0.00753128
-687.24900860	-0.00762014
-687.21567546	-0.00758061
-687.18234231	-0.00754455
-687.14900917	-0.00745109
-687.11567602	-0.00733787
-687.08234287	-0.00712176
-687.04900973	-0.00694413
-687.01567658	-0.00684523
-686.98234343	-0.00652936
-686.94901029	-0.00616829
-686.91567714	-0.00574086
-686.88234400	-0.00535243
-686.84901085	-0.00492805
-686.81567770	-0.00484612
-686.78234456	-0.00474951
-686.74901141	-0.00491496
-686.71567827	-0.00513567
-686.68234512	-0.00559068
-686.64901197	-0.00589976
-686.61567883	-0.00623442
-686.58234568	-0.00649333
-686.54901253	-0.00678095
-686.51567939	-0.00712831
-686.48234624	-0.00738993
-686.44901310	-0.00756244
-686.41567995	-0.00766204
-686.38234680	-0.00763792
-686.34901366	-0.00763741
-686.31568051	-0.00751352
-686.28234737	-0.00729945
-686.24901422	-0.00701144
-686.21568107	-0.00680206
-686.18234793	-0.00642918
-686.14901478	-0.00592668
-686.11568163	-0.00551821
-686.08234849	-0.00503556
-686.04901534	-0.00468224
-686.01568220	-0.00442136
-685.98234905	-0.00433091
-685.94901590	-0.00429947
-685.91568276	-0.00424423
-685.88234961	-0.00437248
-685.84901647	-0.00449144
-685.81568332	-0.00476592
-685.78235017	-0.00523964
-685.74901703	-0.00566968
-685.71568388	-0.00601891
-685.68235073	-0.00626711
-685.64901759	-0.00662529
-685.61568444	-0.00676429
-685.58235130	-0.00699097
-685.54901815	-0.00709731
-685.51568500	-0.00746628
-685.48235186	-0.00777358
-685.44901871	-0.00807292
-685.41568557	-0.00850204
-685.38235242	-0.00907787
-685.34901927	-0.00981298
-685.31568613	-0.01074448
-685.28235298	-0.01185908
-685.24901983	-0.01322055
-685.21568669	-0.01480379
-685.18235354	-0.01660257
-685.14902040	-0.01839042
-685.11568725	-0.02031006
-685.08235410	-0.02244138
-685.04902096	-0.02436732
-685.01568781	-0.02608264
-684.98235466	-0.02754484
-684.94902152	-0.02838337
-684.91568837	-0.02859957
-684.88235523	-0.02806615
-684.84902208	-0.02645560
-684.81568893	-0.02375069
-684.78235579	-0.02007685
-684.74902264	-0.01574828
-684.71568950	-0.01068006
-684.68235635	-0.00553642
-684.64902320	-0.00063219
-684.61569006	0.00385762
-684.58235691	0.00748622
-684.54902376	0.01013774
-684.51569062	0.01174958
-684.48235747	0.01224487
-684.44902433	0.01198552
-684.41569118	0.01082355
-684.38235803	0.00907882
-684.34902489	0.00716192
-684.31569174	0.00513813
-684.28235860	0.00324326
-684.24902545	0.00158367
-684.21569230	0.00040356
-684.18235916	-0.00048022
-684.14902601	-0.00094314
-684.11569286	-0.00106696
-684.08235972	-0.00087640
-684.04902657	-0.00049151
-684.01569343	0.00017105
-683.98236028	0.00084475
-683.94902713	0.00189745
-683.91569399	0.00301140
-683.88236084	0.00430554
-683.84902770	0.00570212
-683.81569455	0.00698763
-683.78236140	0.00849485
-683.74902826	0.00978005
-683.71569511	0.01124603
-683.68236196	0.01267070
-683.64902882	0.01410216
-683.61569567	0.01569230
-683.58236253	0.01742491
-683.54902938	0.01934934
-683.51569623	0.02156356
-683.48236309	0.02403982
-683.44902994	0.02700858
-683.41569680	0.03036113
-683.38236365	0.03408049
-683.34903050	0.03847240
-683.31569736	0.04349914
-683.28236421	0.04912024
-683.24903106	0.05524795
-683.21569792	0.06151697
-683.18236477	0.06827761
-683.14903163	0.07501426
-683.11569848	0.08191946
-683.08236533	0.08884515
-683.04903219	0.09599404
-683.01569904	0.10331369
-682.98236590	0.11088666
-682.94903275	0.11890105
-682.91569960	0.12752576
-682.88236646	0.13692189
-682.84903331	0.14714559
-682.81570016	0.15880045
-682.78236702	0.17180705
-682.74903387	0.18648923
-682.71570073	0.20288497
-682.68236758	0.22126081
-682.64903443	0.24129435
-682.61570129	0.26293838
-682.58236814	0.28638199
-682.54903499	0.31105975
-682.51570185	0.33700713
-682.48236870	0.36382822
-682.44903556	0.39143369
-682.41570241	0.41935130
-682.38236926	0.44690656
-682.34903612	0.47327474
-682.31570297	0.49709899
-682.28236983	0.51682372
-682.24903668	0.53053766
-682.21570353	0.53595832
-682.18237039	0.53041059
-682.14903724	0.51111381
-682.11570409	0.47527595
-682.08237095	0.41995440
-682.04903780	0.34219965
-682.01570466	0.23944697
-681.98237151	0.10926234
-681.94903836	-0.05002170
-681.91570522	-0.24023453
-681.88237207	-0.46281130
-681.84903893	-0.71801201
-681.81570578	-1.00615113
-681.78237263	-1.32685000
-681.74903949	-1.67783447
-681.71570634	-2.05465202
-681.68237319	-2.44892338
-681.64904005	-2.84939907
-681.61570690	-3.23823573
-681.58237376	-3.59102410
-681.54904061	-3.87863494
-681.51570746	-4.06875637
-681.48237432	-4.12893558
-681.44904117	-4.03278824
-681.41570803	-3.76631674
-681.38237488	-3.33098726
-681.34904173	-2.74660098
-681.31570859	-2.05108792
-681.28237544	-1.29273027
-681.24904229	-0.52145386
-681.21570915	0.21719941
-681.18237600	0.88642758
-681.14904286	1.46048630
-681.11570971	1.92492375
-681.08237656	2.27143487
-681.04904342	2.49833802
-681.01571027	2.61076766
-680.98237713	2.61936978
-680.94904398	2.53861806
-680.91571083	2.38706951
-680.88237769	2.18556151
-680.84904454	1.95391403
-680.81571139	1.70950068
-680.78237825	1.46604822
-680.74904510	1.23119257
-680.71571196	1.00880279
-680.68237881	0.80122063
-680.64904566	0.61038841
-680.61571252	0.44048755
-680.58237937	0.29548689
-680.54904622	0.17911693
-680.51571308	0.09254252
-680.48237993	0.03336031
-680.44904679	-0.00412142
-680.41571364	-0.02729069
-680.38238049	-0.04349899
-680.34904735	-0.05931221
-680.31571420	-0.07890437
-680.28238106	-0.10474109
-680.24904791	-0.13668580
-680.21571476	-0.17322692
-680.18238162	-0.21173955
-680.14904847	-0.24880876
-680.11571532	-0.28068816
-680.08238218	-0.30315901
-680.04904903	-0.31162260
-680.01571589	-0.30035836
-679.98238274	-0.26437860
-679.94904959	-0.20030800
-679.91571645	-0.10781570
-679.88238330	0.00853109
-679.84905016	0.14017918
-679.81571701	0.27507988
-679.78238386	0.39970562
-679.74905072	0.50110843
-679.71571757	0.56862324
-679.68238442	0.59579379
-679.64905128	0.58003272
-679.61571813	0.52231208
-679.58238499	0.42626894
-679.54905184	0.29763887
-679.51571869	0.14392071
-679.48238555	-0.02434607
-679.44905240	-0.19247631
-679.41571926	-0.34411737
-679.38238611	-0.46272006
-679.34905296	-0.53534798
-679.31571982	-0.55556084
-679.28238667	-0.52504161
-679.24905352	-0.45205345
-679.21572038	-0.34921002
-679.18238723	-0.23175670
-679.14905409	-0.11329948
-679.11572094	-0.00458732
-679.08238779	0.08764830
-679.04905465	0.16057898
-679.01572150	0.21422030
-678.98238836	0.24995495
-678.94905521	0.26917745
-678.91572206	0.27344714
-678.88238892	0.26333885
-678.84905577	0.24074687
-678.81572262	0.20818155
-678.78238948	0.16910048
-678.74905633	0.12705070
-678.71572319	0.08485954
-678.68239004	0.04382632
-678.64905689	0.00415951
-678.61572375	-0.03434583
-678.58239060	-0.07091545
-678.54905746	-0.10371617
-678.51572431	-0.13042113
-678.48239116	-0.15013390
-678.44905802	-0.16370546
-678.41572487	-0.17324828
-678.38239172	-0.18109712
-678.34905858	-0.18818764
-678.31572543	-0.19306743
-678.28239229	-0.19303802
-678.24905914	-0.18461067
-678.21572599	-0.16459018
-678.18239285	-0.13114745
-678.14905970	-0.08416847
-678.11572655	-0.02518029
-678.08239341	0.04163364
-678.04906026	0.11141408
-678.01572712	0.17908117
-677.98239397	0.24009394
-677.94906082	0.29097491
-677.91572768	0.32872934
-677.88239453	0.35038657
-677.84906139	0.35275923
-677.81572824	0.33305052
-677.78239509	0.28933994
-677.74906195	0.22133973
-677.71572880	0.13145678
-677.68239565	0.02594428
-677.64906251	-0.08611399
-677.61572936	-0.19294616
-677.58239622	-0.28289217
-677.54906307	-0.34689735
-677.51572992	-0.37998608
-677.48239678	-0.38103335
-677.44906363	-0.35239409
-677.41573049	-0.29838110
-677.38239734	-0.22479946
-677.34906419	-0.13973129
-677.31573105	-0.05306691
-677.28239790	0.02400840
-677.24906475	0.08057049
-677.21573161	0.10943944
-677.18239846	0.10799874
-677.14906532	0.07862948
-677.11573217	0.02802293
-677.08239902	-0.03555668
-677.04906588	-0.10404697
-677.01573273	-0.17029009
-676.98239959	-0.22820948
-676.94906644	-0.27316879
-676.91573329	-0.30191129
-676.88240015	-0.31325327
-676.84906700	-0.30852675
-676.81573385	-0.29046728
-676.78240071	-0.26236700
-676.74906756	-0.22690304
-676.71573442	-0.18517596
-676.68240127	-0.13799585
-676.64906812	-0.08620405
-676.61573498	-0.03209219
-676.58240183	0.02194753
-676.54906869	0.07303090
-676.51573554	0.11865177
-676.48240239	0.15672652
-676.44906925	0.18464243
-676.41573610	0.19997121
-676.38240295	0.20101146
-676.34906981	0.18776938
-676.31573666	0.16323091
-676.28240352	0.13361404
-676.24907037	0.10616516
-676.21573722	0.08803413
-676.18240408	0.08229007
-676.14907093	0.08772954
-676.11573779	0.09826734
-676.08240464	0.10577109
-676.04907149	0.10327010
-676.01573835	0.08777249
-675.98240520	0.06184817
-675.94907205	0.03083710
-675.91573891	0.00047838
-675.88240576	-0.02568096
-675.84907262	-0.04674679
-675.81573947	-0.06368912
-675.78240632	-0.07795868
-675.74907318	-0.09030429
-675.71574003	-0.10146427
-675.68240688	-0.11227455
-675.64907374	-0.12415459
-675.61574059	-0.13823261
-675.58240745	-0.15444701
-675.54907430	-0.17084242
-675.51574115	-0.18386839
-675.48240801	-0.18952476
-675.44907486	-0.18534662
-675.41574172	-0.17098137
-675.38240857	-0.14836219
-675.34907542	-0.12014049
-675.31574228	-0.08848680
-675.28240913	-0.05450571
-675.24907598	-0.01840259
-675.21574284	0.01877439
-675.18240969	0.05535234
-675.14907655	0.08782814
-675.11574340	0.11297440
-675.08241025	0.12845924
-675.04907711	0.13374477
-675.01574396	0.12921832
-674.98241082	0.11636072
-674.94907767	0.09605304
-674.91574452	0.07001658
-674.88241138	0.03943195
-674.84907823	0.00668104
-674.81574508	-0.02509252
-674.78241194	-0.05190888
-674.74907879	-0.06920650
-674.71574565	-0.07356356
-674.68241250	-0.06319180
-674.64907935	-0.03898014
-674.61574621	-0.00550692
-674.58241306	0.03061042
-674.54907992	0.06198141
-674.51574677	0.08346084
-674.48241362	0.09419104
-674.44908048	0.09690042
-674.41574733	0.09689133
-674.38241418	0.09886562
-674.34908104	0.10440992
-674.31574789	0.11187026
-674.28241475	0.11745233
-674.24908160	0.11789382
-674.21574845	0.11117300
-674.18241531	0.09758030
-674.14908216	0.07920120
-674.11574902	0.05774547
-674.08241587	0.03463449
-674.04908272	0.01086680
-674.01574958	-0.01304363
-673.98241643	-0.03610049
-673.94908328	-0.05656508
-673.91575014	-0.07286862
-673.88241699	-0.08360205
-673.84908385	-0.08837345
-673.81575070	-0.08732043
-673.78241755	-0.08110168
-673.74908441	-0.06999632
-673.71575126	-0.05448472
-673.68241811	-0.03446641
-673.64908497	-0.01090313
-673.61575182	0.01340800
-673.58241868	0.03499703
-673.54908553	0.04974039
-673.51575238	0.05467687
-673.48241924	0.04922601
-673.44908609	0.03461569
-673.41575295	0.01341685
-673.38241980	-0.01225845
-673.34908665	-0.04045980
-673.31575351	-0.06947055
-673.28242036	-0.09818107
-673.24908721	-0.12474724
-673.21575407	-0.14736106
-673.18242092	-0.16508960
-673.14908778	-0.17745473
-673.11575463	-0.18488393
-673.08242148	-0.18868812
-673.04908834	-0.19024164
-673.01575519	-0.18984737
-672.98242205	-0.18741881
-672.94908890	-0.18187374
-672.91575575	-0.17160966
-672.88242261	-0.15537584
-672.84908946	-0.13292968
-672.81575631	-0.10427034
-672.78242317	-0.06968872
-672.74909002	-0.02993432
-672.71575688	0.01344137
-672.68242373	0.05764315
-672.64909058	0.09976099
-672.61575744	0.13723957
-672.58242429	0.16843010
-672.54909115	0.19294531
-672.51575800	0.21037860
-672.48242485	0.22073525
-672.44909171	0.22454692
-672.41575856	0.22267723
-672.38242541	0.21728290
-672.34909227	0.21093889
-672.31575912	0.20539867
-672.28242598	0.20077954
-672.24909283	0.19480019
-672.21575968	0.18302119
-672.18242654	0.16072292
-672.14909339	0.12410481
-672.11576025	0.07249220
-672.08242710	0.00844270
-672.04909395	-0.06255659
-672.01576081	-0.13372015
-671.98242766	-0.19784589
-671.94909451	-0.24952568
-671.91576137	-0.28473462
-671.88242822	-0.30115276
-671.84909508	-0.29844723
-671.81576193	-0.27806170
-671.78242878	-0.24340645
-671.74909564	-0.19937175
-671.71576249	-0.15180700
-671.68242935	-0.10632003
-671.64909620	-0.06753938
-671.61576305	-0.03760283
-671.58242991	-0.01664068
-671.54909676	-0.00238583
-671.51576361	0.00866192
-671.48243047	0.02016799
-671.44909732	0.03539133
-671.41576418	0.05471391
-671.38243103	0.07644445
-671.34909788	0.09676613
-671.31576474	0.11160938
-671.28243159	0.11811711
-671.24909844	0.11474737
-671.21576530	0.10237502
-671.18243215	0.08363782
-671.14909901	0.06198380
-671.11576586	0.04137484
-671.08243271	0.02503605
-671.04909957	0.01476606
-671.01576642	0.01032937
-670.98243328	0.01035170
-670.94910013	0.01250119
-670.91576698	0.01553807
-670.88243384	0.01914485
-670.84910069	0.02431386
-670.81576754	0.03296159
-670.78243440	0.04614447
-670.74910125	0.06370983
-670.71576811	0.08359611
-670.68243496	0.10243154
-670.64910181	0.11713584
-670.61576867	0.12517038
-670.58243552	0.12548500
-670.54910238	0.11825911
-670.51576923	0.10448987
-670.48243608	0.08544869
-670.44910294	0.06244814
-670.41576979	0.03673501
-670.38243664	0.00960755
-670.34910350	-0.01820736
-670.31577035	-0.04629555
-670.28243721	-0.07536835
-670.24910406	-0.10589127
-670.21577091	-0.13766010
-670.18243777	-0.16923503
-670.14910462	-0.19814660
-670.11577148	-0.22098591
-670.08243833	-0.23583839
-670.04910518	-0.24241407
-670.01577204	-0.24202141
-669.98243889	-0.23758925
-669.94910574	-0.23057623
-669.91577260	-0.22125501
-669.88243945	-0.20736133
-669.84910631	-0.18609272
-669.81577316	-0.15474733
-669.78244001	-0.11296027
-669.74910687	-0.06206882
-669.71577372	-0.00609598
-669.68244058	0.05149298
-669.64910743	0.10771301
-669.61577428	0.16043113
-669.58244114	0.20865398
-669.54910799	0.25101053
-669.51577484	0.28564936
-669.48244170	0.31016726
-669.44910855	0.32230845
-669.41577541	0.31985402
-669.38244226	0.30207710
-669.34910911	0.26881250
-669.31577597	0.22157056
-669.28244282	0.16256928
-669.24910968	0.09477903
-669.21577653	0.02160472
-669.18244338	-0.05329719
-669.14911024	-0.12516057
-669.11577709	-0.18881924
-669.08244394	-0.23824849
-669.04911080	-0.26762880
-669.01577765	-0.27287163
-668.98244451	-0.25314986
-668.94911136	-0.21063270
-668.91577821	-0.15035763
-668.88244507	-0.07892458
-668.84911192	-0.00330771
-668.81577877	0.07015252
-668.78244563	0.13563445
-668.74911248	0.18863371
-668.71577934	0.22609603
-668.68244619	0.24592940
-668.64911304	0.24694588
-668.61577990	0.22928918
-668.58244675	0.19398207
-668.54911361	0.14449644
-668.51578046	0.08568855
-668.48244731	0.02358882
-668.44911417	-0.03639460
-668.41578102	-0.08984920
-668.38244787	-0.13395063
-668.34911473	-0.16684320
-668.31578158	-0.18784693
-668.28244844	-0.19648108
-668.24911529	-0.19266154
-668.21578214	-0.17762910
-668.18244900	-0.15394618
-668.14911585	-0.12478512
-668.11578271	-0.09360250
-668.08244956	-0.06325028
-668.04911641	-0.03606014
-668.01578327	-0.01346968
-667.98245012	0.00364862
-667.94911697	0.01442206
-667.91578383	0.01893382
-667.88245068	0.01800735
-667.84911754	0.01405640
-667.81578439	0.01066055
-667.78245124	0.01152228
-667.74911810	0.01951363
-667.71578495	0.03412526
-667.68245181	0.05239643
-667.64911866	0.06956999
-667.61578551	0.08050704
-667.58245237	0.08162612
-667.54911922	0.07151705
-667.51578607	0.05101029
-667.48245293	0.02272264
-667.44911978	-0.00976595
-667.41578664	-0.04223040
-667.38245349	-0.07135242
-667.34912034	-0.09452165
-667.31578720	-0.10950087
-667.28245405	-0.11480329
-667.24912091	-0.10965135
-667.21578776	-0.09340285
-667.18245461	-0.06625081
-667.14912147	-0.02968740
-667.11578832	0.01396437
-667.08245517	0.06156745
-667.04912203	0.10943320
-667.01578888	0.15369256
-666.98245574	0.19062051
-666.94912259	0.21652865
-666.91578944	0.22820291
-666.88245630	0.22324143
-666.84912315	0.20007748
-666.81579000	0.15938703
-666.78245686	0.10396808
-666.74912371	0.03947435
-666.71579057	-0.02629870
-666.68245742	-0.08519676
-666.64912427	-0.13052408
-666.61579113	-0.15906657
-666.58245798	-0.17152546
-666.54912484	-0.17209749
-666.51579169	-0.16584760
-666.48245854	-0.15788401
-666.44912540	-0.15230561
-666.41579225	-0.15137137
-666.38245910	-0.15602114
-666.34912596	-0.16481989
-666.31579281	-0.17377187
-666.28245967	-0.17773812
-666.24912652	-0.17097023
-666.21579337	-0.15013221
-666.18246023	-0.11456392
-666.14912708	-0.06723209
-666.11579394	-0.01326629
-666.08246079	0.04172795
-666.04912764	0.09248276
-666.01579450	0.13516951
-665.98246135	0.16750634
-665.94912820	0.18864915
-665.91579506	0.19903861
-665.88246191	0.19894616
-665.84912877	0.18794799
-665.81579562	0.16590136
-665.78246247	0.13221352
-665.74912933	0.08734202
-665.71579618	0.03407916
-665.68246304	-0.02266522
-665.64912989	-0.07751940
-665.61579674	-0.12463426
-665.58246360	-0.15891170
-665.54913045	-0.17697960
-665.51579730	-0.17761877
-665.48246416	-0.16084232
-665.44913101	-0.12840368
-665.41579787	-0.08330096
-665.38246472	-0.02873437
-665.34913157	0.03200866
-665.31579843	0.09516329
-665.28246528	0.15646976
-665.24913214	0.21080498
-665.21579899	0.25214317
-665.18246584	0.27496129
-665.14913270	0.27542909
-665.11579955	0.25189246
-665.08246640	0.20603446
-665.04913326	0.14237736
-665.01580011	0.06784192
-664.98246697	-0.01016150
-664.94913382	-0.08412900
-664.91580067	-0.14818859
-664.88246753	-0.19934245
-664.84913438	-0.23635067
-664.81580124	-0.25967715
-664.78246809	-0.27098094
-664.74913494	-0.27192915
-664.71580180	-0.26419297
-664.68246865	-0.24924576
-664.64913550	-0.22796470
-664.61580236	-0.20039378
-664.58246921	-0.16577296
-664.54913607	-0.12341237
-664.51580292	-0.07336171
-664.48246977	-0.01749671
-664.44913663	0.04034085
-664.41580348	0.09503868
-664.38247033	0.14142597
-664.34913719	0.17538467
-664.31580404	0.19529816
-664.28247090	0.20032997
-664.24913775	0.19166939
-664.21580460	0.17094945
-664.18247146	0.13987084
-664.14913831	0.10120183
-664.11580517	0.05795229
-664.08247202	0.01406849
-664.04913887	-0.02619130
-664.01580573	-0.05898608
-663.98247258	-0.08136875
-663.94913943	-0.09216874
-663.91580629	-0.09241776
-663.88247314	-0.08500472
-663.84914000	-0.07363751
-663.81580685	-0.06172107
-663.78247370	-0.05155414
-663.74914056	-0.04415843
-663.71580741	-0.03890833
-663.68247427	-0.03497378
-663.64914112	-0.03097602
-663.61580797	-0.02536087
-663.58247483	-0.01701170
-663.54914168	-0.00506698
-663.51580853	0.01051347
-663.48247539	0.02883071
-663.44914224	0.04849756
-663.41580910	0.06796474
-663.38247595	0.08567417
-663.34914280	0.10027485
-663.31580966	0.11009313
-663.28247651	0.11354963
-663.24914337	0.10888868
-663.21581022	0.09513288
-663.18247707	0.07251988
-663.14914393	0.04241081
-663.11581078	0.00767330
-663.08247763	-0.02812635
-663.04914449	-0.06153888
-663.01581134	-0.08989096
-662.98247820	-0.11152567
-662.94914505	-0.12587822
-662.91581190	-0.13324872
-662.88247876	-0.13419958
-662.84914561	-0.12851506
-662.81581247	-0.11655917
-662.78247932	-0.09914246
-662.74914617	-0.07741955
-662.71581303	-0.05397269
-662.68247988	-0.03097587
-662.64914673	-0.01016267
-662.61581359	0.00715367
-662.58248044	0.02059983
-662.54914730	0.03003393
-662.51581415	0.03550619
-662.48248100	0.03744198
-662.44914786	0.03660862
-662.41581471	0.03374157
-662.38248156	0.02935100
-662.34914842	0.02378962
-662.31581527	0.01739217
-662.28248213	0.00990621
-662.24914898	0.00144946
-662.21581583	-0.00791455
-662.18248269	-0.01795064
-662.14914954	-0.02844943
-662.11581640	-0.03884328
-662.08248325	-0.04751431
-662.04915010	-0.05298271
-662.01581696	-0.05388161
-661.98248381	-0.04884632
-661.94915066	-0.03745989
-661.91581752	-0.02009572
-661.88248437	0.00211271
-661.84915123	0.02738874
-661.81581808	0.05347723
-661.78248493	0.07816121
-661.74915179	0.09955219
-661.71581864	0.11674902
-661.68248550	0.12871456
-661.64915235	0.13465017
-661.61581920	0.13344466
-661.58248606	0.12422449
-661.54915291	0.10676043
-661.51581976	0.08177431
-661.48248662	0.05130701
-661.44915347	0.01828790
-661.41582033	-0.01453837
-661.38248718	-0.04468137
-661.34915403	-0.07043491
-661.31582089	-0.09088886
-661.28248774	-0.10508840
-661.24915460	-0.11298033
-661.21582145	-0.11407424
-661.18248830	-0.10879047
-661.14915516	-0.09813088
-661.11582201	-0.08394369
-661.08248886	-0.06875006
-661.04915572	-0.05547659
-661.01582257	-0.04575229
-660.98248943	-0.04052055
-660.94915628	-0.03844880
-660.91582313	-0.03735880
-660.88248999	-0.03473238
-660.84915684	-0.02946125
-660.81582370	-0.02211752
-660.78249055	-0.01455527
-660.74915740	-0.00975145
-660.71582426	-0.00982798
-660.68249111	-0.01562026
-660.64915796	-0.02642109
-660.61582482	-0.03950767
-660.58249167	-0.05187566
-660.54915853	-0.06046496
-660.51582538	-0.06309537
-660.48249223	-0.05900250
-660.44915909	-0.04774844
-660.41582594	-0.02997385
-660.38249280	-0.00642820
-660.34915965	0.02113491
-660.31582650	0.05114208
-660.28249336	0.08123620
-660.24916021	0.10862660
-660.21582706	0.13109076
-660.18249392	0.14643834
-660.14916077	0.15348480
-660.11582763	0.15197438
-660.08249448	0.14198605
-660.04916133	0.12428142
-660.01582819	0.09980685
-659.98249504	0.06975131
-659.94916189	0.03601918
-659.91582875	0.00031085
-659.88249560	-0.03501706
-659.84916246	-0.06706413
-659.81582931	-0.09286973
-659.78249616	-0.10966707
-659.74916302	-0.11585994
-659.71582987	-0.11108806
-659.68249673	-0.09702700
-659.64916358	-0.07683650
-659.61583043	-0.05415475
-659.58249729	-0.03245040
-659.54916414	-0.01422048
-659.51583099	-0.00074564
-659.48249785	0.00732455
-659.44916470	0.01017791
-659.41583156	0.00808802
-659.38249841	0.00175889
-659.34916526	-0.00771194
-659.31583212	-0.01901766
-659.28249897	-0.03056341
-659.24916583	-0.04081435
-659.21583268	-0.04877899
-659.18249953	-0.05303153
-659.14916639	-0.05328819
-659.11583324	-0.04934782
-659.08250009	-0.04155495
-659.04916695	-0.03059875
-659.01583380	-0.01776328
-658.98250066	-0.00436867
-658.94916751	0.00783750
-658.91583436	0.01727805
-658.88250122	0.02224427
-658.84916807	0.02159210
-658.81583493	0.01522323
-658.78250178	0.00401774
-658.74916863	-0.00991370
-658.71583549	-0.02455930
-658.68250234	-0.03755505
-658.64916919	-0.04678494
-658.61583605	-0.05124610
-658.58250290	-0.05011803
-658.54916976	-0.04399190
-658.51583661	-0.03371088
-658.48250346	-0.02043488
-658.44917032	-0.00594921
-658.41583717	0.00875273
-658.38250403	0.02299132
-658.34917088	0.03649237
-658.31583773	0.04845224
-658.28250459	0.05866726
-658.24917144	0.06629707
-658.21583829	0.07067314
-658.18250515	0.07118522
-658.14917200	0.06767314
-658.11583886	0.06018830
-658.08250571	0.04921311
-658.04917256	0.03546494
-658.01583942	0.02022362
-657.98250627	0.00438487
-657.94917313	-0.01084499
-657.91583998	-0.02461811
-657.88250683	-0.03571290
-657.84917369	-0.04296143
-657.81584054	-0.04553326
-657.78250739	-0.04265237
-657.74917425	-0.03451462
-657.71584110	-0.02211592
-657.68250796	-0.00720506
-657.64917481	0.00823259
-657.61584166	0.02199478
-657.58250852	0.03256710
-657.54917537	0.03895089
-657.51584222	0.04136414
-657.48250908	0.04025466
-657.44917593	0.03638244
-657.41584279	0.03027963
-657.38250964	0.02159189
-657.34917649	0.01017514
-657.31584335	-0.00402212
-657.28251020	-0.02055227
-657.24917706	-0.03792717
-657.21584391	-0.05455412
-657.18251076	-0.06918745
-657.14917762	-0.08087126
-657.11584447	-0.08917550
-657.08251132	-0.09403248
-657.04917818	-0.09521924
-657.01584503	-0.09240924
-656.98251189	-0.08556465
-656.94917874	-0.07487814
-656.91584559	-0.06082091
-656.88251245	-0.04422828
-656.84917930	-0.02597024
-656.81584616	-0.00712067
-656.78251301	0.01130206
-656.74917986	0.02802605
-656.71584672	0.04223164
-656.68251357	0.05398464
-656.64918042	0.06385561
-656.61584728	0.07271804
-656.58251413	0.08135594
-656.54918099	0.08941197
-656.51584784	0.09564579
-656.48251469	0.09819470
-656.44918155	0.09479954
-656.41584840	0.08434765
-656.38251526	0.06633595
-656.34918211	0.04171983
-656.31584896	0.01262110
-656.28251582	-0.01820069
-656.24918267	-0.04772001
-656.21584952	-0.07225424
-656.18251638	-0.08897592
-656.14918323	-0.09520027
-656.11585009	-0.08970947
-656.08251694	-0.07271774
-656.04918379	-0.04653630
-656.01585065	-0.01502046
-655.98251750	0.01742224
-655.94918436	0.04574095
-655.91585121	0.06575558
-655.88251806	0.07428281
-655.84918492	0.06996829
-655.81585177	0.05326742
-655.78251862	0.02600966
-655.74918548	-0.00879799
-655.71585233	-0.04734876
-655.68251919	-0.08557165
-655.64918604	-0.11895805
-655.61585289	-0.14397583
-655.58251975	-0.15807601
-655.54918660	-0.15967094
-655.51585345	-0.14961356
-655.48252031	-0.12992357
-655.44918716	-0.10387008
-655.41585402	-0.07551976
-655.38252087	-0.04857855
-655.34918772	-0.02518637
-655.31585458	-0.00644816
-655.28252143	0.00801655
-655.24918829	0.01928714
-655.21585514	0.02852925
-655.18252199	0.03736266
-655.14918885	0.04647338
-655.11585570	0.05618212
-655.08252255	0.06657562
-655.04918941	0.07676807
-655.01585626	0.08557186
-654.98252312	0.09227170
-654.94918997	0.09562363
-654.91585682	0.09570074
-654.88252368	0.09248445
-654.84919053	0.08661230
-654.81585739	0.07903008
-654.78252424	0.07017429
-654.74919109	0.06051322
-654.71585795	0.05016240
-654.68252480	0.03911000
-654.64919165	0.02740039
-654.61585851	0.01489965
-654.58252536	0.00115562
-654.54919222	-0.01373470
-654.51585907	-0.02983343
-654.48252592	-0.04630487
-654.44919278	-0.06133439
-654.41585963	-0.07331786
-654.38252649	-0.08040386
-654.34919334	-0.08182186
-654.31586019	-0.07718631
-654.28252705	-0.06718393
-654.24919390	-0.05276844
-654.21586075	-0.03525652
-654.18252761	-0.01620399
-654.14919446	0.00287962
-654.11586132	0.02083341
-654.08252817	0.03616075
-654.04919502	0.04763207
-654.01586188	0.05354464
-653.98252873	0.05316893
-653.94919559	0.04611743
-653.91586244	0.03312524
-653.88252929	0.01616513
-653.84919615	-0.00279085
-653.81586300	-0.02130913
-653.78252985	-0.03769653
-653.74919671	-0.05096150
-653.71586356	-0.06073043
-653.68253042	-0.06702539
-653.64919727	-0.07075203
-653.61586412	-0.07237515
-653.58253098	-0.07234503
-653.54919783	-0.07049636
-653.51586469	-0.06647198
-653.48253154	-0.05976857
-653.44919839	-0.04968332
-653.41586525	-0.03596277
-653.38253210	-0.01884008
-653.34919895	0.00118849
-653.31586581	0.02305229
-653.28253266	0.04555887
-653.24919952	0.06694760
-653.21586637	0.08564724
-653.18253322	0.09960642
-653.14920008	0.10726425
-653.11586693	0.10750050
-653.08253378	0.09968278
-653.04920064	0.08391703
-653.01586749	0.06138220
-652.98253435	0.03391745
-652.94920120	0.00443316
-652.91586805	-0.02389846
-652.88253491	-0.04846348
-652.84920176	-0.06721578
-652.81586862	-0.07942611
-652.78253547	-0.08467608
-652.74920232	-0.08366401
-652.71586918	-0.07704840
-652.68253603	-0.06590677
-652.64920288	-0.05141735
-652.61586974	-0.03509230
-652.58253659	-0.01858263
-652.54920345	-0.00265706
-652.51587030	0.01170173
-652.48253715	0.02436454
-652.44920401	0.03508076
-652.41587086	0.04412043
-652.38253772	0.05129052
-652.34920457	0.05609572
-652.31587142	0.05821899
-652.28253828	0.05682652
-652.24920513	0.05145079
-652.21587198	0.04131978
-652.18253884	0.02673923
-652.14920569	0.00841467
-652.11587255	-0.01199182
-652.08253940	-0.03248746
-652.04920625	-0.05113062
-652.01587311	-0.06685982
-651.98253996	-0.07898006
-651.94920682	-0.08757228
-651.91587367	-0.09329770
-651.88254052	-0.09633743
-651.84920738	-0.09689838
-651.81587423	-0.09473147
-651.78254108	-0.08958182
-651.74920794	-0.08180925
-651.71587479	-0.07166376
-651.68254165	-0.05998253
-651.64920850	-0.04738108
-651.61587535	-0.03466694
-651.58254221	-0.02199661
-651.54920906	-0.00996340
-651.51587592	0.00117847
-651.48254277	0.01040545
-651.44920962	0.01689689
-651.41587648	0.01996958
-651.38254333	0.01955951
-651.34921018	0.01645101
-651.31587704	0.01222602
-651.28254389	0.00852259
-651.24921075	0.00705410
-651.21587760	0.00903957
-651.18254445	0.01442899
-651.14921131	0.02291292
-651.11587816	0.03331947
-651.08254502	0.04408373
-651.04921187	0.05370624
-651.01587872	0.06075271
-650.98254558	0.06402250
-650.94921243	0.06266205
-650.91587928	0.05620462
-650.88254614	0.04441043
-650.84921299	0.02799943
-650.81587985	0.00826849
-650.78254670	-0.01255456
-650.74921355	-0.03224552
-650.71588041	-0.04873815
-650.68254726	-0.06095827
-650.64921411	-0.06808642
-650.61588097	-0.07081531
-650.58254782	-0.06961363
-650.54921468	-0.06514665
-650.51588153	-0.05826707
-650.48254838	-0.05009298
-650.44921524	-0.04153058
-650.41588209	-0.03404123
-650.38254895	-0.02880503
-650.34921580	-0.02624803
-650.31588265	-0.02654088
-650.28254951	-0.02887177
-650.24921636	-0.03227570
-650.21588321	-0.03601083
-650.18255007	-0.03937073
-650.14921692	-0.04172439
-650.11588378	-0.04284776
-650.08255063	-0.04233092
-650.04921748	-0.03968586
-650.01588434	-0.03439342
-649.98255119	-0.02690927
-649.94921805	-0.01744896
-649.91588490	-0.00677755
-649.88255175	0.00422957
-649.84921861	0.01520362
-649.81588546	0.02581236
-649.78255231	0.03564040
-649.74921917	0.04402603
-649.71588602	0.05083572
-649.68255288	0.05534488
-649.64921973	0.05733936
-649.61588658	0.05718543
-649.58255344	0.05506875
-649.54922029	0.05150216
-649.51588715	0.04680210
-649.48255400	0.04165595
-649.44922085	0.03646557
-649.41588771	0.03227067
-649.38255456	0.02941514
-649.34922141	0.02870617
-649.31588827	0.03016699
-649.28255512	0.03330165
-649.24922198	0.03716418
-649.21588883	0.04021445
-649.18255568	0.04117099
-649.14922254	0.03878555
-649.11588939	0.03223834
-649.08255625	0.02160588
-649.04922310	0.00785610
-649.01588995	-0.00753730
-648.98255681	-0.02241489
-648.94922366	-0.03497434
-648.91589051	-0.04373237
-648.88255737	-0.04853182
-648.84922422	-0.04969286
-648.81589108	-0.04779795
-648.78255793	-0.04411473
-648.74922478	-0.03945123
-648.71589164	-0.03476925
-648.68255849	-0.03094770
-648.64922534	-0.02899717
-648.61589220	-0.02928798
-648.58255905	-0.03189211
-648.54922591	-0.03628835
-648.51589276	-0.04135038
-648.48255961	-0.04566540
-648.44922647	-0.04775706
-648.41589332	-0.04621480
-648.38256018	-0.04003481
-648.34922703	-0.02870847
-648.31589388	-0.01270743
-648.28256074	0.00631966
-648.24922759	0.02596226
-648.21589444	0.04342901
-648.18256130	0.05583749
-648.14922815	0.06124494
-648.11589501	0.05830500
-648.08256186	0.04680294
-648.04922871	0.02754480
-648.01589557	0.00230062
-647.98256242	-0.02578956
-647.94922928	-0.05317326
-647.91589613	-0.07580233
-647.88256298	-0.09010225
-647.84922984	-0.09412413
-647.81589669	-0.08767554
-647.78256354	-0.07235172
-647.74923040	-0.05056183
-647.71589725	-0.02550499
-647.68256411	0.00030305
-647.64923096	0.02451227
-647.61589781	0.04564440
-647.58256467	0.06225204
-647.54923152	0.07326661
-647.51589838	0.07802375
-647.48256523	0.07639092
-647.44923208	0.06920837
-647.41589894	0.05756925
-647.38256579	0.04294462
-647.34923264	0.02702522
-647.31589950	0.01089852
-647.28256635	-0.00482406
-647.24923321	-0.01973800
-647.21590006	-0.03323084
-647.18256691	-0.04446859
-647.14923377	-0.05278500
-647.11590062	-0.05719114
-647.08256748	-0.05710118
-647.04923433	-0.05214615
-647.01590118	-0.04255376
-646.98256804	-0.02918883
-646.94923489	-0.01358291
-646.91590174	0.00231208
-646.88256860	0.01639477
-646.84923545	0.02682762
-646.81590231	0.03253183
-646.78256916	0.03231288
-646.74923601	0.02690920
-646.71590287	0.01719328
-646.68256972	0.00461053
-646.64923658	-0.00884848
-646.61590343	-0.02148993
-646.58257028	-0.03250404
-646.54923714	-0.04119087
-646.51590399	-0.04798350
-646.48257084	-0.05331158
-646.44923770	-0.05753920
-646.41590455	-0.06037957
-646.38257141	-0.06189938
-646.34923826	-0.06151552
-646.31590511	-0.05943593
-646.28257197	-0.05565677
-646.24923882	-0.05058606
-646.21590567	-0.04451463
-646.18257253	-0.03805385
-646.14923938	-0.03067609
-646.11590624	-0.02212501
-646.08257309	-0.01188880
-646.04923994	0.00086438
-646.01590680	0.01635254
-645.98257365	0.03424319
-645.94924051	0.05312474
-645.91590736	0.07112821
-645.88257421	0.08612611
-645.84924107	0.09633792
-645.81590792	0.10052494
-645.78257477	0.09845998
-645.74924163	0.09068522
-645.71590848	0.07827515
-645.68257534	0.06204847
-645.64924219	0.04317868
-645.61590904	0.02249074
-645.58257590	0.00125170
-645.54924275	-0.01966223
-645.51590961	-0.03830664
-645.48257646	-0.05365592
-645.44924331	-0.06492506
-645.41591017	-0.07178795
-645.38257702	-0.07451384
-645.34924387	-0.07295322
-645.31591073	-0.06732912
-645.28257758	-0.05773242
-645.24924444	-0.04461873
-645.21591129	-0.02959282
-645.18257814	-0.01491781
-645.14924500	-0.00280463
-645.11591185	0.00435718
-645.08257871	0.00545523
-645.04924556	0.00039160
-645.01591241	-0.00972289
-644.98257927	-0.02311581
-644.94924612	-0.03749811
-644.91591297	-0.05071730
-644.88257983	-0.06077029
-644.84924668	-0.06668260
-644.81591354	-0.06776571
-644.78258039	-0.06411092
-644.74924724	-0.05623632
-644.71591410	-0.04589996
-644.68258095	-0.03485830
-644.64924781	-0.02481228
-644.61591466	-0.01740448
-644.58258151	-0.01329611
-644.54924837	-0.01238990
-644.51591522	-0.01372697
-644.48258207	-0.01612485
-644.44924893	-0.01828538
-644.41591578	-0.01918143
-644.38258264	-0.01830025
-644.34924949	-0.01476727
-644.31591634	-0.00872816
-644.28258320	0.00028196
-644.24925005	0.01220216
-644.21591690	0.02673414
-644.18258376	0.04319055
-644.14925061	0.06052989
-644.11591747	0.07684349
-644.08258432	0.09074865
-644.04925117	0.10082568
-644.01591803	0.10616458
-643.98258488	0.10609797
-643.94925174	0.10038565
-643.91591859	0.08899278
-643.88258544	0.07222943
-643.84925230	0.05089308
-643.81591915	0.02652582
-643.78258600	0.00113896
-643.74925286	-0.02304198
-643.71591971	-0.04389471
-643.68258657	-0.05972285
-643.64925342	-0.06951263
-643.61592027	-0.07266962
-643.58258713	-0.06963942
-643.54925398	-0.06129208
-643.51592084	-0.04898940
-643.48258769	-0.03424829
-643.44925454	-0.01800231
-643.41592140	-0.00176527
-643.38258825	0.01382647
-643.34925510	0.02775563
-643.31592196	0.03923354
-643.28258881	0.04757993
-643.24925567	0.05229521
-643.21592252	0.05330559
-643.18258937	0.05043479
-643.14925623	0.04423091
-643.11592308	0.03561639
-643.08258994	0.02573115
-643.04925679	0.01603114
-643.01592364	0.00798999
-642.98259050	0.00198628
-642.94925735	-0.00145470
-642.91592420	-0.00269585
-642.88259106	-0.00274366
-642.84925791	-0.00227129
-642.81592477	-0.00252557
-642.78259162	-0.00420269
-642.74925847	-0.00731523
-642.71592533	-0.01145267
-642.68259218	-0.01548609
-642.64925904	-0.01873898
-642.61592589	-0.02082949
-642.58259274	-0.02185210
-642.54925960	-0.02215227
-642.51592645	-0.02206419
-642.48259330	-0.02149694
-642.44926016	-0.02041071
-642.41592701	-0.01854445
-642.38259387	-0.01615271
-642.34926072	-0.01329857
-642.31592757	-0.01071533
-642.28259443	-0.00870919
-642.24926128	-0.00760135
-642.21592814	-0.00693623
-642.18259499	-0.00629421
-642.14926184	-0.00504014
-642.11592870	-0.00302883
-642.08259555	-0.00035464
-642.04926240	0.00234584
-642.01592926	0.00451646
-641.98259611	0.00586138
-641.94926297	0.00633885
-641.91592982	0.00621258
-641.88259667	0.00560539
-641.84926353	0.00462042
-641.81593038	0.00300943
-641.78259723	0.00053366
-641.74926409	-0.00280791
-641.71593094	-0.00675554
-641.68259780	-0.01094028
-641.64926465	-0.01485164
-641.61593150	-0.01786765
-641.58259836	-0.01979193
-641.54926521	-0.02035385
-641.51593207	-0.01976298
-641.48259892	-0.01835662
-641.44926577	-0.01654601
-641.41593263	-0.01465540
-641.38259948	-0.01292807
-641.34926633	-0.01141947
-641.31593319	-0.01018672
-641.28260004	-0.00919069
-641.24926690	-0.00834815
-641.21593375	-0.00753015
-641.18260060	-0.00668833
-641.14926746	-0.00574538
-641.11593431	-0.00471162
-641.08260117	-0.00363330
-641.04926802	-0.00258728
-641.01593487	-0.00169411
-640.98260173	-0.00102657
-640.94926858	-0.00062261
-640.91593543	-0.00045143
-640.88260229	-0.00044840
-640.84926914	-0.00052062
-640.81593600	-0.00059665
-640.78260285	-0.00063316
-640.74926970	-0.00061279
-640.71593656	-0.00053876
-640.68260341	-0.00042526
-640.64927027	-0.00029092
-640.61593712	-0.00016194
-640.58260397	-0.00006433
-640.54927083	-0.00001242
-640.51593768	0.00000000
