# Menlo Systems GmbH ScanControl
# Program Version 1.7.0+git.a90605a3
# Start: -695.40000000 ps, Average over 10000 waveforms. Timestamp: 2023-10-25T15:43:57
# Window type: Tukey, parameters: alpha = 0.1
# User time axis shift: 0 ps
# Time axis offset: 0 ps
# Time [ps]	THz Signal [a.u.]
-695.41620099	0.00000000
-695.38286776	0.00000003
-695.34953452	0.00000013
-695.31620129	0.00000032
-695.28286806	0.00000062
-695.24953483	0.00000102
-695.21620160	0.00000151
-695.18286836	0.00000155
-695.14953513	0.00000232
-695.11620190	0.00000231
-695.08286867	0.00000185
-695.04953544	0.00000370
-695.01620221	0.00000307
-694.98286897	0.00000220
-694.94953574	0.00000275
-694.91620251	0.00000197
-694.88286928	-0.00000088
-694.84953605	0.00000035
-694.81620282	-0.00000203
-694.78286958	-0.00000477
-694.74953635	-0.00000690
-694.71620312	-0.00001238
-694.68286989	-0.00001584
-694.64953666	-0.00001826
-694.61620343	-0.00002224
-694.58287019	-0.00002847
-694.54953696	-0.00003273
-694.51620373	-0.00003752
-694.48287050	-0.00004989
-694.44953727	-0.00005034
-694.41620404	-0.00005909
-694.38287080	-0.00005759
-694.34953757	-0.00006800
-694.31620434	-0.00008383
-694.28287111	-0.00007654
-694.24953788	-0.00008855
-694.21620465	-0.00009762
-694.18287141	-0.00010293
-694.14953818	-0.00010328
-694.11620495	-0.00010147
-694.08287172	-0.00011412
-694.04953849	-0.00011130
-694.01620525	-0.00011492
-693.98287202	-0.00010469
-693.94953879	-0.00011655
-693.91620556	-0.00011990
-693.88287233	-0.00009934
-693.84953910	-0.00010069
-693.81620586	-0.00010706
-693.78287263	-0.00010392
-693.74953940	-0.00009921
-693.71620617	-0.00009949
-693.68287294	-0.00007398
-693.64953971	-0.00008575
-693.61620647	-0.00006359
-693.58287324	-0.00005064
-693.54954001	0.00000221
-693.51620678	0.00000522
-693.48287355	0.00004080
-693.44954032	0.00006312
-693.41620708	0.00010758
-693.38287385	0.00015631
-693.34954062	0.00022798
-693.31620739	0.00029225
-693.28287416	0.00034895
-693.24954093	0.00041946
-693.21620769	0.00052518
-693.18287446	0.00063570
-693.14954123	0.00075463
-693.11620800	0.00083935
-693.08287477	0.00097334
-693.04954153	0.00112618
-693.01620830	0.00127831
-692.98287507	0.00144494
-692.94954184	0.00159337
-692.91620861	0.00179144
-692.88287538	0.00199311
-692.84954214	0.00216097
-692.81620891	0.00229193
-692.78287568	0.00242722
-692.74954245	0.00258739
-692.71620922	0.00265429
-692.68287599	0.00273180
-692.64954275	0.00268693
-692.61620952	0.00260028
-692.58287629	0.00242020
-692.54954306	0.00215163
-692.51620983	0.00174670
-692.48287660	0.00120433
-692.44954336	0.00048835
-692.41621013	-0.00037494
-692.38287690	-0.00139828
-692.34954367	-0.00257542
-692.31621044	-0.00396243
-692.28287721	-0.00550906
-692.24954397	-0.00720328
-692.21621074	-0.00895821
-692.18287751	-0.01081244
-692.14954428	-0.01265930
-692.11621105	-0.01450891
-692.08287781	-0.01615393
-692.04954458	-0.01771195
-692.01621135	-0.01892872
-691.98287812	-0.01981991
-691.94954489	-0.02024698
-691.91621166	-0.02020768
-691.88287842	-0.01965523
-691.84954519	-0.01844044
-691.81621196	-0.01666205
-691.78287873	-0.01430933
-691.74954550	-0.01140543
-691.71621227	-0.00803947
-691.68287903	-0.00431476
-691.64954580	-0.00035134
-691.61621257	0.00361090
-691.58287934	0.00751904
-691.54954611	0.01128573
-691.51621288	0.01441002
-691.48287964	0.01698760
-691.44954641	0.01886861
-691.41621318	0.01994336
-691.38287995	0.02014096
-691.34954672	0.01945053
-691.31621349	0.01807351
-691.28288025	0.01593689
-691.24954702	0.01328388
-691.21621379	0.01028761
-691.18288056	0.00709998
-691.14954733	0.00395487
-691.11621410	0.00106066
-691.08288086	-0.00155005
-691.04954763	-0.00360337
-691.01621440	-0.00510776
-690.98288117	-0.00602703
-690.94954794	-0.00633857
-690.91621470	-0.00611136
-690.88288147	-0.00545090
-690.84954824	-0.00442621
-690.81621501	-0.00324162
-690.78288178	-0.00197639
-690.74954855	-0.00067047
-690.71621531	0.00045820
-690.68288208	0.00133767
-690.64954885	0.00190980
-690.61621562	0.00224495
-690.58288239	0.00227448
-690.54954916	0.00194219
-690.51621592	0.00144359
-690.48288269	0.00074767
-690.44954946	-0.00000760
-690.41621623	-0.00079981
-690.38288300	-0.00146172
-690.34954977	-0.00196875
-690.31621653	-0.00229392
-690.28288330	-0.00251471
-690.24955007	-0.00251708
-690.21621684	-0.00236786
-690.18288361	-0.00216389
-690.14955038	-0.00194189
-690.11621714	-0.00176863
-690.08288391	-0.00157246
-690.04955068	-0.00147062
-690.01621745	-0.00135623
-689.98288422	-0.00130107
-689.94955098	-0.00116965
-689.91621775	-0.00103190
-689.88288452	-0.00086586
-689.84955129	-0.00069059
-689.81621806	-0.00049235
-689.78288483	-0.00038550
-689.74955159	-0.00034366
-689.71621836	-0.00038497
-689.68288513	-0.00042186
-689.64955190	-0.00061372
-689.61621867	-0.00078903
-689.58288544	-0.00101404
-689.54955220	-0.00119749
-689.51621897	-0.00137978
-689.48288574	-0.00152495
-689.44955251	-0.00157827
-689.41621928	-0.00168058
-689.38288605	-0.00179679
-689.34955281	-0.00193690
-689.31621958	-0.00215940
-689.28288635	-0.00230375
-689.24955312	-0.00252049
-689.21621989	-0.00281746
-689.18288666	-0.00309595
-689.14955342	-0.00326184
-689.11622019	-0.00342397
-689.08288696	-0.00360628
-689.04955373	-0.00371782
-689.01622050	-0.00378286
-688.98288726	-0.00379774
-688.94955403	-0.00386574
-688.91622080	-0.00373690
-688.88288757	-0.00356503
-688.84955434	-0.00332027
-688.81622111	-0.00304676
-688.78288787	-0.00268059
-688.74955464	-0.00223201
-688.71622141	-0.00178522
-688.68288818	-0.00122363
-688.64955495	-0.00076117
-688.61622172	-0.00019882
-688.58288848	0.00026465
-688.54955525	0.00073862
-688.51622202	0.00108925
-688.48288879	0.00139322
-688.44955556	0.00154892
-688.41622233	0.00161817
-688.38288909	0.00156666
-688.34955586	0.00144667
-688.31622263	0.00125106
-688.28288940	0.00093992
-688.24955617	0.00064100
-688.21622294	0.00034332
-688.18288970	0.00002365
-688.14955647	-0.00022920
-688.11622324	-0.00046172
-688.08289001	-0.00062711
-688.04955678	-0.00072765
-688.01622355	-0.00084135
-687.98289031	-0.00092552
-687.94955708	-0.00095514
-687.91622385	-0.00105142
-687.88289062	-0.00121711
-687.84955739	-0.00146514
-687.81622415	-0.00175937
-687.78289092	-0.00217522
-687.74955769	-0.00264469
-687.71622446	-0.00324858
-687.68289123	-0.00373672
-687.64955800	-0.00429248
-687.61622476	-0.00480950
-687.58289153	-0.00525629
-687.54955830	-0.00561935
-687.51622507	-0.00588410
-687.48289184	-0.00602490
-687.44955861	-0.00613493
-687.41622537	-0.00602280
-687.38289214	-0.00587376
-687.34955891	-0.00557137
-687.31622568	-0.00514283
-687.28289245	-0.00462143
-687.24955922	-0.00388780
-687.21622598	-0.00312541
-687.18289275	-0.00226467
-687.14955952	-0.00137743
-687.11622629	-0.00048742
-687.08289306	0.00038208
-687.04955983	0.00111298
-687.01622659	0.00164934
-686.98289336	0.00203379
-686.94956013	0.00218060
-686.91622690	0.00217182
-686.88289367	0.00197873
-686.84956043	0.00163928
-686.81622720	0.00121213
-686.78289397	0.00073817
-686.74956074	0.00030514
-686.71622751	-0.00005574
-686.68289428	-0.00046188
-686.64956104	-0.00073301
-686.61622781	-0.00096608
-686.58289458	-0.00108193
-686.54956135	-0.00121318
-686.51622812	-0.00127465
-686.48289489	-0.00134122
-686.44956165	-0.00136459
-686.41622842	-0.00138973
-686.38289519	-0.00142924
-686.34956196	-0.00141626
-686.31622873	-0.00143474
-686.28289550	-0.00144823
-686.24956226	-0.00141215
-686.21622903	-0.00136105
-686.18289580	-0.00126655
-686.14956257	-0.00118627
-686.11622934	-0.00104509
-686.08289611	-0.00092457
-686.04956287	-0.00077005
-686.01622964	-0.00071940
-685.98289641	-0.00065711
-685.94956318	-0.00064844
-685.91622995	-0.00064506
-685.88289671	-0.00062630
-685.84956348	-0.00064296
-685.81623025	-0.00065432
-685.78289702	-0.00067549
-685.74956379	-0.00069636
-685.71623056	-0.00067309
-685.68289732	-0.00066557
-685.64956409	-0.00075717
-685.61623086	-0.00081625
-685.58289763	-0.00092849
-685.54956440	-0.00104470
-685.51623117	-0.00113056
-685.48289793	-0.00125197
-685.44956470	-0.00137020
-685.41623147	-0.00140625
-685.38289824	-0.00145825
-685.34956501	-0.00145029
-685.31623178	-0.00146183
-685.28289854	-0.00142642
-685.24956531	-0.00140225
-685.21623208	-0.00136383
-685.18289885	-0.00144819
-685.14956562	-0.00142376
-685.11623239	-0.00142616
-685.08289915	-0.00146958
-685.04956592	-0.00150145
-685.01623269	-0.00155752
-684.98289946	-0.00150083
-684.94956623	-0.00151490
-684.91623300	-0.00152966
-684.88289976	-0.00156187
-684.84956653	-0.00160134
-684.81623330	-0.00160211
-684.78290007	-0.00162878
-684.74956684	-0.00164208
-684.71623360	-0.00163555
-684.68290037	-0.00167443
-684.64956714	-0.00170355
-684.61623391	-0.00170797
-684.58290068	-0.00168261
-684.54956745	-0.00167667
-684.51623421	-0.00168630
-684.48290098	-0.00171701
-684.44956775	-0.00166343
-684.41623452	-0.00172794
-684.38290129	-0.00171026
-684.34956806	-0.00170797
-684.31623482	-0.00176821
-684.28290159	-0.00177267
-684.24956836	-0.00179155
-684.21623513	-0.00178657
-684.18290190	-0.00180603
-684.14956867	-0.00185208
-684.11623543	-0.00186042
-684.08290220	-0.00186780
-684.04956897	-0.00186307
-684.01623574	-0.00184952
-683.98290251	-0.00192189
-683.94956928	-0.00198537
-683.91623604	-0.00202712
-683.88290281	-0.00213059
-683.84956958	-0.00218695
-683.81623635	-0.00228919
-683.78290312	-0.00243318
-683.74956988	-0.00257120
-683.71623665	-0.00272389
-683.68290342	-0.00285106
-683.64957019	-0.00304936
-683.61623696	-0.00325044
-683.58290373	-0.00347388
-683.54957049	-0.00372427
-683.51623726	-0.00402034
-683.48290403	-0.00430500
-683.44957080	-0.00467364
-683.41623757	-0.00504163
-683.38290434	-0.00552592
-683.34957110	-0.00605750
-683.31623787	-0.00664666
-683.28290464	-0.00730213
-683.24957141	-0.00806758
-683.21623818	-0.00893203
-683.18290495	-0.00987000
-683.14957171	-0.01088714
-683.11623848	-0.01204852
-683.08290525	-0.01317426
-683.04957202	-0.01439133
-683.01623879	-0.01553347
-682.98290556	-0.01667879
-682.94957232	-0.01768386
-682.91623909	-0.01848250
-682.88290586	-0.01909694
-682.84957263	-0.01934546
-682.81623940	-0.01927252
-682.78290616	-0.01878225
-682.74957293	-0.01784238
-682.71623970	-0.01641159
-682.68290647	-0.01458122
-682.64957324	-0.01232351
-682.61624001	-0.00963068
-682.58290677	-0.00671739
-682.54957354	-0.00368353
-682.51624031	-0.00063009
-682.48290708	0.00225251
-682.44957385	0.00481845
-682.41624062	0.00681906
-682.38290738	0.00823836
-682.34957415	0.00888634
-682.31624092	0.00875750
-682.28290769	0.00781743
-682.24957446	0.00609545
-682.21624123	0.00376963
-682.18290799	0.00097848
-682.14957476	-0.00204541
-682.11624153	-0.00505599
-682.08290830	-0.00786017
-682.04957507	-0.01020071
-682.01624184	-0.01193808
-681.98290860	-0.01296410
-681.94957537	-0.01320983
-681.91624214	-0.01278889
-681.88290891	-0.01167412
-681.84957568	-0.01021492
-681.81624244	-0.00843941
-681.78290921	-0.00649884
-681.74957598	-0.00467830
-681.71624275	-0.00300962
-681.68290952	-0.00154729
-681.64957629	-0.00027355
-681.61624305	0.00088197
-681.58290982	0.00198988
-681.54957659	0.00318928
-681.51624336	0.00449144
-681.48291013	0.00601658
-681.44957690	0.00781161
-681.41624366	0.00979018
-681.38291043	0.01199477
-681.34957720	0.01431011
-681.31624397	0.01680594
-681.28291074	0.01946323
-681.24957751	0.02230221
-681.21624427	0.02544086
-681.18291104	0.02890756
-681.14957781	0.03283275
-681.11624458	0.03729683
-681.08291135	0.04235175
-681.04957812	0.04810474
-681.01624488	0.05452081
-680.98291165	0.06151135
-680.94957842	0.06910104
-680.91624519	0.07725065
-680.88291196	0.08599966
-680.84957873	0.09534458
-680.81624549	0.10534197
-680.78291226	0.11618070
-680.74957903	0.12789951
-680.71624580	0.14061875
-680.68291257	0.15444719
-680.64957933	0.16940898
-680.61624610	0.18552900
-680.58291287	0.20277392
-680.54957964	0.22104121
-680.51624641	0.24032827
-680.48291318	0.26042910
-680.44957994	0.28114362
-680.41624671	0.30230315
-680.38291348	0.32340897
-680.34958025	0.34411832
-680.31624702	0.36382226
-680.28291379	0.38157856
-680.24958055	0.39647162
-680.21624732	0.40735920
-680.18291409	0.41276430
-680.14958086	0.41135468
-680.11624763	0.40127260
-680.08291440	0.38072956
-680.04958116	0.34783737
-680.01624793	0.30069175
-679.98291470	0.23751723
-679.94958147	0.15644527
-679.91624824	0.05602688
-679.88291501	-0.06482917
-679.84958177	-0.20680322
-679.81624854	-0.36998723
-679.78291531	-0.55377389
-679.74958208	-0.75650258
-679.71624885	-0.97547162
-679.68291561	-1.20689516
-679.64958238	-1.44553645
-679.61624915	-1.68442631
-679.58291592	-1.91529269
-679.54958269	-2.12834357
-679.51624946	-2.31261367
-679.48291622	-2.45642034
-679.44958299	-2.54808012
-679.41624976	-2.57680368
-679.38291653	-2.53334466
-679.34958330	-2.41119053
-679.31625007	-2.20719422
-679.28291683	-1.92262880
-679.24958360	-1.56312507
-679.21625037	-1.13908710
-679.18291714	-0.66459302
-679.14958391	-0.15745462
-679.11625068	0.36212947
-679.08291744	0.87219606
-679.04958421	1.35044137
-679.01625098	1.77482594
-678.98291775	2.12508459
-678.94958452	2.38373192
-678.91625129	2.53819344
-678.88291805	2.58179008
-678.84958482	2.51509611
-678.81625159	2.34690642
-678.78291836	2.09309544
-678.74958513	1.77542387
-678.71625189	1.41902100
-678.68291866	1.04979642
-678.64958543	0.69190463
-678.61625220	0.36660167
-678.58291897	0.09092482
-678.54958574	-0.12359950
-678.51625250	-0.27194597
-678.48291927	-0.35639595
-678.44958604	-0.38541075
-678.41625281	-0.37200436
-678.38291958	-0.33129674
-678.34958635	-0.27766622
-678.31625311	-0.22304123
-678.28291988	-0.17504910
-678.24958665	-0.13701556
-678.21625342	-0.10832678
-678.18292019	-0.08575032
-678.14958696	-0.06500354
-678.11625372	-0.04236907
-678.08292049	-0.01608196
-678.04958726	0.01314008
-678.01625403	0.04221013
-677.98292080	0.06642720
-677.94958757	0.08095713
-677.91625433	0.08229022
-677.88292110	0.06904070
-677.84958787	0.04291645
-677.81625464	0.00839231
-677.78292141	-0.02826911
-677.74958818	-0.06023196
-677.71625494	-0.08160830
-677.68292171	-0.08904624
-677.64958848	-0.08216441
-677.61625525	-0.06372051
-677.58292202	-0.03880474
-677.54958878	-0.01339425
-677.51625555	0.00692361
-677.48292232	0.01843848
-677.44958909	0.01990175
-677.41625586	0.01282310
-677.38292263	0.00044798
-677.34958939	-0.01299422
-677.31625616	-0.02351657
-677.28292293	-0.02871412
-677.24958970	-0.02797818
-677.21625647	-0.02265099
-677.18292324	-0.01542259
-677.14959000	-0.00927037
-677.11625677	-0.00655769
-677.08292354	-0.00867993
-677.04959031	-0.01541243
-677.01625708	-0.02504810
-676.98292385	-0.03555149
-676.94959061	-0.04473013
-676.91625738	-0.05113890
-676.88292415	-0.05441802
-676.84959092	-0.05510790
-676.81625769	-0.05467425
-676.78292446	-0.05447922
-676.74959122	-0.05551674
-676.71625799	-0.05826456
-676.68292476	-0.06235066
-676.64959153	-0.06677261
-676.61625830	-0.07054132
-676.58292506	-0.07279692
-676.54959183	-0.07316859
-676.51625860	-0.07205560
-676.48292537	-0.07003980
-676.44959214	-0.06802062
-676.41625891	-0.06667061
-676.38292567	-0.06629517
-676.34959244	-0.06693382
-676.31625921	-0.06815371
-676.28292598	-0.06949281
-676.24959275	-0.07051614
-676.21625952	-0.07097250
-676.18292628	-0.07072062
-676.14959305	-0.06986564
-676.11625982	-0.06857708
-676.08292659	-0.06681001
-676.04959336	-0.06438633
-676.01626013	-0.06114588
-675.98292689	-0.05679302
-675.94959366	-0.05128268
-675.91626043	-0.04462973
-675.88292720	-0.03702701
-675.84959397	-0.02863366
-675.81626074	-0.02001008
-675.78292750	-0.01133739
-675.74959427	-0.00306194
-675.71626104	0.00459133
-675.68292781	0.01123131
-675.64959458	0.01639839
-675.61626134	0.01954024
-675.58292811	0.02025545
-675.54959488	0.01814411
-675.51626165	0.01316393
-675.48292842	0.00556054
-675.44959519	-0.00393745
-675.41626195	-0.01445560
-675.38292872	-0.02486629
-675.34959549	-0.03421296
-675.31626226	-0.04174075
-675.28292903	-0.04711375
-675.24959580	-0.05034900
-675.21626256	-0.05161015
-675.18292933	-0.05126211
-675.14959610	-0.04978044
-675.11626287	-0.04747050
-675.08292964	-0.04464280
-675.04959641	-0.04136918
-675.01626317	-0.03769345
-674.98292994	-0.03365432
-674.94959671	-0.02934727
-674.91626348	-0.02476747
-674.88293025	-0.02024725
-674.84959702	-0.01571310
-674.81626378	-0.01152655
-674.78293055	-0.00761941
-674.74959732	-0.00405604
-674.71626409	-0.00085515
-674.68293086	0.00225540
-674.64959763	0.00528752
-674.61626439	0.00845139
-674.58293116	0.01157062
-674.54959793	0.01462346
-674.51626470	0.01731832
-674.48293147	0.01934031
-674.44959823	0.02042345
-674.41626500	0.02042267
-674.38293177	0.01940148
-674.34959854	0.01741865
-674.31626531	0.01487890
-674.28293208	0.01221981
-674.24959884	0.00976354
-674.21626561	0.00770485
-674.18293238	0.00632503
-674.14959915	0.00552085
-674.11626592	0.00527904
-674.08293269	0.00546291
-674.04959945	0.00586409
-674.01626622	0.00637520
-673.98293299	0.00684072
-673.94959976	0.00723444
-673.91626653	0.00762175
-673.88293330	0.00810069
-673.84960006	0.00877409
-673.81626683	0.00983232
-673.78293360	0.01133354
-673.74960037	0.01335273
-673.71626714	0.01572291
-673.68293391	0.01819795
-673.64960067	0.02057699
-673.61626744	0.02262986
-673.58293421	0.02412908
-673.54960098	0.02513781
-673.51626775	0.02578513
-673.48293451	0.02624531
-673.44960128	0.02664004
-673.41626805	0.02729204
-673.38293482	0.02799851
-673.34960159	0.02866555
-673.31626836	0.02912118
-673.28293512	0.02920028
-673.24960189	0.02874600
-673.21626866	0.02753119
-673.18293543	0.02568166
-673.14960220	0.02317749
-673.11626897	0.02007669
-673.08293573	0.01659742
-673.04960250	0.01292470
-673.01626927	0.00919600
-672.98293604	0.00565140
-672.94960281	0.00245676
-672.91626958	-0.00023369
-672.88293634	-0.00234280
-672.84960311	-0.00374230
-672.81626988	-0.00449961
-672.78293665	-0.00459668
-672.74960342	-0.00405114
-672.71627019	-0.00299293
-672.68293695	-0.00155398
-672.64960372	0.00018559
-672.61627049	0.00209054
-672.58293726	0.00410456
-672.54960403	0.00620240
-672.51627079	0.00834048
-672.48293756	0.01065809
-672.44960433	0.01311361
-672.41627110	0.01583671
-672.38293787	0.01873437
-672.34960464	0.02175776
-672.31627140	0.02482921
-672.28293817	0.02780164
-672.24960494	0.03057353
-672.21627171	0.03301704
-672.18293848	0.03512474
-672.14960525	0.03671974
-672.11627201	0.03787354
-672.08293878	0.03853375
-672.04960555	0.03882521
-672.01627232	0.03866495
-671.98293909	0.03843483
-671.94960586	0.03815053
-671.91627262	0.03802671
-671.88293939	0.03826962
-671.84960616	0.03875231
-671.81627293	0.03941192
-671.78293970	0.04013472
-671.74960647	0.04059316
-671.71627323	0.04068784
-671.68294000	0.04032131
-671.64960677	0.03943613
-671.61627354	0.03805596
-671.58294031	0.03602118
-671.54960708	0.03330809
-671.51627384	0.02973568
-671.48294061	0.02499854
-671.44960738	0.01893993
-671.41627415	0.01128247
-671.38294092	0.00181819
-671.34960768	-0.00964752
-671.31627445	-0.02300347
-671.28294122	-0.03808299
-671.24960799	-0.05464743
-671.21627476	-0.07204522
-671.18294153	-0.08973506
-671.14960829	-0.10691544
-671.11627506	-0.12290914
-671.08294183	-0.13699009
-671.04960860	-0.14840801
-671.01627537	-0.15662133
-670.98294214	-0.16101355
-670.94960890	-0.16107944
-670.91627567	-0.15628557
-670.88294244	-0.14621521
-670.84960921	-0.13081504
-670.81627598	-0.11001516
-670.78294275	-0.08430942
-670.74960951	-0.05449517
-670.71627628	-0.02155800
-670.68294305	0.01315651
-670.64960982	0.04809717
-670.61627659	0.08150580
-670.58294336	0.11157568
-670.54961012	0.13648917
-670.51627689	0.15460060
-670.48294366	0.16459343
-670.44961043	0.16573462
-670.41627720	0.15795403
-670.38294396	0.14178642
-670.34961073	0.11866075
-670.31627750	0.09043881
-670.28294427	0.05934239
-670.24961104	0.02759188
-670.21627781	-0.00239102
-670.18294457	-0.02881658
-670.14961134	-0.04997847
-670.11627811	-0.06501764
-670.08294488	-0.07329860
-670.04961165	-0.07529434
-670.01627842	-0.07171763
-669.98294518	-0.06384597
-669.94961195	-0.05321432
-669.91627872	-0.04147570
-669.88294549	-0.03004936
-669.84961226	-0.02016442
-669.81627903	-0.01256578
-669.78294579	-0.00752193
-669.74961256	-0.00481535
-669.71627933	-0.00406948
-669.68294610	-0.00458060
-669.64961287	-0.00573101
-669.61627964	-0.00699682
-669.58294640	-0.00805032
-669.54961317	-0.00888721
-669.51627994	-0.00965466
-669.48294671	-0.01057387
-669.44961348	-0.01180489
-669.41628024	-0.01352449
-669.38294701	-0.01560457
-669.34961378	-0.01780022
-669.31628055	-0.01982299
-669.28294732	-0.02129089
-669.24961409	-0.02198355
-669.21628085	-0.02175776
-669.18294762	-0.02080180
-669.14961439	-0.01910144
-669.11628116	-0.01706726
-669.08294793	-0.01499420
-669.04961470	-0.01325254
-669.01628146	-0.01196323
-668.98294823	-0.01109056
-668.94961500	-0.01045620
-668.91628177	-0.00983431
-668.88294854	-0.00895128
-668.84961531	-0.00766449
-668.81628207	-0.00595832
-668.78294884	-0.00392909
-668.74961561	-0.00185101
-668.71628238	0.00006042
-668.68294915	0.00164970
-668.64961592	0.00285239
-668.61628268	0.00353779
-668.58294945	0.00388762
-668.54961622	0.00397745
-668.51628299	0.00379716
-668.48294976	0.00341056
-668.44961652	0.00275378
-668.41628329	0.00176139
-668.38295006	0.00033751
-668.34961683	-0.00144239
-668.31628360	-0.00356041
-668.28295037	-0.00585840
-668.24961713	-0.00821067
-668.21628390	-0.01032145
-668.18295067	-0.01195443
-668.14961744	-0.01310448
-668.11628421	-0.01373476
-668.08295098	-0.01394492
-668.04961774	-0.01401726
-668.01628451	-0.01400592
-667.98295128	-0.01408194
-667.94961805	-0.01413779
-667.91628482	-0.01411678
-667.88295159	-0.01385749
-667.84961835	-0.01310736
-667.81628512	-0.01185701
-667.78295189	-0.01004458
-667.74961866	-0.00770692
-667.71628543	-0.00507372
-667.68295220	-0.00221819
-667.64961896	0.00063006
-667.61628573	0.00323238
-667.58295250	0.00544740
-667.54961927	0.00714468
-667.51628604	0.00820582
-667.48295281	0.00865302
-667.44961957	0.00852140
-667.41628634	0.00801390
-667.38295311	0.00715348
-667.34961988	0.00612520
-667.31628665	0.00513990
-667.28295341	0.00414775
-667.24962018	0.00330858
-667.21628695	0.00252940
-667.18295372	0.00182705
-667.14962049	0.00109378
-667.11628726	0.00021568
-667.08295402	-0.00085284
-667.04962079	-0.00200808
-667.01628756	-0.00314645
-666.98295433	-0.00406543
-666.94962110	-0.00457234
-666.91628787	-0.00452029
-666.88295463	-0.00381781
-666.84962140	-0.00272919
-666.81628817	-0.00134325
-666.78295494	0.00020899
-666.74962171	0.00167007
-666.71628848	0.00286080
-666.68295524	0.00379062
-666.64962201	0.00447674
-666.61628878	0.00490898
-666.58295555	0.00507922
-666.54962232	0.00513127
-666.51628909	0.00516484
-666.48295585	0.00505986
-666.44962262	0.00486284
-666.41628939	0.00451643
-666.38295616	0.00411031
-666.34962293	0.00341226
-666.31628969	0.00268175
-666.28295646	0.00198905
-666.24962323	0.00135219
-666.21629000	0.00092375
-666.18295677	0.00077837
-666.14962354	0.00079157
-666.11629030	0.00096546
-666.08295707	0.00120172
-666.04962384	0.00138794
-666.01629061	0.00157367
-665.98295738	0.00178511
-665.94962415	0.00201987
-665.91629091	0.00224116
-665.88295768	0.00251907
-665.84962445	0.00292906
-665.81629122	0.00343209
-665.78295799	0.00395791
-665.74962476	0.00467429
-665.71629152	0.00545557
-665.68295829	0.00614396
-665.64962506	0.00673578
-665.61629183	0.00722690
-665.58295860	0.00755045
-665.54962537	0.00777231
-665.51629213	0.00788798
-665.48295890	0.00788277
-665.44962567	0.00782975
-665.41629244	0.00762665
-665.38295921	0.00724421
-665.34962597	0.00675455
-665.31629274	0.00616192
-665.28295951	0.00541647
-665.24962628	0.00463675
-665.21629305	0.00387137
-665.18295982	0.00304813
-665.14962658	0.00222239
-665.11629335	0.00154159
-665.08296012	0.00097152
-665.04962689	0.00063783
-665.01629366	0.00053923
-664.98296043	0.00071386
-664.94962719	0.00101210
-664.91629396	0.00137789
-664.88296073	0.00157398
-664.84962750	0.00153640
-664.81629427	0.00112978
-664.78296104	0.00026855
-664.74962780	-0.00101305
-664.71629457	-0.00267847
-664.68296134	-0.00467456
-664.64962811	-0.00697948
-664.61629488	-0.00922304
-664.58296165	-0.01141746
-664.54962841	-0.01337931
-664.51629518	-0.01506131
-664.48296195	-0.01635014
-664.44962872	-0.01736656
-664.41629549	-0.01800615
-664.38296226	-0.01837550
-664.34962902	-0.01822392
-664.31629579	-0.01759000
-664.28296256	-0.01643253
-664.24962933	-0.01484489
-664.21629610	-0.01289049
-664.18296286	-0.01071178
-664.14962963	-0.00847172
-664.11629640	-0.00616598
-664.08296317	-0.00399555
-664.04962994	-0.00206438
-664.01629671	-0.00037193
-663.98296347	0.00100138
-663.94963024	0.00220623
-663.91629701	0.00329079
-663.88296378	0.00416540
-663.84963055	0.00511762
-663.81629732	0.00596790
-663.78296408	0.00678629
-663.74963085	0.00739406
-663.71629762	0.00769693
-663.68296439	0.00768812
-663.64963116	0.00731324
-663.61629793	0.00665996
-663.58296469	0.00570095
-663.54963146	0.00456770
-663.51629823	0.00333889
-663.48296500	0.00213391
-663.44963177	0.00108221
-663.41629854	0.00033639
-663.38296530	-0.00013201
-663.34963207	-0.00021102
-663.31629884	0.00007103
-663.28296561	0.00060864
-663.24963238	0.00136193
-663.21629914	0.00216693
-663.18296591	0.00298425
-663.14963268	0.00380567
-663.11629945	0.00437028
-663.08296622	0.00468350
-663.04963299	0.00458727
-663.01629975	0.00406942
-662.98296652	0.00301972
-662.94963329	0.00147296
-662.91630006	-0.00040286
-662.88296683	-0.00256560
-662.84963360	-0.00481908
-662.81630036	-0.00704877
-662.78296713	-0.00913095
-662.74963390	-0.01085764
-662.71630067	-0.01205819
-662.68296744	-0.01267715
-662.64963421	-0.01263874
-662.61630097	-0.01201069
-662.58296774	-0.01083566
-662.54963451	-0.00925605
-662.51630128	-0.00728627
-662.48296805	-0.00513047
-662.44963482	-0.00277054
-662.41630158	-0.00038227
-662.38296835	0.00199462
-662.34963512	0.00415116
-662.31630189	0.00597509
-662.28296866	0.00728635
-662.24963542	0.00816327
-662.21630219	0.00849908
-662.18296896	0.00825812
-662.14963573	0.00755190
-662.11630250	0.00646769
-662.08296927	0.00496543
-662.04963603	0.00327662
-662.01630280	0.00142193
-661.98296957	-0.00045564
-661.94963634	-0.00234120
-661.91630311	-0.00427269
-661.88296988	-0.00627624
-661.84963664	-0.00826128
-661.81630341	-0.01018008
-661.78297018	-0.01191874
-661.74963695	-0.01331656
-661.71630372	-0.01419666
-661.68297049	-0.01448764
-661.64963725	-0.01419422
-661.61630402	-0.01322543
-661.58297079	-0.01169824
-661.54963756	-0.00978227
-661.51630433	-0.00765837
-661.48297110	-0.00539539
-661.44963786	-0.00332936
-661.41630463	-0.00144447
-661.38297140	0.00010441
-661.34963817	0.00124570
-661.31630494	0.00205182
-661.28297171	0.00261303
-661.24963847	0.00289700
-661.21630524	0.00294254
-661.18297201	0.00276900
-661.14963878	0.00226712
-661.11630555	0.00142122
-661.08297231	0.00032776
-661.04963908	-0.00099889
-661.01630585	-0.00244487
-660.98297262	-0.00389377
-660.94963939	-0.00520478
-660.91630616	-0.00626850
-660.88297292	-0.00695424
-660.84963969	-0.00715451
-660.81630646	-0.00683979
-660.78297323	-0.00599039
-660.74964000	-0.00487584
-660.71630677	-0.00349348
-660.68297353	-0.00207524
-660.64964030	-0.00063370
-660.61630707	0.00079465
-660.58297384	0.00205299
-660.54964061	0.00318971
-660.51630738	0.00418794
-660.48297414	0.00495662
-660.44964091	0.00562308
-660.41630768	0.00613528
-660.38297445	0.00663375
-660.34964122	0.00716523
-660.31630799	0.00767500
-660.28297475	0.00821300
-660.24964152	0.00878739
-660.21630829	0.00937202
-660.18297506	0.01009287
-660.14964183	0.01097680
-660.11630859	0.01205394
-660.08297536	0.01328047
-660.04964213	0.01464856
-660.01630890	0.01615138
-659.98297567	0.01789848
-659.94964244	0.01980140
-659.91630920	0.02206202
-659.88297597	0.02470223
-659.84964274	0.02772405
-659.81630951	0.03115466
-659.78297628	0.03500613
-659.74964305	0.03926900
-659.71630981	0.04394195
-659.68297658	0.04896955
-659.64964335	0.05438633
-659.61631012	0.05992376
-659.58297689	0.06539958
-659.54964366	0.07064639
-659.51631042	0.07538114
-659.48297719	0.07945086
-659.44964396	0.08270007
-659.41631073	0.08496124
-659.38297750	0.08597970
-659.34964427	0.08569204
-659.31631103	0.08396636
-659.28297780	0.08064112
-659.24964457	0.07582206
-659.21631134	0.06925300
-659.18297811	0.06098858
-659.14964487	0.05086359
-659.11631164	0.03865845
-659.08297841	0.02428879
-659.04964518	0.00771628
-659.01631195	-0.01124132
-658.98297872	-0.03261980
-658.94964548	-0.05649866
-658.91631225	-0.08280328
-658.88297902	-0.11150268
-658.84964579	-0.14243214
-658.81631256	-0.17526945
-658.78297933	-0.20956713
-658.74964609	-0.24476571
-658.71631286	-0.28004425
-658.68297963	-0.31450888
-658.64964640	-0.34709067
-658.61631317	-0.37663829
-658.58297994	-0.40175869
-658.54964670	-0.42115074
-658.51631347	-0.43353549
-658.48298024	-0.43771530
-658.44964701	-0.43278120
-658.41631378	-0.41794245
-658.38298055	-0.39279811
-658.34964731	-0.35713895
-658.31631408	-0.31117711
-658.28298085	-0.25562941
-658.24964762	-0.19133213
-658.21631439	-0.11966840
-658.18298115	-0.04237954
-658.14964792	0.03856610
-658.11631469	0.12105696
-658.08298146	0.20265210
-658.04964823	0.28074147
-658.01631500	0.35287902
-657.98298176	0.41641254
-657.94964853	0.46904216
-657.91631530	0.50869582
-657.88298207	0.53375113
-657.84964884	0.54306992
-657.81631561	0.53606630
-657.78298237	0.51274215
-657.74964914	0.47393856
-657.71631591	0.42113904
-657.68298268	0.35641508
-657.64964945	0.28252900
-657.61631622	0.20277052
-657.58298298	0.12051823
-657.54964975	0.03954681
-657.51631652	-0.03660352
-657.48298329	-0.10447856
-657.44965006	-0.16133306
-657.41631683	-0.20482221
-657.38298359	-0.23345397
-657.34965036	-0.24684351
-657.31631713	-0.24529548
-657.28298390	-0.23007249
-657.24965067	-0.20338821
-657.21631744	-0.16768286
-657.18298420	-0.12602306
-657.14965097	-0.08160328
-657.11631774	-0.03763475
-657.08298451	0.00313026
-657.04965128	0.03845570
-657.01631804	0.06650099
-656.98298481	0.08627774
-656.94965158	0.09753213
-656.91631835	0.10060803
-656.88298512	0.09653573
-656.84965189	0.08663267
-656.81631865	0.07262905
-656.78298542	0.05624648
-656.74965219	0.03910961
-656.71631896	0.02274265
-656.68298573	0.00816625
-656.64965250	-0.00395735
-656.61631926	-0.01344542
-656.58298603	-0.02048656
-656.54965280	-0.02526133
-656.51631957	-0.02832242
-656.48298634	-0.03006419
-656.44965311	-0.03084827
-656.41631987	-0.03081860
-656.38298664	-0.02996719
-656.34965341	-0.02825989
-656.31632018	-0.02553584
-656.28298695	-0.02173209
-656.24965372	-0.01677893
-656.21632048	-0.01087319
-656.18298725	-0.00450831
-656.14965402	0.00183297
-656.11632079	0.00753796
-656.08298756	0.01192163
-656.04965432	0.01444240
-656.01632109	0.01485010
-655.98298786	0.01290198
-655.94965463	0.00878672
-655.91632140	0.00291794
-655.88298817	-0.00399632
-655.84965493	-0.01130284
-655.81632170	-0.01815906
-655.78298847	-0.02389934
-655.74965524	-0.02805264
-655.71632201	-0.03033705
-655.68298878	-0.03085301
-655.64965554	-0.02982098
-655.61632231	-0.02779950
-655.58298908	-0.02545750
-655.54965585	-0.02327159
-655.51632262	-0.02186470
-655.48298939	-0.02160006
-655.44965615	-0.02230752
-655.41632292	-0.02377720
-655.38298969	-0.02557068
-655.34965646	-0.02715292
-655.31632323	-0.02799069
-655.28299000	-0.02766323
-655.24965676	-0.02607157
-655.21632353	-0.02339151
-655.18299030	-0.01994296
-655.14965707	-0.01629735
-655.11632384	-0.01307094
-655.08299060	-0.01079810
-655.04965737	-0.00968005
-655.01632414	-0.00972422
-654.98299091	-0.01076067
-654.94965768	-0.01210665
-654.91632445	-0.01320148
-654.88299121	-0.01351852
-654.84965798	-0.01264492
-654.81632475	-0.01042436
-654.78299152	-0.00706183
-654.74965829	-0.00289498
-654.71632506	0.00139449
-654.68299182	0.00519557
-654.64965859	0.00791343
-654.61632536	0.00922096
-654.58299213	0.00893070
-654.54965890	0.00737256
-654.51632567	0.00484178
-654.48299243	0.00200229
-654.44965920	-0.00062679
-654.41632597	-0.00271377
-654.38299274	-0.00397285
-654.34965951	-0.00443112
-654.31632628	-0.00437893
-654.28299304	-0.00427120
-654.24965981	-0.00442492
-654.21632658	-0.00518204
-654.18299335	-0.00673726
-654.14966012	-0.00902410
-654.11632689	-0.01162941
-654.08299365	-0.01422426
-654.04966042	-0.01618338
-654.01632719	-0.01710674
-653.98299396	-0.01683080
-653.94966073	-0.01524503
-653.91632749	-0.01264552
-653.88299426	-0.00946220
-653.84966103	-0.00614302
-653.81632780	-0.00324714
-653.78299457	-0.00107676
-653.74966134	0.00019351
-653.71632810	0.00064400
-653.68299487	0.00048608
-653.64966164	0.00006641
-653.61632841	-0.00033395
-653.58299518	-0.00046870
-653.54966195	-0.00028081
-653.51632871	0.00015414
-653.48299548	0.00063386
-653.44966225	0.00089391
-653.41632902	0.00071461
-653.38299579	0.00003498
-653.34966256	-0.00108804
-653.31632932	-0.00259290
-653.28299609	-0.00405770
-653.24966286	-0.00520704
-653.21632963	-0.00585934
-653.18299640	-0.00582386
-653.14966317	-0.00509907
-653.11632993	-0.00395776
-653.08299670	-0.00250687
-653.04966347	-0.00125164
-653.01633024	-0.00026797
-652.98299701	0.00014379
-652.94966377	0.00002327
-652.91633054	-0.00041269
-652.88299731	-0.00093049
-652.84966408	-0.00134433
-652.81633085	-0.00147656
-652.78299762	-0.00119237
-652.74966438	-0.00055896
-652.71633115	0.00032516
-652.68299792	0.00129912
-652.64966469	0.00206802
-652.61633146	0.00244921
-652.58299823	0.00241138
-652.54966499	0.00196246
-652.51633176	0.00131628
-652.48299853	0.00059542
-652.44966530	-0.00000981
-652.41633207	-0.00025586
-652.38299884	-0.00015450
-652.34966560	0.00032931
-652.31633237	0.00101641
-652.28299914	0.00169985
-652.24966591	0.00230674
-652.21633268	0.00255683
-652.18299945	0.00247752
-652.14966621	0.00205466
-652.11633298	0.00137842
-652.08299975	0.00058831
-652.04966652	-0.00003087
-652.01633329	-0.00047625
-651.98300005	-0.00063526
-651.94966682	-0.00046200
-651.91633359	-0.00017502
-651.88300036	0.00018907
-651.84966713	0.00043811
-651.81633390	0.00034430
-651.78300066	0.00000473
-651.74966743	-0.00061855
-651.71633420	-0.00146806
-651.68300097	-0.00242049
-651.64966774	-0.00332041
-651.61633451	-0.00392497
-651.58300127	-0.00429691
-651.54966804	-0.00426783
-651.51633481	-0.00390904
-651.48300158	-0.00326742
-651.44966835	-0.00237747
-651.41633512	-0.00138988
-651.38300188	-0.00029725
-651.34966865	0.00091551
-651.31633542	0.00209968
-651.28300219	0.00332202
-651.24966896	0.00445464
-651.21633573	0.00546470
-651.18300249	0.00635651
-651.14966926	0.00702920
-651.11633603	0.00741540
-651.08300280	0.00751684
-651.04966957	0.00734935
-651.01633634	0.00689767
-650.98300310	0.00625846
-650.94966987	0.00546176
-650.91633664	0.00450758
-650.88300341	0.00358901
-650.84967018	0.00250813
-650.81633694	0.00147718
-650.78300371	0.00038114
-650.74967048	-0.00069199
-650.71633725	-0.00176724
-650.68300402	-0.00278705
-650.64967079	-0.00378572
-650.61633755	-0.00474545
-650.58300432	-0.00557807
-650.54967109	-0.00639296
-650.51633786	-0.00713997
-650.48300463	-0.00785750
-650.44967140	-0.00863346
-650.41633816	-0.00955510
-650.38300493	-0.01069002
-650.34967170	-0.01204721
-650.31633847	-0.01360790
-650.28300524	-0.01557490
-650.24967201	-0.01786028
-650.21633877	-0.02036524
-650.18300554	-0.02295214
-650.14967231	-0.02557853
-650.11633908	-0.02804894
-650.08300585	-0.03020550
-650.04967262	-0.03193252
-650.01633938	-0.03297787
-649.98300615	-0.03330351
-649.94967292	-0.03284003
-649.91633969	-0.03161991
-649.88300646	-0.02957681
-649.84967322	-0.02680780
-649.81633999	-0.02342247
-649.78300676	-0.01943792
-649.74967353	-0.01492767
-649.71634030	-0.00996515
-649.68300707	-0.00467118
-649.64967383	0.00082038
-649.61634060	0.00627560
-649.58300737	0.01155870
-649.54967414	0.01640208
-649.51634091	0.02052070
-649.48300768	0.02369945
-649.44967444	0.02579482
-649.41634121	0.02658918
-649.38300798	0.02602121
-649.34967475	0.02409355
-649.31634152	0.02091679
-649.28300829	0.01668977
-649.24967505	0.01164496
-649.21634182	0.00590965
-649.18300859	-0.00006778
-649.14967536	-0.00611850
-649.11634213	-0.01192992
-649.08300890	-0.01724761
-649.04967566	-0.02172110
-649.01634243	-0.02520243
-648.98300920	-0.02766330
-648.94967597	-0.02889103
-648.91634274	-0.02883076
-648.88300950	-0.02760271
-648.84967627	-0.02521492
-648.81634304	-0.02197559
-648.78300981	-0.01786653
-648.74967658	-0.01332167
-648.71634335	-0.00865988
-648.68301011	-0.00402011
-648.64967688	0.00012591
-648.61634365	0.00359868
-648.58301042	0.00612903
-648.54967719	0.00767334
-648.51634396	0.00820519
-648.48301072	0.00780326
-648.44967749	0.00670749
-648.41634426	0.00506734
-648.38301103	0.00326437
-648.34967780	0.00141990
-648.31634457	-0.00012016
-648.28301133	-0.00137490
-648.24967810	-0.00219886
-648.21634487	-0.00258065
-648.18301164	-0.00263455
-648.14967841	-0.00238338
-648.11634518	-0.00192110
-648.08301194	-0.00126650
-648.04967871	-0.00054839
-648.01634548	0.00018305
-647.98301225	0.00111608
-647.94967902	0.00212012
-647.91634579	0.00327162
-647.88301255	0.00459799
-647.84967932	0.00605152
-647.81634609	0.00768664
-647.78301286	0.00942011
-647.74967963	0.01114104
-647.71634639	0.01277576
-647.68301316	0.01431552
-647.64967993	0.01557271
-647.61634670	0.01652414
-647.58301347	0.01707782
-647.54968024	0.01723998
-647.51634700	0.01694292
-647.48301377	0.01627242
-647.44968054	0.01521813
-647.41634731	0.01389252
-647.38301408	0.01235427
-647.34968085	0.01072300
-647.31634761	0.00907951
-647.28301438	0.00745364
-647.24968115	0.00585422
-647.21634792	0.00437204
-647.18301469	0.00301875
-647.14968146	0.00175249
-647.11634822	0.00062266
-647.08301499	-0.00037844
-647.04968176	-0.00127812
-647.01634853	-0.00198958
-646.98301530	-0.00252441
-646.94968207	-0.00286232
-646.91634883	-0.00304015
-646.88301560	-0.00308257
-646.84968237	-0.00306637
-646.81634914	-0.00303195
-646.78301591	-0.00311462
-646.74968267	-0.00331120
-646.71634944	-0.00368391
-646.68301621	-0.00425998
-646.64968298	-0.00503453
-646.61634975	-0.00587236
-646.58301652	-0.00684003
-646.54968328	-0.00772317
-646.51635005	-0.00861853
-646.48301682	-0.00940487
-646.44968359	-0.01012967
-646.41635036	-0.01072297
-646.38301713	-0.01131551
-646.34968389	-0.01174267
-646.31635066	-0.01211428
-646.28301743	-0.01234226
-646.24968420	-0.01250549
-646.21635097	-0.01244325
-646.18301774	-0.01218008
-646.14968450	-0.01178786
-646.11635127	-0.01121407
-646.08301804	-0.01049238
-646.04968481	-0.00966990
-646.01635158	-0.00879676
-645.98301835	-0.00781602
-645.94968511	-0.00686290
-645.91635188	-0.00582752
-645.88301865	-0.00488002
-645.84968542	-0.00395412
-645.81635219	-0.00310194
-645.78301895	-0.00228931
-645.74968572	-0.00162762
-645.71635249	-0.00105809
-645.68301926	-0.00058829
-645.64968603	-0.00025266
-645.61635280	0.00002471
-645.58301956	0.00022144
-645.54968633	0.00035348
-645.51635310	0.00044892
-645.48301987	0.00054842
-645.44968664	0.00063768
-645.41635341	0.00060698
-645.38302017	0.00053483
-645.34968694	0.00036639
-645.31635371	0.00014550
-645.28302048	-0.00016621
-645.24968725	-0.00051149
-645.21635402	-0.00086330
-645.18302078	-0.00119367
-645.14968755	-0.00145681
-645.11635432	-0.00164975
-645.08302109	-0.00177731
-645.04968786	-0.00178405
-645.01635463	-0.00172649
-644.98302139	-0.00172550
-644.94968816	-0.00171508
-644.91635493	-0.00175183
-644.88302170	-0.00192959
-644.84968847	-0.00216965
-644.81635523	-0.00252814
-644.78302200	-0.00294065
-644.74968877	-0.00333194
-644.71635554	-0.00371782
-644.68302231	-0.00398844
-644.64968908	-0.00412287
-644.61635584	-0.00417540
-644.58302261	-0.00415107
-644.54968938	-0.00408522
-644.51635615	-0.00393403
-644.48302292	-0.00384593
-644.44968969	-0.00383927
-644.41635645	-0.00387466
-644.38302322	-0.00398148
-644.34968999	-0.00411152
-644.31635676	-0.00421133
-644.28302353	-0.00429423
-644.24969030	-0.00431105
-644.21635706	-0.00426124
-644.18302383	-0.00406999
-644.14969060	-0.00385069
-644.11635737	-0.00353756
-644.08302414	-0.00313319
-644.04969091	-0.00280591
-644.01635767	-0.00238031
-643.98302444	-0.00203582
-643.94969121	-0.00171877
-643.91635798	-0.00148450
-643.88302475	-0.00139061
-643.84969152	-0.00140735
-643.81635828	-0.00166501
-643.78302505	-0.00202961
-643.74969182	-0.00260620
-643.71635859	-0.00328547
-643.68302536	-0.00405143
-643.64969212	-0.00491178
-643.61635889	-0.00576108
-643.58302566	-0.00654466
-643.54969243	-0.00723666
-643.51635920	-0.00787841
-643.48302597	-0.00836366
-643.44969273	-0.00863477
-643.41635950	-0.00876623
-643.38302627	-0.00873209
-643.34969304	-0.00851043
-643.31635981	-0.00815616
-643.28302658	-0.00772315
-643.24969334	-0.00718470
-643.21636011	-0.00661653
-643.18302688	-0.00604148
-643.14969365	-0.00537942
-643.11636042	-0.00482115
-643.08302719	-0.00425206
-643.04969395	-0.00376369
-643.01636072	-0.00318389
-642.98302749	-0.00267589
-642.94969426	-0.00216591
-642.91636103	-0.00159386
-642.88302780	-0.00101146
-642.84969456	-0.00049968
-642.81636133	0.00004943
-642.78302810	0.00048210
-642.74969487	0.00086949
-642.71636164	0.00117686
-642.68302840	0.00132376
-642.64969517	0.00131224
-642.61636194	0.00123037
-642.58302871	0.00097043
-642.54969548	0.00059840
-642.51636225	0.00015491
-642.48302901	-0.00023511
-642.44969578	-0.00063802
-642.41636255	-0.00087489
-642.38302932	-0.00099598
-642.34969609	-0.00078050
-642.31636286	-0.00026394
-642.28302962	0.00050150
-642.24969639	0.00161747
-642.21636316	0.00302911
-642.18302993	0.00461502
-642.14969670	0.00640423
-642.11636347	0.00829546
-642.08303023	0.01012803
-642.04969700	0.01194258
-642.01636377	0.01361448
-641.98303054	0.01509914
-641.94969731	0.01630709
-641.91636408	0.01716083
-641.88303084	0.01759991
-641.84969761	0.01764369
-641.81636438	0.01718484
-641.78303115	0.01624380
-641.74969792	0.01482078
-641.71636468	0.01297658
-641.68303145	0.01090138
-641.64969822	0.00855661
-641.61636499	0.00622432
-641.58303176	0.00399488
-641.54969853	0.00203730
-641.51636529	0.00036322
-641.48303206	-0.00084776
-641.44969883	-0.00160716
-641.41636560	-0.00194501
-641.38303237	-0.00182578
-641.34969914	-0.00138417
-641.31636590	-0.00070309
-641.28303267	0.00014659
-641.24969944	0.00110463
-641.21636621	0.00211733
-641.18303298	0.00311082
-641.14969975	0.00399651
-641.11636651	0.00480087
-641.08303328	0.00542427
-641.04970005	0.00582465
-641.01636682	0.00606968
-640.98303359	0.00595090
-640.94970036	0.00564633
-640.91636712	0.00505957
-640.88303389	0.00420347
-640.84970066	0.00304873
-640.81636743	0.00171713
-640.78303420	0.00013994
-640.74970097	-0.00158774
-640.71636773	-0.00350515
-640.68303450	-0.00546027
-640.64970127	-0.00744069
-640.61636804	-0.00929637
-640.58303481	-0.01094172
-640.54970157	-0.01238366
-640.51636834	-0.01339560
-640.48303511	-0.01404531
-640.44970188	-0.01435698
-640.41636865	-0.01441056
-640.38303542	-0.01422693
-640.34970218	-0.01401605
-640.31636895	-0.01392217
-640.28303572	-0.01401960
-640.24970249	-0.01433217
-640.21636926	-0.01488297
-640.18303603	-0.01563864
-640.14970279	-0.01658970
-640.11636956	-0.01758572
-640.08303633	-0.01854339
-640.04970310	-0.01944068
-640.01636987	-0.02017705
-639.98303664	-0.02087089
-639.94970340	-0.02141686
-639.91637017	-0.02197591
-639.88303694	-0.02238991
-639.84970371	-0.02270501
-639.81637048	-0.02294104
-639.78303725	-0.02297161
-639.74970401	-0.02285011
-639.71637078	-0.02242010
-639.68303755	-0.02171301
-639.64970432	-0.02076550
-639.61637109	-0.01962796
-639.58303785	-0.01843071
-639.54970462	-0.01715189
-639.51637139	-0.01585787
-639.48303816	-0.01464436
-639.44970493	-0.01347210
-639.41637170	-0.01228933
-639.38303846	-0.01116405
-639.34970523	-0.01000098
-639.31637200	-0.00875905
-639.28303877	-0.00747319
-639.24970554	-0.00614836
-639.21637231	-0.00490315
-639.18303907	-0.00366516
-639.14970584	-0.00252187
-639.11637261	-0.00151765
-639.08303938	-0.00055767
-639.04970615	0.00039243
-639.01637292	0.00126923
-638.98303968	0.00223040
-638.94970645	0.00322031
-638.91637322	0.00436909
-638.88303999	0.00559387
-638.84970676	0.00695677
-638.81637353	0.00848806
-638.78304029	0.01017149
-638.74970706	0.01198071
-638.71637383	0.01398639
-638.68304060	0.01605826
-638.64970737	0.01826967
-638.61637413	0.02061088
-638.58304090	0.02286731
-638.54970767	0.02495820
-638.51637444	0.02677910
-638.48304121	0.02817251
-638.44970798	0.02917660
-638.41637474	0.02953177
-638.38304151	0.02933410
-638.34970828	0.02858062
-638.31637505	0.02728002
-638.28304182	0.02548438
-638.24970859	0.02315316
-638.21637535	0.02039955
-638.18304212	0.01716164
-638.14970889	0.01340343
-638.11637566	0.00913119
-638.08304243	0.00427904
-638.04970920	-0.00116448
-638.01637596	-0.00706440
-637.98304273	-0.01346463
-637.94970950	-0.02027741
-637.91637627	-0.02725153
-637.88304304	-0.03431980
-637.84970981	-0.04115286
-637.81637657	-0.04765260
-637.78304334	-0.05366262
-637.74971011	-0.05901872
-637.71637688	-0.06362109
-637.68304365	-0.06739487
-637.64971042	-0.07021348
-637.61637718	-0.07201418
-637.58304395	-0.07275266
-637.54971072	-0.07233917
-637.51637749	-0.07064961
-637.48304426	-0.06759984
-637.44971102	-0.06311375
-637.41637779	-0.05715130
-637.38304456	-0.04965453
-637.34971133	-0.04077085
-637.31637810	-0.03056105
-637.28304487	-0.01917254
-637.24971163	-0.00672846
-637.21637840	0.00642963
-637.18304517	0.02002462
-637.14971194	0.03391265
-637.11637871	0.04760778
-637.08304548	0.06087372
-637.04971224	0.07337775
-637.01637901	0.08474151
-636.98304578	0.09458001
-636.94971255	0.10245532
-636.91637932	0.10817161
-636.88304609	0.11124544
-636.84971285	0.11161938
-636.81637962	0.10913401
-636.78304639	0.10373372
-636.74971316	0.09555996
-636.71637993	0.08494738
-636.68304670	0.07200024
-636.64971346	0.05723189
-636.61638023	0.04119925
-636.58304700	0.02436913
-636.54971377	0.00731324
-636.51638054	-0.00925974
-636.48304730	-0.02487058
-636.44971407	-0.03893800
-636.41638084	-0.05090710
-636.38304761	-0.06044638
-636.34971438	-0.06723912
-636.31638115	-0.07104800
-636.28304791	-0.07183978
-636.24971468	-0.06981234
-636.21638145	-0.06503696
-636.18304822	-0.05781754
-636.14971499	-0.04873551
-636.11638176	-0.03820857
-636.08304852	-0.02674619
-636.04971529	-0.01508318
-636.01638206	-0.00374383
-635.98304883	0.00674823
-635.94971560	0.01585953
-635.91638237	0.02322291
-635.88304913	0.02857127
-635.84971590	0.03169683
-635.81638267	0.03265942
-635.78304944	0.03155322
-635.74971621	0.02852413
-635.71638298	0.02395888
-635.68304974	0.01826524
-635.64971651	0.01181509
-635.61638328	0.00491549
-635.58305005	-0.00189633
-635.54971682	-0.00828771
-635.51638358	-0.01398522
-635.48305035	-0.01870380
-635.44971712	-0.02235724
-635.41638389	-0.02480628
-635.38305066	-0.02600315
-635.34971743	-0.02607213
-635.31638419	-0.02511738
-635.28305096	-0.02333435
-635.24971773	-0.02084910
-635.21638450	-0.01785160
-635.18305127	-0.01454682
-635.14971804	-0.01110716
-635.11638480	-0.00774085
-635.08305157	-0.00457014
-635.04971834	-0.00166763
-635.01638511	0.00086253
-634.98305188	0.00284154
-634.94971865	0.00427579
-634.91638541	0.00516263
-634.88305218	0.00543472
-634.84971895	0.00520927
-634.81638572	0.00454898
-634.78305249	0.00347869
-634.74971926	0.00218703
-634.71638602	0.00072204
-634.68305279	-0.00087190
-634.64971956	-0.00244937
-634.61638633	-0.00395812
-634.58305310	-0.00537374
-634.54971987	-0.00661212
-634.51638663	-0.00757373
-634.48305340	-0.00826603
-634.44972017	-0.00866862
-634.41638694	-0.00869060
-634.38305371	-0.00836851
-634.34972047	-0.00778926
-634.31638724	-0.00695356
-634.28305401	-0.00603382
-634.24972078	-0.00513038
-634.21638755	-0.00423893
-634.18305432	-0.00345000
-634.14972108	-0.00283597
-634.11638785	-0.00238184
-634.08305462	-0.00199120
-634.04972139	-0.00169605
-634.01638816	-0.00135718
-633.98305493	-0.00098527
-633.94972169	-0.00054314
-633.91638846	-0.00002025
-633.88305523	0.00046198
-633.84972200	0.00097405
-633.81638877	0.00142577
-633.78305554	0.00174667
-633.74972230	0.00179851
-633.71638907	0.00168932
-633.68305584	0.00139242
-633.64972261	0.00084836
-633.61638938	0.00009513
-633.58305615	-0.00068792
-633.54972291	-0.00155752
-633.51638968	-0.00243537
-633.48305645	-0.00319102
-633.44972322	-0.00371343
-633.41638999	-0.00403169
-633.38305675	-0.00413315
-633.34972352	-0.00391064
-633.31639029	-0.00351098
-633.28305706	-0.00285311
-633.24972383	-0.00211781
-633.21639060	-0.00137795
-633.18305736	-0.00061258
-633.14972413	0.00004403
-633.11639090	0.00055431
-633.08305767	0.00099155
-633.04972444	0.00136408
-633.01639121	0.00173201
-632.98305797	0.00218228
-632.94972474	0.00265684
-632.91639151	0.00324473
-632.88305828	0.00399275
-632.84972505	0.00475482
-632.81639182	0.00541581
-632.78305858	0.00591475
-632.74972535	0.00618533
-632.71639212	0.00602016
-632.68305889	0.00540763
-632.64972566	0.00441614
-632.61639243	0.00308445
-632.58305919	0.00149602
-632.54972596	-0.00014939
-632.51639273	-0.00164146
-632.48305950	-0.00285233
-632.44972627	-0.00371861
-632.41639303	-0.00409301
-632.38305980	-0.00398913
-632.34972657	-0.00349436
-632.31639334	-0.00269981
-632.28306011	-0.00172552
-632.24972688	-0.00068249
-632.21639364	0.00038785
-632.18306041	0.00140658
-632.14972718	0.00227551
-632.11639395	0.00308307
-632.08306072	0.00386213
-632.04972749	0.00446682
-632.01639425	0.00497698
-631.98306102	0.00533301
-631.94972779	0.00546466
-631.91639456	0.00542829
-631.88306133	0.00505838
-631.84972810	0.00438891
-631.81639486	0.00343858
-631.78306163	0.00226100
-631.74972840	0.00086138
-631.71639517	-0.00061622
-631.68306194	-0.00209765
-631.64972871	-0.00338266
-631.61639547	-0.00453613
-631.58306224	-0.00541069
-631.54972901	-0.00601407
-631.51639578	-0.00638938
-631.48306255	-0.00654021
-631.44972931	-0.00654565
-631.41639608	-0.00649202
-631.38306285	-0.00637599
-631.34972962	-0.00631095
-631.31639639	-0.00635748
-631.28306316	-0.00653585
-631.24972992	-0.00680810
-631.21639669	-0.00717483
-631.18306346	-0.00762439
-631.14973023	-0.00801719
-631.11639700	-0.00844699
-631.08306377	-0.00882313
-631.04973053	-0.00921989
-631.01639730	-0.00962192
-630.98306407	-0.01012637
-630.94973084	-0.01069004
-630.91639761	-0.01146489
-630.88306438	-0.01233778
-630.84973114	-0.01326418
-630.81639791	-0.01420030
-630.78306468	-0.01493039
-630.74973145	-0.01546743
-630.71639822	-0.01555754
-630.68306499	-0.01523295
-630.64973175	-0.01442897
-630.61639852	-0.01322817
-630.58306529	-0.01170069
-630.54973206	-0.00991063
-630.51639883	-0.00793524
-630.48306560	-0.00596371
-630.44973236	-0.00396468
-630.41639913	-0.00199485
-630.38306590	-0.00008047
-630.34973267	0.00189054
-630.31639944	0.00391760
-630.28306620	0.00596866
-630.24973297	0.00808125
-630.21639974	0.01008929
-630.18306651	0.01196004
-630.14973328	0.01365901
-630.11640005	0.01497331
-630.08306681	0.01595778
-630.04973358	0.01656422
-630.01640035	0.01679142
-629.98306712	0.01668828
-629.94973389	0.01639868
-629.91640066	0.01589973
-629.88306742	0.01527308
-629.84973419	0.01460031
-629.81640096	0.01381477
-629.78306773	0.01292808
-629.74973450	0.01174061
-629.71640127	0.01034208
-629.68306803	0.00870748
-629.64973480	0.00670596
-629.61640157	0.00447321
-629.58306834	0.00199812
-629.54973511	-0.00065150
-629.51640188	-0.00335282
-629.48306864	-0.00601383
-629.44973541	-0.00863443
-629.41640218	-0.01110574
-629.38306895	-0.01345217
-629.34973572	-0.01557931
-629.31640248	-0.01753292
-629.28306925	-0.01939947
-629.24973602	-0.02110983
-629.21640279	-0.02269474
-629.18306956	-0.02411207
-629.14973633	-0.02529485
-629.11640309	-0.02619731
-629.08306986	-0.02664100
-629.04973663	-0.02671191
-629.01640340	-0.02630354
-628.98307017	-0.02538412
-628.94973694	-0.02397969
-628.91640370	-0.02209818
-628.88307047	-0.01978846
-628.84973724	-0.01713061
-628.81640401	-0.01415794
-628.78307078	-0.01095712
-628.74973755	-0.00752172
-628.71640431	-0.00399334
-628.68307108	-0.00043716
-628.64973785	0.00300354
-628.61640462	0.00640575
-628.58307139	0.00947375
-628.54973816	0.01213948
-628.51640492	0.01438272
-628.48307169	0.01603929
-628.44973846	0.01708030
-628.41640523	0.01746451
-628.38307200	0.01720855
-628.34973876	0.01640114
-628.31640553	0.01495242
-628.28307230	0.01296704
-628.24973907	0.01057738
-628.21640584	0.00787909
-628.18307261	0.00486652
-628.14973937	0.00168063
-628.11640614	-0.00148327
-628.08307291	-0.00460004
-628.04973968	-0.00749455
-628.01640645	-0.01006622
-627.98307322	-0.01222887
-627.94973998	-0.01396451
-627.91640675	-0.01513461
-627.88307352	-0.01582386
-627.84974029	-0.01602376
-627.81640706	-0.01579527
-627.78307383	-0.01512829
-627.74974059	-0.01411944
-627.71640736	-0.01291577
-627.68307413	-0.01146760
-627.64974090	-0.00988722
-627.61640767	-0.00829631
-627.58307444	-0.00673745
-627.54974120	-0.00527598
-627.51640797	-0.00397450
-627.48307474	-0.00301931
-627.44974151	-0.00230794
-627.41640828	-0.00198698
-627.38307505	-0.00203639
-627.34974181	-0.00246126
-627.31640858	-0.00321749
-627.28307535	-0.00429526
-627.24974212	-0.00556650
-627.21640889	-0.00688366
-627.18307565	-0.00820338
-627.14974242	-0.00937193
-627.11640919	-0.01030957
-627.08307596	-0.01102348
-627.04974273	-0.01134431
-627.01640950	-0.01132935
-626.98307626	-0.01098984
-626.94974303	-0.01023576
-626.91640980	-0.00910481
-626.88307657	-0.00761058
-626.84974334	-0.00581184
-626.81641011	-0.00365277
-626.78307687	-0.00115564
-626.74974364	0.00154011
-626.71641041	0.00447452
-626.68307718	0.00748338
-626.64974395	0.01047009
-626.61641072	0.01336236
-626.58307748	0.01592045
-626.54974425	0.01819633
-626.51641102	0.02004357
-626.48307779	0.02145218
-626.44974456	0.02235284
-626.41641133	0.02263135
-626.38307809	0.02240931
-626.34974486	0.02162278
-626.31641163	0.02021330
-626.28307840	0.01817021
-626.24974517	0.01561507
-626.21641193	0.01248991
-626.18307870	0.00882862
-626.14974547	0.00472243
-626.11641224	0.00032432
-626.08307901	-0.00419991
-626.04974578	-0.00883406
-626.01641254	-0.01336300
-625.98307931	-0.01776987
-625.94974608	-0.02182474
-625.91641285	-0.02549086
-625.88307962	-0.02857416
-625.84974639	-0.03112080
-625.81641315	-0.03295920
-625.78307992	-0.03399133
-625.74974669	-0.03414830
-625.71641346	-0.03336622
-625.68308023	-0.03162491
-625.64974700	-0.02900782
-625.61641376	-0.02552229
-625.58308053	-0.02132127
-625.54974730	-0.01646166
-625.51641407	-0.01129995
-625.48308084	-0.00589484
-625.44974761	-0.00059044
-625.41641437	0.00450710
-625.38308114	0.00904477
-625.34974791	0.01294358
-625.31641468	0.01593666
-625.28308145	0.01799001
-625.24974821	0.01879438
-625.21641498	0.01844409
-625.18308175	0.01693662
-625.14974852	0.01428601
-625.11641529	0.01069018
-625.08308206	0.00638112
-625.04974882	0.00166700
-625.01641559	-0.00317580
-624.98308236	-0.00784471
-624.94974913	-0.01200545
-624.91641590	-0.01543038
-624.88308267	-0.01788122
-624.84974943	-0.01932362
-624.81641620	-0.01966713
-624.78308297	-0.01893646
-624.74974974	-0.01733875
-624.71641651	-0.01502691
-624.68308328	-0.01224560
-624.64975004	-0.00921209
-624.61641681	-0.00620319
-624.58308358	-0.00344117
-624.54975035	-0.00106225
-624.51641712	0.00070777
-624.48308389	0.00196590
-624.44975065	0.00245163
-624.41641742	0.00239771
-624.38308419	0.00177316
-624.34975096	0.00080405
-624.31641773	-0.00043956
-624.28308450	-0.00175205
-624.24975126	-0.00302726
-624.21641803	-0.00412471
-624.18308480	-0.00491479
-624.14975157	-0.00540440
-624.11641834	-0.00545199
-624.08308510	-0.00517447
-624.04975187	-0.00456927
-624.01641864	-0.00375253
-623.98308541	-0.00269330
-623.94975218	-0.00152492
-623.91641895	-0.00030571
-623.88308571	0.00093608
-623.84975248	0.00209346
-623.81641925	0.00320963
-623.78308602	0.00416893
-623.74975279	0.00497617
-623.71641956	0.00569699
-623.68308632	0.00621580
-623.64975309	0.00658907
-623.61641986	0.00684900
-623.58308663	0.00690076
-623.54975340	0.00692133
-623.51642017	0.00677049
-623.48308693	0.00651831
-623.44975370	0.00618859
-623.41642047	0.00572381
-623.38308724	0.00513573
-623.34975401	0.00434701
-623.31642078	0.00342219
-623.28308754	0.00237620
-623.24975431	0.00116917
-623.21642108	-0.00018938
-623.18308785	-0.00164769
-623.14975462	-0.00315820
-623.11642138	-0.00469393
-623.08308815	-0.00616017
-623.04975492	-0.00753275
-623.01642169	-0.00874762
-622.98308846	-0.00973646
-622.94975523	-0.01052980
-622.91642199	-0.01100747
-622.88308876	-0.01114518
-622.84975553	-0.01091899
-622.81642230	-0.01030907
-622.78308907	-0.00930867
-622.74975584	-0.00792116
-622.71642260	-0.00619432
-622.68308937	-0.00423863
-622.64975614	-0.00208478
-622.61642291	0.00012413
-622.58308968	0.00229046
-622.54975645	0.00431364
-622.51642321	0.00613061
-622.48308998	0.00767541
-622.44975675	0.00886322
-622.41642352	0.00963752
-622.38309029	0.01002985
-622.34975706	0.01000088
-622.31642382	0.00958258
-622.28309059	0.00877244
-622.24975736	0.00771511
-622.21642413	0.00636547
-622.18309090	0.00485838
-622.14975766	0.00327209
-622.11642443	0.00168683
-622.08309120	0.00021128
-622.04975797	-0.00106708
-622.01642474	-0.00212064
-621.98309151	-0.00286827
-621.94975827	-0.00331490
-621.91642504	-0.00345712
-621.88309181	-0.00334948
-621.84975858	-0.00301097
-621.81642535	-0.00250683
-621.78309212	-0.00190194
-621.74975888	-0.00125881
-621.71642565	-0.00060530
-621.68309242	-0.00001479
-621.64975919	0.00048161
-621.61642596	0.00087611
-621.58309273	0.00114780
-621.54975949	0.00130472
-621.51642626	0.00133938
-621.48309303	0.00128831
-621.44975980	0.00116721
-621.41642657	0.00099862
-621.38309334	0.00079950
-621.34976010	0.00059821
-621.31642687	0.00041754
-621.28309364	0.00026868
-621.24976041	0.00015135
-621.21642718	0.00007482
-621.18309395	0.00004055
-621.14976071	0.00003143
-621.11642748	0.00004886
-621.08309425	0.00007756
-621.04976102	0.00011053
-621.01642779	0.00014145
-620.98309455	0.00016157
-620.94976132	0.00017218
-620.91642809	0.00017074
-620.88309486	0.00015798
-620.84976163	0.00013838
-620.81642840	0.00011402
-620.78309516	0.00008830
-620.74976193	0.00006451
-620.71642870	0.00004383
-620.68309547	0.00002760
-620.64976224	0.00001577
-620.61642901	0.00000790
-620.58309577	0.00000312
-620.54976254	0.00000070
-620.51642931	0.00000000
