# GaAs12 (theta, theta1, theta2),   GaAs28 (theta, theta1, theta2),    GaAs (rein) (theta, theta1, theta2)
0.08 2.69 2.53 0.09 4.47 4.64 0.21 4.36 4.78
0.07 2.57 2.71 0.10 4.64 4.45 0.13 4.71 4.45
0.04 2.58 2.67 0.09 4.47 4.64 0.11 4.49 4.71
0.05 2.71 2.60 0.09 4.59 4.42 0.08 4.63 4.47
0.05 2.83 2.72 0.10 4.31 4.50 0.05 4.42 4.52
0.06 2.74 2.86 0.11 4.50 4.28 0.05 4.49 4.38
0.06 3.30 3.18 0.12 3.84 4.08 0.03 3.94 4.01
0.02 3.54 3.58 0.09 3.80 3.63 0.03 3.53 3.46
0.03 4.29 4.22 0.10 4.22 4.43 0.04 2.84 2.93
