# Menlo Systems GmbH ScanControl
# Program Version 1.7.0+git.a90605a3
# Start: -710.00000000 ps, Average over 2000 waveforms. Timestamp: 2023-11-21T14:28:46
# Window type: Tukey, parameters: alpha = 0.1
# User time axis shift: 0 ps
# Time axis offset: 0 ps
# Frequency [THz]	THz Signal [a.u.]
0.00000000	-16.77240554
0.00732603	-15.33831888
0.01465207	-14.82970092
0.02197810	-14.98102471
0.02930414	-14.77222662
0.03663017	-14.84108832
0.04395621	-15.15242951
0.05128224	-15.21980958
0.05860828	-14.69060854
0.06593431	-15.92136421
0.07326035	-15.45974512
0.08058638	-14.84694253
0.08791242	-16.22174201
0.09523845	-13.75934928
0.10256449	-13.40786364
0.10989052	-14.92577267
0.11721656	-12.61291425
0.12454259	-12.22268621
0.13186863	-12.80805198
0.13919466	-11.50847330
0.14652070	-11.62468645
0.15384673	-11.86777295
0.16117277	-11.15746798
0.16849880	-10.24021076
0.17582484	-9.68439054
0.18315087	-10.43305573
0.19047691	-9.39392962
0.19780294	-8.06078114
0.20512898	-8.56986064
0.21245501	-8.64905553
0.21978105	-7.59139685
0.22710708	-7.16557454
0.23443312	-7.50823866
0.24175915	-7.28804933
0.24908519	-6.75604191
0.25641122	-7.13933563
0.26373726	-7.13391592
0.27106329	-6.28353401
0.27838933	-6.41320536
0.28571536	-6.76692749
0.29304140	-5.96690569
0.30036743	-5.58985523
0.30769347	-5.71883899
0.31501950	-5.43963077
0.32234554	-4.70648084
0.32967157	-4.21891623
0.33699761	-4.48638999
0.34432364	-4.19846072
0.35164968	-3.56467087
0.35897571	-3.69708153
0.36630175	-3.59940407
0.37362778	-3.41556343
0.38095382	-3.47691501
0.38827985	-3.16798041
0.39560589	-3.19106040
0.40293192	-3.37237388
0.41025796	-3.13946476
0.41758399	-3.04288637
0.42491003	-2.95401721
0.43223606	-2.67751892
0.43956210	-2.51496585
0.44688813	-2.29612026
0.45421417	-1.84008557
0.46154020	-1.80777567
0.46886624	-1.86272152
0.47619227	-1.49284380
0.48351831	-1.57727258
0.49084434	-1.64180180
0.49817038	-1.61870980
0.50549641	-1.86803428
0.51282245	-1.59514094
0.52014848	-1.71501118
0.52747452	-1.89417595
0.53480055	-1.50076332
0.54212659	-1.65835230
0.54945262	-1.60761880
0.55677866	-1.45742045
0.56410469	-1.48133369
0.57143073	-0.82223913
0.57875676	-0.68146209
0.58608280	-0.81242946
0.59340883	-0.36777645
0.60073487	-0.48183118
0.60806090	-0.51089726
0.61538694	-0.35665225
0.62271297	-0.83049391
0.63003901	-0.67682900
0.63736504	-0.75643374
0.64469108	-1.13126171
0.65201711	-0.64654786
0.65934315	-0.75618502
0.66666918	-0.66536942
0.67399522	-0.39015379
0.68132125	-0.51708339
0.68864729	-0.16693950
0.69597332	-0.16802158
0.70329936	-0.11592175
0.71062539	0.00000000
0.71795143	-0.22877082
0.72527746	-0.18978010
0.73260350	-0.42934583
0.73992953	-0.58520085
0.74725557	-0.87696717
0.75458160	-1.26305589
0.76190764	-1.09656804
0.76923367	-1.32440475
0.77655971	-1.17274422
0.78388574	-1.05897572
0.79121178	-1.08465521
0.79853781	-0.77219695
0.80586385	-0.85238075
0.81318988	-0.53991109
0.82051592	-0.44918388
0.82784195	-0.55528950
0.83516799	-0.27061578
0.84249402	-0.47996570
0.84982006	-0.58742061
0.85714609	-0.59737876
0.86447213	-0.88169511
0.87179816	-0.94534126
0.87912420	-1.13724248
0.88645023	-1.35085577
0.89377626	-1.22350919
0.90110230	-1.37407822
0.90842833	-1.37665536
0.91575437	-1.01526638
0.92308040	-1.17606147
0.93040644	-0.94261332
0.93773247	-0.79776800
0.94505851	-0.98111971
0.95238454	-0.70794460
0.95971058	-1.08138936
0.96703661	-1.15644202
0.97436265	-1.27785762
0.98168868	-2.01411469
0.98901472	-2.00613228
0.99634075	-2.48278881
1.00366679	-2.52975092
1.01099282	-2.56806677
1.01831886	-2.84805533
1.02564489	-2.32281857
1.03297093	-2.58640652
1.04029696	-2.26648903
1.04762300	-2.00427764
1.05494903	-2.20261601
1.06227507	-1.77505158
1.06960110	-2.07462166
1.07692714	-2.15041055
1.08425317	-2.09835892
1.09157921	-3.08894280
1.09890524	-3.63752048
1.10623128	-3.47543934
1.11355731	-3.49741601
1.12088335	-3.70454265
1.12820938	-3.55047212
1.13553542	-3.47427481
1.14286145	-3.65257612
1.15018749	-3.36686073
1.15751352	-3.74730618
1.16483956	-4.04999091
1.17216559	-3.11423285
1.17949163	-2.74193804
1.18681766	-2.81968471
1.19414370	-2.83696016
1.20146973	-3.26078975
1.20879577	-3.69804494
1.21612180	-3.83701599
1.22344784	-4.34131911
1.23077387	-4.75048332
1.23809991	-4.86453523
1.24542594	-5.06990054
1.25275198	-5.11180559
1.26007801	-5.24062083
1.26740405	-5.01453960
1.27473008	-4.94146953
1.28205612	-4.82683963
1.28938215	-4.53394020
1.29670819	-4.73493045
1.30403422	-4.59668094
1.31136026	-4.85846510
1.31868629	-5.13457590
1.32601233	-5.22402071
1.33333836	-5.92269417
1.34066440	-5.96868994
1.34799043	-6.54080619
1.35531647	-6.89233696
1.36264250	-6.83152375
1.36996854	-7.27286974
1.37729457	-6.81751440
1.38462061	-6.95198902
1.39194664	-6.64755088
1.39927268	-6.33448489
1.40659871	-6.93221320
1.41392475	-6.88181646
1.42125078	-6.60619293
1.42857682	-6.40591405
1.43590285	-6.68673020
1.44322889	-7.07536987
1.45055492	-7.25184757
1.45788096	-7.86080549
1.46520699	-8.17850421
1.47253303	-8.56101952
1.47985906	-8.93378449
1.48718510	-8.90454690
1.49451113	-9.03416869
1.50183717	-8.90841155
1.50916320	-8.73928009
1.51648924	-8.66219821
1.52381527	-8.51457443
1.53114131	-8.54577698
1.53846734	-8.60047667
1.54579338	-8.73083060
1.55311941	-9.17523342
1.56044545	-9.53280645
1.56777148	-9.99096899
1.57509752	-10.68071521
1.58242355	-11.09774579
1.58974959	-11.63705630
1.59707562	-12.11647529
1.60440166	-12.43740155
1.61172769	-12.32409711
1.61905373	-11.83488405
1.62637976	-11.91228286
1.63370580	-11.68644627
1.64103183	-11.54549259
1.64835787	-11.80907575
1.65568390	-12.08378670
1.66300994	-13.49388268
1.67033597	-14.63033275
1.67766201	-13.69401350
1.68498804	-13.07579267
1.69231408	-13.53574310
1.69964011	-14.16451379
1.70696615	-14.43568875
1.71429218	-16.17163349
1.72161822	-16.33254656
1.72894425	-14.54210579
1.73627029	-14.42092036
1.74359632	-14.24380640
1.75092236	-14.06264023
1.75824839	-14.28282384
1.76557442	-14.27288023
1.77290046	-14.42261441
1.78022649	-14.62310138
1.78755253	-15.08079466
1.79487856	-15.91087018
1.80220460	-16.32715548
1.80953063	-16.48777199
1.81685667	-16.85116458
1.82418270	-17.15189301
1.83150874	-17.37709847
1.83883477	-17.41912892
1.84616081	-17.54730940
1.85348684	-17.47877179
1.86081288	-17.49561336
1.86813891	-18.05951247
1.87546495	-17.62930379
1.88279098	-17.22072907
1.89011702	-17.46581217
1.89744305	-17.63968468
1.90476909	-17.96605446
1.91209512	-18.41222779
1.91942116	-19.20075364
1.92674719	-19.39291062
1.93407323	-19.31673546
1.94139926	-19.73634284
1.94872530	-19.84575743
1.95605133	-20.01750094
1.96337737	-19.90964339
1.97070340	-19.73134227
1.97802944	-19.67390152
1.98535547	-19.50223674
1.99268151	-19.49183958
2.00000754	-19.49527919
2.00733358	-19.49075806
2.01465961	-19.54738105
2.02198565	-19.71780957
2.02931168	-19.95573933
2.03663772	-20.52736480
2.04396375	-20.94214267
2.05128979	-20.93655605
2.05861582	-21.17041056
2.06594186	-21.30040223
2.07326789	-21.52112782
2.08059393	-21.49670743
2.08791996	-21.26667153
2.09524600	-21.22599649
2.10257203	-21.20485943
2.10989807	-21.32817424
2.11722410	-21.24844284
2.12455014	-21.32539692
2.13187617	-21.52624127
2.13920221	-21.87804600
2.14652824	-22.29527824
2.15385428	-22.43972575
2.16118031	-23.46231489
2.16850635	-23.93145857
2.17583238	-23.32652128
2.18315842	-23.46345634
2.19048445	-23.99463282
2.19781049	-24.72468632
2.20513652	-24.21286340
2.21246256	-23.67791953
2.21978859	-24.49564285
2.22711463	-24.45046027
2.23444066	-23.68689795
2.24176670	-23.83006860
2.24909273	-23.87854328
2.25641877	-24.04828435
2.26374480	-25.20102954
2.27107084	-25.12715314
2.27839687	-24.48485692
2.28572291	-24.91738058
2.29304894	-25.22429101
2.30037498	-25.54761337
2.30770101	-25.83608370
2.31502705	-25.84985997
2.32235308	-26.12196581
2.32967912	-26.10166596
2.33700515	-26.19392548
2.34433119	-26.51785980
2.35165722	-26.41699049
2.35898326	-26.21688380
2.36630929	-26.41793306
2.37363533	-26.50046143
2.38096136	-26.44092197
2.38828740	-27.42382503
2.39561343	-28.02882364
2.40293947	-27.38568158
2.41026550	-27.54048252
2.41759154	-27.77461815
2.42491757	-28.03866618
2.43224361	-28.36346763
2.43956964	-28.33982478
2.44689568	-28.46508534
2.45422171	-28.49051548
2.46154775	-29.23150403
2.46887378	-29.19423623
2.47619982	-28.32165431
2.48352585	-28.47179594
2.49085189	-28.49839561
2.49817792	-28.60858073
2.50550396	-28.89740608
2.51282999	-29.08488546
2.52015603	-29.42622199
2.52748206	-29.59463235
2.53480810	-30.03737918
2.54213413	-30.28621345
2.54946017	-30.45182990
2.55678620	-30.56070658
2.56411224	-30.54360376
2.57143827	-30.61346723
2.57876431	-30.40844554
2.58609034	-30.50773499
2.59341638	-30.47003918
2.60074241	-30.43659490
2.60806845	-30.48341215
2.61539448	-30.61172530
2.62272052	-31.14002560
2.63004655	-31.64003861
2.63737259	-33.72705427
2.64469862	-34.71917204
2.65202465	-32.23898511
2.65935069	-31.93414514
2.66667672	-32.47823543
2.67400276	-32.39806930
2.68132879	-32.56504802
2.68865483	-32.66097724
2.69598086	-32.41929333
2.70330690	-32.18065140
2.71063293	-32.03129581
2.71795897	-32.04177514
2.72528500	-32.10686823
2.73261104	-32.21370503
2.73993707	-32.46197226
2.74726311	-32.72062979
2.75458914	-33.16038059
2.76191518	-33.60128032
2.76924121	-35.11048809
2.77656725	-36.83122927
2.78389328	-35.08823327
2.79121932	-34.50689518
2.79854535	-34.62329767
2.80587139	-34.34165562
2.81319742	-34.36011208
2.82052346	-34.03495665
2.82784949	-33.96332599
2.83517553	-33.77398916
2.84250156	-33.62434261
2.84982760	-33.69380556
2.85715363	-33.80683335
2.86447967	-34.19970666
2.87180570	-34.56176839
2.87913174	-35.47189336
2.88645777	-35.94267390
2.89378381	-35.64849062
2.90110984	-35.80190303
2.90843588	-35.88996518
2.91576191	-35.82270865
2.92308795	-35.45184802
2.93041398	-35.20339053
2.93774002	-35.03061528
2.94506605	-34.85489067
2.95239209	-34.83002653
2.95971812	-35.07462062
2.96704416	-36.34592553
2.97437019	-36.86986657
2.98169623	-35.70046232
2.98902226	-35.86149998
2.99634830	-36.50467570
3.00367433	-36.77420334
3.01100037	-38.88413166
3.01832640	-39.45524843
3.02565244	-37.17424167
3.03297847	-36.51540457
3.04030451	-36.73447946
3.04763054	-36.87550264
3.05495658	-36.28017152
3.06228261	-35.88269199
3.06960865	-35.86211503
3.07693468	-35.88509713
3.08426072	-36.27609137
3.09158675	-36.60882829
3.09891279	-36.83958811
3.10623882	-36.97702966
3.11356486	-37.28471000
3.12089089	-37.50412653
3.12821693	-37.97938182
3.13554296	-39.06352818
3.14286900	-38.50324470
3.15019503	-37.65697829
3.15752107	-37.65826407
3.16484710	-38.27607555
3.17217314	-38.27747230
3.17949917	-37.26595255
3.18682521	-37.20081362
3.19415124	-37.24894061
3.20147728	-37.08984335
3.20880331	-37.31195490
3.21612935	-37.23722003
3.22345538	-37.43916925
3.23078142	-37.94519997
3.23810745	-38.04114500
3.24543349	-38.10556874
3.25275952	-38.42488089
3.26008556	-38.64444432
3.26741159	-38.63103396
3.27473763	-38.75299549
3.28206366	-38.71350786
3.28938970	-38.54221801
3.29671573	-38.49832948
3.30404177	-38.42809972
3.31136780	-38.39368337
3.31869384	-38.17708572
3.32601987	-38.72010033
3.33334591	-39.74732723
3.34067194	-38.97045244
3.34799798	-38.70980288
3.35532401	-39.37971643
3.36265005	-39.64022423
3.36997608	-40.27798204
3.37730212	-40.53855242
3.38462815	-40.55371074
3.39195419	-40.73801618
3.39928022	-40.46546492
3.40660626	-40.39702096
3.41393229	-40.21918633
3.42125833	-39.99221449
3.42858436	-39.97947604
3.43591040	-40.11384239
3.44323643	-40.32520071
3.45056247	-40.37650534
3.45788850	-40.70207788
3.46521454	-41.12611484
3.47254057	-41.53489895
3.47986661	-42.04738015
3.48719264	-42.21720621
3.49451868	-42.54532469
3.50184471	-42.56236254
3.50917075	-42.38856613
3.51649678	-42.61724716
3.52382281	-42.61913008
3.53114885	-42.79493381
3.53847488	-42.97327454
3.54580092	-42.59912305
3.55312695	-42.29052329
3.56045299	-42.60739067
3.56777902	-42.90840971
3.57510506	-43.23374682
3.58243109	-43.93166875
3.58975713	-44.31127959
3.59708316	-46.35110529
3.60440920	-46.70816096
3.61173523	-45.15391824
3.61906127	-46.05503119
3.62638730	-45.91637117
3.63371334	-46.47418021
3.64103937	-46.86481611
3.64836541	-48.41671586
3.65569144	-52.19238027
3.66301748	-45.15310375
3.67034351	-43.77898274
3.67766955	-44.92341968
3.68499558	-45.22503162
3.69232162	-45.99927194
3.69964765	-46.40021011
3.70697369	-46.98154269
3.71429972	-47.84914702
3.72162576	-48.40135719
3.72895179	-49.22775742
3.73627783	-49.30965283
3.74360386	-49.40296312
3.75092990	-49.27481555
3.75825593	-49.07407350
3.76558197	-49.27240949
3.77290800	-49.63352245
3.78023404	-50.10256012
3.78756007	-51.13692925
3.79488611	-52.90966557
3.80221214	-58.49904005
3.80953818	-55.24658760
3.81686421	-49.65912252
3.82419025	-49.75637824
3.83151628	-51.72910337
3.83884232	-51.98718320
3.84616835	-52.74042729
3.85349439	-53.03126224
3.86082042	-53.31228597
3.86814646	-53.47042335
3.87547249	-53.57850392
3.88279853	-54.22660985
3.89012456	-54.70139441
3.89745060	-55.64775809
3.90477663	-56.60515476
3.91210267	-58.14705336
3.91942870	-60.12531392
3.92675474	-61.35597351
3.93408077	-62.71221670
3.94140681	-63.29058930
3.94873284	-66.44009950
3.95605888	-70.44958596
3.96338491	-64.92763419
3.97071095	-65.60564917
3.97803698	-65.51760639
3.98536302	-61.60402642
3.99268905	-62.56224898
4.00001509	-69.18801219
4.00734112	-71.59927929
4.01466716	-69.57521898
4.02199319	-71.66555259
4.02931923	-75.39970415
4.03664526	-77.20302194
4.04397130	-79.79589585
4.05129733	-83.27971719
4.05862337	-83.47523742
4.06594940	-80.24844538
4.07327544	-77.21052372
4.08060147	-74.44714387
4.08792751	-70.34324610
4.09525354	-67.34830817
4.10257958	-65.72454204
4.10990561	-64.32604367
4.11723165	-63.72867609
4.12455768	-62.53170352
4.13188372	-61.78942316
4.13920975	-61.04701747
4.14653579	-60.18897325
4.15386182	-60.09155785
4.16118786	-57.74999585
4.16851389	-58.29920301
4.17583993	-67.96232583
4.18316596	-64.29485040
4.19049200	-62.91667700
4.19781803	-69.78206007
4.20514407	-63.63525187
4.21247010	-61.62588919
4.21979614	-62.59280730
4.22712217	-64.86956386
4.23444821	-61.68807197
4.24177424	-60.81256586
4.24910028	-61.42072827
4.25642631	-60.11090437
4.26375235	-60.06496789
4.27107838	-59.65478131
4.27840442	-59.60659238
4.28573045	-59.82308067
4.29305649	-59.64628221
4.30038252	-60.02861088
4.30770856	-59.90060666
4.31503459	-60.33522638
4.32236063	-60.49068766
4.32968666	-60.15019536
4.33701270	-60.02877873
4.34433873	-59.75640188
4.35166477	-59.32754194
4.35899080	-58.82495453
4.36631684	-58.75257794
4.37364287	-58.40480338
4.38096891	-58.21305525
4.38829494	-58.17228396
4.39562098	-58.15185213
4.40294701	-58.47081115
4.41027304	-58.68972915
4.41759908	-59.19304072
4.42492511	-59.64042749
4.43225115	-60.26857954
4.43957718	-60.90440780
4.44690322	-61.04915156
4.45422925	-61.18602900
4.46155529	-60.81254788
4.46888132	-62.26033095
4.47620736	-63.86653009
4.48353339	-61.08014019
4.49085943	-59.78221375
4.49818546	-59.58517953
4.50551150	-59.74205847
4.51283753	-62.58737472
4.52016357	-68.89770636
4.52748960	-64.34455418
4.53481564	-63.73631161
4.54214167	-66.74635961
4.54946771	-65.95487764
4.55679374	-65.51349122
4.56411978	-65.93903740
4.57144581	-65.43051547
4.57877185	-65.52355644
4.58609788	-65.13792930
4.59342392	-64.04852727
4.60074995	-65.56177988
4.60807599	-67.07065392
4.61540202	-63.84907320
4.62272806	-63.29512393
4.63005409	-63.97161602
4.63738013	-64.03758749
4.64470616	-64.49033060
4.65203220	-64.87199938
4.65935823	-65.88727250
4.66668427	-67.03600687
4.67401030	-67.51347862
4.68133634	-67.73035454
4.68866237	-68.07538357
4.69598841	-68.70621206
4.70331444	-68.14197484
4.71064048	-67.52566196
4.71796651	-67.59384110
4.72529255	-67.76029827
4.73261858	-68.53374649
4.73994462	-69.76353802
4.74727065	-67.30742807
4.75459669	-65.73938558
4.76192272	-66.54332809
4.76924876	-67.19282098
4.77657479	-67.77149726
4.78390083	-68.28531177
4.79122686	-68.89965800
4.79855290	-70.68368504
4.80587893	-70.85739297
4.81320497	-71.69773945
4.82053100	-71.88603177
4.82785704	-70.99996848
4.83518307	-71.64890207
4.84250911	-70.88574702
4.84983514	-70.16074136
4.85716118	-70.05561780
4.86448721	-69.60142495
4.87181325	-69.78106097
4.87913928	-69.90053692
4.88646532	-69.75657562
4.89379135	-70.38908773
4.90111739	-70.91376130
4.90844342	-71.92729929
4.91576946	-72.51528286
4.92309549	-71.82411995
4.93042153	-73.41326987
4.93774756	-74.04738651
4.94507360	-73.31560230
4.95239963	-73.34761390
4.95972567	-73.11837385
4.96705170	-73.54486470
4.97437774	-72.80728424
4.98170377	-72.83749502
4.98902981	-71.25262267
4.99635584	-70.57358227
5.00368188	-71.82765804
5.01100791	-70.79345547
5.01833395	-70.94966328
5.02565998	-71.96407316
5.03298602	-71.87649608
5.04031205	-71.82528613
5.04763809	-71.18250103
5.05496412	-71.74654370
5.06229016	-72.29001336
5.06961619	-72.55840669
5.07694223	-72.14408761
5.08426826	-70.54945521
5.09159430	-70.22749275
5.09892033	-70.99531462
5.10624637	-73.55226178
5.11357240	-75.26826357
5.12089844	-71.42265469
5.12822447	-69.61233522
5.13555051	-70.36322187
5.14287654	-71.07743584
5.15020258	-70.23545451
5.15752861	-70.33324913
5.16485465	-70.44146552
5.17218068	-70.23940559
5.17950672	-70.34168197
5.18683275	-71.00216334
5.19415879	-72.32741819
5.20148482	-72.53169564
5.20881086	-72.18412050
5.21613689	-72.00606904
5.22346293	-71.90151600
5.23078896	-71.27690745
5.23811500	-71.55166154
5.24544103	-72.03716445
5.25276707	-71.97004849
5.26009310	-72.51587364
5.26741914	-70.99663536
5.27474517	-73.09951059
5.28207121	-75.95558059
5.28939724	-70.74922795
5.29672327	-71.25115290
5.30404931	-73.16011870
5.31137534	-73.65015764
5.31870138	-77.13257441
5.32602741	-79.06835151
5.33335345	-76.06684645
5.34067948	-74.25061632
5.34800552	-76.56068360
5.35533155	-78.54919674
5.36265759	-77.37809963
5.36998362	-80.93473251
5.37730966	-82.51436572
5.38463569	-82.69810551
5.39196173	-84.59305987
5.39928776	-83.66133666
5.40661380	-84.04463660
5.41393983	-81.25080364
5.42126587	-80.09488816
5.42859190	-81.23948705
5.43591794	-79.21148274
5.44324397	-80.44837764
5.45057001	-81.35239783
5.45789604	-76.40086097
5.46522208	-75.37017719
5.47254811	-74.67841999
5.47987415	-73.96801270
5.48720018	-74.16381216
5.49452622	-73.55507886
5.50185225	-73.38139721
5.50917829	-74.54028114
5.51650432	-74.86065089
5.52383036	-73.95867749
5.53115639	-73.09094287
5.53848243	-71.88427102
5.54580846	-71.65091304
5.55313450	-71.28153735
5.56046053	-70.72592577
5.56778657	-70.81837145
5.57511260	-70.09777407
5.58243864	-70.40447322
5.58976467	-70.58190160
5.59709071	-69.83206147
5.60441674	-70.71396780
5.61174278	-71.16377354
5.61906881	-71.50518289
5.62639485	-72.00554387
5.63372088	-71.66452464
5.64104692	-73.57309740
5.64837295	-74.14319768
5.65569899	-72.60786740
5.66302502	-73.42153218
5.67035106	-74.07273804
5.67767709	-73.85159171
5.68500313	-73.64462913
5.69232916	-73.89516109
5.69965520	-74.97035505
5.70698123	-74.09836155
5.71430727	-73.83967244
5.72163330	-74.30793192
5.72895934	-74.32333881
5.73628537	-76.17544730
5.74361141	-76.04492567
5.75093744	-74.82913216
5.75826348	-74.13947160
5.76558951	-74.68388368
5.77291555	-77.10967120
5.78024158	-75.60203070
5.78756762	-75.84898771
5.79489365	-78.36724826
5.80221969	-79.77591299
5.80954572	-81.41317728
5.81687176	-83.43168603
5.82419779	-92.54951256
5.83152383	-81.54809771
5.83884986	-82.31491757
5.84617590	-86.29890610
5.85350193	-85.07358075
5.86082797	-96.28288360
5.86815400	-90.41118531
5.87548004	-98.12293179
5.88280607	-85.28562917
5.89013211	-87.46723024
5.89745814	-80.58620871
5.90478418	-77.16260079
5.91211021	-76.42981868
5.91943625	-75.64759618
5.92676228	-76.94654216
5.93408832	-74.24627445
5.94141435	-72.30312405
5.94874039	-73.09987129
5.95606642	-73.19450958
5.96339246	-72.47761954
5.97071849	-72.96800938
5.97804453	-73.50945913
5.98537056	-72.55047230
5.99269660	-72.73635949
6.00002263	-73.11566523
6.00734867	-73.20726763
6.01467470	-73.91057481
6.02200074	-72.76454128
6.02932677	-73.20647009
6.03665281	-74.30036234
6.04397884	-74.31704384
6.05130488	-77.24721469
6.05863091	-80.36362941
6.06595695	-84.00574556
6.07328298	-83.77086148
6.08060902	-81.01730879
6.08793505	-79.78852016
6.09526109	-76.88419575
6.10258712	-77.71146959
6.10991316	-78.76268562
6.11723919	-79.94323578
6.12456523	-84.38594639
6.13189126	-82.71389641
6.13921730	-86.53206575
6.14654333	-94.71399080
6.15386937	-99.07942229
6.16119540	-87.24969349
6.16852143	-82.58827399
6.17584747	-83.19573713
6.18317350	-80.99359689
6.19049954	-79.21977795
6.19782557	-77.98150339
6.20515161	-78.01981806
6.21247764	-76.73934243
6.21980368	-76.51706422
6.22712971	-77.91458578
6.23445575	-75.67262899
6.24178178	-76.53003604
6.24910782	-81.07852128
6.25643385	-80.19798074
6.26375989	-79.84980386
6.27108592	-79.11898550
6.27841196	-79.79143038
6.28573799	-79.70778356
6.29306403	-78.27426502
6.30039006	-80.13750488
6.30771610	-80.90920115
6.31504213	-79.73262171
6.32236817	-80.06418909
6.32969420	-81.84130324
6.33702024	-85.05058286
6.34434627	-88.43510587
6.35167231	-86.72992319
6.35899834	-82.34084307
6.36632438	-82.31331782
6.37365041	-83.90756561
6.38097645	-91.02555205
6.38830248	-89.18102935
6.39562852	-86.38751873
6.40295455	-89.30722996
6.41028059	-83.68566793
6.41760662	-85.66790053
6.42493266	-86.04768852
6.43225869	-83.90367439
6.43958473	-88.55037148
6.44691076	-84.77850546
6.45423680	-84.80696511
6.46156283	-83.49976548
6.46888887	-83.19182167
6.47621490	-90.01329524
6.48354094	-84.44865028
6.49086697	-84.13684840
6.49819301	-82.03637042
6.50551904	-82.19785864
6.51284508	-84.73371181
6.52017111	-83.61945647
6.52749715	-87.00552574
6.53482318	-84.41601685
6.54214922	-84.64910015
6.54947525	-85.96605150
6.55680129	-86.14465665
6.56412732	-91.99638265
6.57145336	-85.29403619
6.57877939	-86.96303219
6.58610543	-90.60658249
6.59343146	-87.04971096
6.60075750	-97.32624087
6.60808353	-90.16590126
6.61540957	-87.53980377
6.62273560	-86.08521736
6.63006164	-85.38090696
6.63738767	-92.16418581
6.64471371	-83.63843870
6.65203974	-83.94366167
6.65936578	-96.88364509
6.66669181	-84.27138164
6.67401785	-84.45935670
6.68134388	-87.48231415
6.68866992	-92.14541369
6.69599595	-87.90687779
6.70332199	-85.33349427
6.71064802	-94.86783529
6.71797406	-90.55381713
6.72530009	-89.34464220
6.73262613	-90.88309738
6.73995216	-91.26380123
6.74727820	-87.23399696
6.75460423	-85.71996058
6.76193027	-94.10708120
6.76925630	-95.36390811
6.77658234	-94.83168766
6.78390837	-98.64208066
6.79123441	-91.85341177
6.79856044	-89.09842734
6.80588648	-88.09570742
6.81321251	-93.31746070
6.82053855	-86.91772180
6.82786458	-84.28683987
6.83519062	-89.01791206
6.84251665	-101.12570702
6.84984269	-88.16781449
6.85716872	-87.38959970
6.86449476	-90.76511494
6.87182079	-87.43743140
6.87914683	-86.79854708
6.88647286	-89.01587178
6.89379890	-85.95906247
6.90112493	-88.91182327
6.90845097	-88.04875854
6.91577700	-85.72875064
6.92310304	-92.52569320
6.93042907	-94.95187331
6.93775511	-95.48811513
6.94508114	-99.03551085
6.95240718	-98.32705515
6.95973321	-98.74814975
6.96705925	-92.86423480
6.97438528	-96.08353382
6.98171132	-109.13245346
6.98903735	-96.22173445
6.99636339	-90.54917736
7.00368942	-87.86787907
7.01101546	-87.33234033
7.01834149	-88.30127840
7.02566753	-87.80553831
7.03299356	-87.06114298
7.04031960	-88.75121539
7.04764563	-89.05490532
7.05497166	-89.29723370
7.06229770	-96.45920270
7.06962373	-97.52164832
7.07694977	-91.92536977
7.08427580	-91.07057346
7.09160184	-89.96774346
7.09892787	-92.09144829
7.10625391	-100.79903337
7.11357994	-94.18364198
7.12090598	-92.53223844
7.12823201	-96.88501969
7.13555805	-108.84176803
7.14288408	-100.11132687
7.15021012	-97.67993499
7.15753615	-97.74060174
7.16486219	-98.57685923
7.17218822	-98.24579716
7.17951426	-93.73038178
7.18684029	-92.85746885
7.19416633	-98.59900260
7.20149236	-106.16475915
7.20881840	-103.07498251
7.21614443	-95.97410195
7.22347047	-97.86739349
7.23079650	-98.37758110
7.23812254	-89.15055519
7.24544857	-91.41419312
7.25277461	-94.49495323
7.26010064	-87.47768639
7.26742668	-89.62650296
7.27475271	-100.53951670
7.28207875	-94.22055525
7.28940478	-91.52945725
7.29673082	-92.42387670
7.30405685	-100.33862361
7.31138289	-102.48100448
7.31870892	-97.52082416
7.32603496	-90.70993837
7.33336099	-89.17271812
7.34068703	-89.36218534
7.34801306	-91.86334221
7.35533910	-101.60938076
7.36266513	-92.07008587
7.36999117	-88.13466982
7.37731720	-89.75605129
7.38464324	-104.29833145
7.39196927	-92.13376032
7.39929531	-91.33815254
7.40662134	-99.86975169
7.41394738	-109.18716304
7.42127341	-98.49698063
7.42859945	-89.69606266
7.43592548	-89.74804372
7.44325152	-98.98283390
7.45057755	-99.10383853
7.45790359	-91.83438899
7.46522962	-91.98951413
7.47255566	-116.88086564
7.47988169	-91.26139578
7.48720773	-96.36206123
7.49453376	-89.17365702
7.50185980	-83.00454116
7.50918583	-84.59373364
7.51651187	-96.67682360
7.52383790	-91.53517938
7.53116394	-90.13923216
7.53848997	-93.16122007
7.54581601	-92.46627041
7.55314204	-91.35548393
7.56046808	-88.16180318
7.56779411	-88.49285746
7.57512015	-97.64215188
7.58244618	-97.47062748
7.58977222	-94.85485859
7.59709825	-95.39319603
7.60442429	-98.08364774
7.61175032	-96.00021498
7.61907636	-91.08716354
7.62640239	-99.38539819
7.63372843	-95.65914624
7.64105446	-92.90352605
7.64838050	-97.68387138
7.65570653	-98.93053726
7.66303257	-103.21582986
7.67035860	-100.11444871
7.67768464	-99.99946894
7.68501067	-94.60400417
7.69233671	-95.11068898
7.69966274	-96.61450808
7.70698878	-95.96952546
7.71431481	-96.64647048
7.72164085	-88.99956214
7.72896688	-89.16376675
7.73629292	-98.88659162
7.74361895	-104.87538242
7.75094499	-96.85846070
7.75827102	-90.73348480
7.76559706	-92.58434850
7.77292309	-108.04331250
7.78024913	-92.59753828
7.78757516	-93.93553326
7.79490120	-104.82196777
7.80222723	-95.18336260
7.80955327	-97.33069727
7.81687930	-100.96643398
7.82420534	-95.82396988
7.83153137	-108.51901750
7.83885741	-92.37126627
7.84618344	-89.02878059
7.85350948	-96.49131391
7.86083551	-96.85504003
7.86816155	-95.51887624
7.87548758	-96.91296030
7.88281362	-92.43075066
7.89013965	-89.95720163
7.89746569	-89.03438556
7.90479172	-100.04572908
7.91211776	-91.47055238
7.91944379	-89.68434068
7.92676982	-98.62404552
7.93409586	-97.98665602
7.94142189	-101.25266311
7.94874793	-103.45300869
7.95607396	-96.27469389
7.96340000	-93.79571247
7.97072603	-94.97006274
7.97805207	-105.80276289
7.98537810	-105.78152131
7.99270414	-104.28256166
8.00003017	-98.21076368
8.00735621	-103.01793924
8.01468224	-98.31927506
8.02200828	-93.19725551
8.02933431	-99.06576677
8.03666035	-99.10602248
8.04398638	-94.69369102
8.05131242	-95.45119812
8.05863845	-98.00563346
8.06596449	-96.63714799
8.07329052	-93.33580270
8.08061656	-98.21856287
8.08794259	-109.00759105
8.09526863	-106.08732865
8.10259466	-100.37414988
8.10992070	-97.75486039
8.11724673	-95.89079535
8.12457277	-92.23440655
8.13189880	-94.23833152
8.13922484	-91.62569796
8.14655087	-94.12024958
8.15387691	-95.54580925
8.16120294	-91.78413316
8.16852898	-99.94954968
8.17585501	-94.57707541
8.18318105	-95.09626900
8.19050708	-92.83745996
8.19783312	-89.18147952
8.20515915	-93.04341153
8.21248519	-112.80033796
8.21981122	-109.18336795
8.22713726	-97.78337061
8.23446329	-101.29160285
8.24178933	-91.94236976
8.24911536	-85.51145763
8.25644140	-87.55348153
8.26376743	-98.24716235
8.27109347	-96.14023319
8.27841950	-100.41171593
8.28574554	-92.63611690
8.29307157	-95.42188249
8.30039761	-97.13991091
8.30772364	-98.50812510
8.31504968	-94.56311244
8.32237571	-90.59160740
8.32970175	-92.28671526
8.33702778	-103.12824613
8.34435382	-99.77947592
8.35167985	-99.83032601
8.35900589	-99.73854096
8.36633192	-93.04751282
8.37365796	-96.34629967
8.38098399	-102.82473429
8.38831003	-101.28069614
8.39563606	-95.87839578
8.40296210	-96.52824504
8.41028813	-95.95002251
8.41761417	-89.11124201
8.42494020	-89.79473119
8.43226624	-102.73021623
8.43959227	-95.86056327
8.44691831	-94.46701377
8.45424434	-93.76228298
8.46157038	-92.35008980
8.46889641	-97.72436793
8.47622245	-101.53642845
8.48354848	-95.92546854
8.49087452	-102.25182641
8.49820055	-101.74332813
8.50552659	-103.31170485
8.51285262	-99.58670017
8.52017866	-96.47531672
8.52750469	-95.09162664
8.53483073	-92.58974232
8.54215676	-91.89207766
8.54948280	-95.14312980
8.55680883	-102.84013223
8.56413487	-99.56877070
8.57146090	-100.29222906
8.57878694	-91.22498554
8.58611297	-98.25829081
8.59343901	-92.34313511
8.60076504	-87.95637982
8.60809108	-91.20421974
8.61541711	-92.69520840
8.62274315	-88.31848912
8.63006918	-87.35320740
8.63739522	-93.11225084
8.64472125	-107.45283578
8.65204729	-101.17442142
8.65937332	-102.38116213
8.66669936	-95.89436819
8.67402539	-93.42196794
8.68135143	-89.71317983
8.68867746	-90.18737872
8.69600350	-106.66684779
8.70332953	-92.55281685
8.71065557	-95.80725281
8.71798160	-92.04981753
8.72530764	-87.07223861
8.73263367	-92.99770212
8.73995971	-91.04978026
8.74728574	-92.61942651
8.75461178	-95.12771469
8.76193781	-88.71573065
8.76926385	-91.93057228
8.77658988	-100.43996434
8.78391592	-104.24801787
8.79124195	-99.78627798
8.79856799	-103.98053338
8.80589402	-100.35104132
8.81322005	-98.08824303
8.82054609	-96.45162084
8.82787212	-91.25696064
8.83519816	-90.51241969
8.84252419	-99.34241446
8.84985023	-91.82609353
8.85717626	-91.25173593
8.86450230	-89.06223113
8.87182833	-89.99675449
8.87915437	-107.18897271
8.88648040	-90.95251130
8.89380644	-101.48611720
8.90113247	-92.71707969
8.90845851	-92.78730042
8.91578454	-89.01155643
8.92311058	-87.09427146
8.93043661	-98.55869204
8.93776265	-92.10324045
8.94508868	-91.32444777
8.95241472	-97.16845829
8.95974075	-95.11025646
8.96706679	-95.40854435
8.97439282	-96.89601719
8.98171886	-96.53370253
8.98904489	-100.91574601
8.99637093	-92.95627661
9.00369696	-91.16744417
9.01102300	-93.94600098
9.01834903	-94.89307357
9.02567507	-104.10827332
9.03300110	-99.40140546
9.04032714	-99.28384180
9.04765317	-90.93517547
9.05497921	-93.10381459
9.06230524	-92.14591810
9.06963128	-90.96379285
9.07695731	-96.91913411
9.08428335	-89.53769951
9.09160938	-92.16446705
9.09893542	-94.77156959
9.10626145	-93.27392844
9.11358749	-101.39565855
9.12091352	-108.79846750
9.12823956	-104.84369880
9.13556559	-105.25493688
9.14289163	-95.25150669
9.15021766	-94.72054501
9.15754370	-99.34740509
9.16486973	-97.95710087
9.17219577	-95.32930024
9.17952180	-91.90774945
9.18684784	-104.90101825
9.19417387	-91.03229395
9.20149991	-91.57357067
9.20882594	-99.81077079
9.21615198	-90.59282941
9.22347801	-96.33451818
9.23080405	-100.29256979
9.23813008	-99.79992078
9.24545612	-98.99466825
9.25278215	-95.05549832
9.26010819	-96.89851879
9.26743422	-93.12799544
9.27476026	-93.42295391
9.28208629	-92.49680247
9.28941233	-90.81004923
9.29673836	-90.92570264
9.30406440	-91.09133639
9.31139043	-94.70138975
9.31871647	-93.85200932
9.32604250	-90.42194671
9.33336854	-91.64846632
9.34069457	-97.83640379
9.34802061	-101.48899476
9.35534664	-102.43260509
9.36267268	-97.27685835
9.36999871	-93.64601725
9.37732475	-98.32901757
9.38465078	-91.77383486
9.39197682	-90.31227955
9.39930285	-94.32797606
9.40662889	-97.81756144
9.41395492	-98.40312740
9.42128096	-91.45583273
9.42860699	-93.65609954
9.43593303	-119.38007612
9.44325906	-99.12837636
9.45058510	-96.01385080
9.45791113	-98.99292059
9.46523717	-97.57783519
9.47256320	-91.07109481
9.47988924	-94.66770607
9.48721527	-107.61441208
9.49454131	-103.35816258
9.50186734	-90.39032864
9.50919338	-88.01708013
9.51651941	-91.18830104
9.52384545	-93.26724803
9.53117148	-99.52594724
9.53849752	-94.67123961
9.54582355	-88.56209787
9.55314959	-90.10086369
9.56047562	-94.59602928
9.56780166	-93.64288747
9.57512769	-94.87470665
9.58245373	-101.09689957
9.58977976	-104.85844274
9.59710580	-92.68618862
9.60443183	-89.99922503
9.61175787	-96.08081187
9.61908390	-93.17564811
9.62640994	-89.77612225
9.63373597	-100.07825765
9.64106201	-95.32875409
9.64838804	-94.85916863
9.65571408	-94.70086849
9.66304011	-90.61914542
9.67036615	-91.50053367
9.67769218	-93.33426447
9.68501821	-95.55516856
9.69234425	-95.01475635
9.69967028	-89.68765686
9.70699632	-90.14251295
9.71432235	-94.88464888
9.72164839	-91.27069717
9.72897442	-93.62951026
9.73630046	-95.99661733
9.74362649	-90.43290182
9.75095253	-94.60282794
9.75827856	-94.56444210
9.76560460	-90.44212495
9.77293063	-102.89389172
9.78025667	-93.20585162
9.78758270	-95.08154659
9.79490874	-98.77802340
9.80223477	-92.34966331
9.80956081	-100.30711575
9.81688684	-94.67848822
9.82421288	-96.89600233
9.83153891	-104.27724767
9.83886495	-101.57539228
9.84619098	-109.68666814
9.85351702	-98.83340131
9.86084305	-98.87625034
9.86816909	-99.15835852
9.87549512	-101.62693368
9.88282116	-91.79676232
9.89014719	-88.12338116
9.89747323	-90.07172681
9.90479926	-92.23122958
9.91212530	-88.39102931
9.91945133	-89.03950043
9.92677737	-94.28187475
9.93410340	-93.73148796
9.94142944	-93.69139252
9.94875547	-100.38232034
9.95608151	-105.24513525
9.96340754	-95.91273627
9.97073358	-90.66510345
9.97805961	-91.71336014
9.98538565	-97.60710296
9.99271168	-98.18828170
10.00003772	-91.53433806
10.00736375	-88.75811122
10.01468979	-93.47571937
10.02201582	-103.77637026
10.02934186	-98.70155837
10.03666789	-96.38406902
10.04399393	-92.73642108
10.05131996	-98.25285248
10.05864600	-91.67302082
10.06597203	-91.28429201
10.07329807	-96.06554637
10.08062410	-97.54825968
10.08795014	-105.29591053
10.09527617	-105.12405153
10.10260221	-96.92151568
10.10992824	-96.24376597
10.11725428	-94.65639290
10.12458031	-89.32959101
10.13190635	-88.87607861
10.13923238	-89.26295148
10.14655842	-94.02924955
10.15388445	-93.80006411
10.16121049	-91.18034508
10.16853652	-94.85620883
10.17586256	-92.97489730
10.18318859	-94.31217068
10.19051463	-91.34485382
10.19784066	-93.83861139
10.20516670	-101.94302056
10.21249273	-92.93274598
10.21981877	-89.03773667
10.22714480	-91.11540211
10.23447084	-92.86287975
10.24179687	-85.70952385
10.24912291	-88.33510737
10.25644894	-95.03360816
10.26377498	-87.36658905
10.27110101	-93.42587212
10.27842705	-91.75011143
10.28575308	-88.83613450
10.29307912	-92.86936033
10.30040515	-91.57943041
10.30773119	-96.46595008
10.31505722	-98.30942741
10.32238326	-98.54450000
10.32970929	-99.49678303
10.33703533	-96.55991007
10.34436136	-90.67975873
10.35168740	-88.18813137
10.35901343	-91.76454093
10.36633947	-103.63612023
10.37366550	-97.40538103
10.38099154	-99.47978827
10.38831757	-100.63243279
10.39564361	-94.98675229
10.40296964	-96.04977051
10.41029568	-101.65867952
10.41762171	-91.37607563
10.42494775	-90.72522024
10.43227378	-91.69483086
10.43959982	-92.54038193
10.44692585	-92.30004415
10.45425189	-90.67387926
10.46157792	-93.28532090
10.46890396	-112.36290173
10.47622999	-93.74657660
10.48355603	-90.35693390
10.49088206	-93.56311110
10.49820810	-97.07025957
10.50553413	-94.53880255
10.51286017	-93.93754427
10.52018620	-96.07569399
10.52751224	-93.26206566
10.53483827	-93.18437262
10.54216431	-95.73036525
10.54949034	-99.33179436
10.55681638	-103.28830169
10.56414241	-95.45633605
10.57146844	-94.03917732
10.57879448	-95.20846786
10.58612051	-93.07514383
10.59344655	-92.15224697
10.60077258	-97.35091279
10.60809862	-91.81886292
10.61542465	-92.42165680
10.62275069	-92.36169217
10.63007672	-85.62366860
10.63740276	-87.39709136
10.64472879	-103.84970869
10.65205483	-93.53460856
10.65938086	-96.84457689
10.66670690	-92.07856719
10.67403293	-96.84044634
10.68135897	-97.91507019
10.68868500	-94.01196141
10.69601104	-106.19745313
10.70333707	-113.38915706
10.71066311	-99.61272734
10.71798914	-95.16037787
10.72531518	-101.81621275
10.73264121	-91.25479646
10.73996725	-90.84719169
10.74729328	-99.09177472
10.75461932	-95.07311126
10.76194535	-94.20149811
10.76927139	-98.80284865
10.77659742	-103.85471778
10.78392346	-104.47215932
10.79124949	-115.32374997
10.79857553	-103.85055545
10.80590156	-103.82540059
10.81322760	-106.95645273
10.82055363	-106.44260521
10.82787967	-98.82076256
10.83520570	-92.84420921
10.84253174	-98.93596274
10.84985777	-97.94916794
10.85718381	-93.89198148
10.86450984	-97.58348892
10.87183588	-88.33461019
10.87916191	-85.33778046
10.88648795	-87.92351397
10.89381398	-101.38310462
10.90114002	-91.31579101
10.90846605	-90.34861888
10.91579209	-94.74439754
10.92311812	-95.66720745
10.93044416	-97.91169980
10.93777019	-96.42678315
10.94509623	-88.09175003
10.95242226	-88.99131532
10.95974830	-97.83686990
10.96707433	-95.83966267
10.97440037	-103.46560658
10.98172640	-92.53765991
10.98905244	-92.53846652
10.99637847	-91.04304617
11.00370451	-88.01651359
11.01103054	-90.26717882
11.01835658	-101.69209103
11.02568261	-96.54867317
11.03300865	-92.43074522
11.04033468	-96.80491537
11.04766072	-93.16887810
11.05498675	-88.92369854
11.06231279	-89.28967592
11.06963882	-92.24029115
11.07696486	-95.42917918
11.08429089	-96.23200603
11.09161693	-94.30097361
11.09894296	-90.72207144
11.10626900	-89.37280203
11.11359503	-93.04426479
11.12092107	-98.76350085
11.12824710	-92.61826115
11.13557314	-92.62448362
11.14289917	-89.82188365
11.15022521	-89.46259360
11.15755124	-92.54773536
11.16487728	-96.18544238
11.17220331	-93.26759794
11.17952935	-88.58885686
11.18685538	-92.19504739
11.19418142	-107.54128516
11.20150745	-94.66092304
11.20883349	-92.92575002
11.21615952	-90.56389761
11.22348556	-93.75752856
11.23081159	-96.80113236
11.23813763	-91.69092156
11.24546366	-95.15272073
11.25278970	-101.24015357
11.26011573	-95.07998778
11.26744177	-102.56315113
11.27476780	-91.39597963
11.28209384	-90.19868064
11.28941987	-100.52317014
11.29674591	-95.92606937
11.30407194	-92.88919739
11.31139798	-97.84149778
11.31872401	-123.95896047
11.32605005	-103.39309137
11.33337608	-96.97193102
11.34070212	-93.35033147
11.34802815	-93.89193996
11.35535419	-99.65888340
11.36268022	-114.38675684
11.37000626	-98.62332147
11.37733229	-98.14784553
11.38465833	-105.53464886
11.39198436	-98.59138534
11.39931040	-96.97499369
11.40663643	-101.38739737
11.41396247	-97.64835401
11.42128850	-98.18285377
11.42861454	-95.29578018
11.43594057	-90.17163043
11.44326661	-91.33417578
11.45059264	-101.92958735
11.45791867	-104.83527589
11.46524471	-100.23243261
11.47257074	-91.47116090
11.47989678	-90.77557884
11.48722281	-98.29228733
11.49454885	-97.73550447
11.50187488	-93.94644455
11.50920092	-98.06371330
11.51652695	-101.27542807
11.52385299	-95.04421220
11.53117902	-110.62973670
11.53850506	-94.16503928
11.54583109	-97.90855920
11.55315713	-96.32327899
11.56048316	-92.90923857
11.56780920	-114.98895163
11.57513523	-92.12901635
11.58246127	-92.44770673
11.58978730	-102.71461777
11.59711334	-107.81281091
11.60443937	-110.95944837
11.61176541	-100.08388182
11.61909144	-97.90822530
11.62641748	-99.55376533
11.63374351	-95.52959131
11.64106955	-92.12879376
11.64839558	-95.55977725
11.65572162	-103.39348563
11.66304765	-94.53038328
11.67037369	-97.07439174
11.67769972	-102.27838115
11.68502576	-100.53640259
11.69235179	-104.18056802
11.69967783	-93.79939192
11.70700386	-93.31125305
11.71432990	-102.57133497
11.72165593	-104.57272681
11.72898197	-110.89585117
11.73630800	-98.53783359
11.74363404	-94.86744219
11.75096007	-100.96846976
11.75828611	-106.72319150
11.76561214	-97.28924730
11.77293818	-93.94952835
11.78026421	-97.51482168
11.78759025	-100.30759717
11.79491628	-90.34465845
11.80224232	-90.27525187
11.80956835	-97.27810975
11.81689439	-102.60715101
11.82422042	-98.20670382
11.83154646	-100.76910928
11.83887249	-109.05522663
11.84619853	-95.35866229
11.85352456	-90.96480441
11.86085060	-91.16799175
11.86817663	-92.41256446
11.87550267	-91.92892319
11.88282870	-98.63084914
11.89015474	-96.18052786
11.89748077	-93.55866990
11.90480681	-102.35772526
11.91213284	-91.57718693
11.91945888	-89.58311382
11.92678491	-95.65229967
11.93411095	-98.21040505
11.94143698	-96.66730984
11.94876302	-100.10868025
11.95608905	-96.60100949
11.96341509	-101.06201820
11.97074112	-91.14455089
11.97806716	-91.86380129
11.98539319	-105.14391969
11.99271923	-93.78504373
12.00004526	-92.91801008
12.00737130	-93.95356547
12.01469733	-97.32368404
12.02202337	-98.91474507
12.02934940	-99.71497643
12.03667544	-101.97386722
12.04400147	-94.99065015
12.05132751	-98.42488682
12.05865354	-100.71280540
12.06597958	-97.11563803
12.07330561	-111.77593821
12.08063165	-95.14782040
12.08795768	-90.54310706
12.09528372	-90.29323935
12.10260975	-91.98809693
12.10993579	-96.76892641
12.11726182	-102.63536676
12.12458786	-91.80352661
12.13191389	-90.42378783
12.13923993	-95.91208834
12.14656596	-108.38830689
12.15389200	-103.31368347
12.16121803	-100.74888209
12.16854407	-98.65632995
12.17587010	-104.35251920
12.18319614	-97.28390147
12.19052217	-99.58959150
12.19784821	-98.85936703
12.20517424	-97.13090265
12.21250028	-109.53806720
12.21982631	-95.95692018
12.22715235	-97.56804256
12.23447838	-118.98216258
12.24180442	-106.01321515
12.24913045	-94.70045180
12.25645649	-90.57865458
12.26378252	-92.47847150
12.27110856	-93.57263458
12.27843459	-92.99238858
12.28576063	-93.63634545
12.29308666	-91.05059294
12.30041270	-94.35597742
12.30773873	-105.53504475
12.31506477	-93.56645269
12.32239080	-93.79592520
12.32971683	-93.66130669
12.33704287	-95.50017326
12.34436890	-103.37085278
12.35169494	-105.33915115
12.35902097	-98.77456297
12.36634701	-100.78772816
12.37367304	-95.73020361
12.38099908	-94.66202214
12.38832511	-103.22378902
12.39565115	-105.40622843
12.40297718	-92.90864293
12.41030322	-89.50744075
12.41762925	-92.95388593
12.42495529	-100.40563974
12.43228132	-96.74679852
12.43960736	-94.60892510
12.44693339	-97.45149773
12.45425943	-104.33837069
12.46158546	-113.12736713
12.46891150	-97.30050569
12.47623753	-94.86711628
12.48356357	-95.70603077
12.49088960	-91.93227633
12.49821564	-94.66344099
12.50554167	-102.80517817
12.51286771	-111.00272320
12.52019374	-94.86861628
12.52751978	-92.33136979
12.53484581	-98.28503587
12.54217185	-102.15498540
12.54949788	-98.12273817
12.55682392	-99.75117376
12.56414995	-95.01547060
12.57147599	-95.76267183
12.57880202	-95.81610280
12.58612806	-92.95434242
12.59345409	-100.60200148
12.60078013	-96.95816698
12.60810616	-93.44399187
12.61543220	-97.23457206
12.62275823	-98.05239710
12.63008427	-99.71445329
12.63741030	-92.70621598
12.64473634	-96.48768568
12.65206237	-96.33162250
12.65938841	-93.09191483
12.66671444	-101.15751689
12.67404048	-90.22698199
12.68136651	-94.52526258
12.68869255	-95.52605262
12.69601858	-91.51219739
12.70334462	-101.92063510
12.71067065	-93.40032988
12.71799669	-93.35762437
12.72532272	-89.92994794
12.73264876	-92.72290191
12.73997479	-107.53074208
12.74730083	-102.55915581
12.75462686	-92.63410537
12.76195290	-91.32818813
12.76927893	-98.68880713
12.77660497	-95.08938326
12.78393100	-102.22569904
12.79125704	-98.30999631
12.79858307	-97.38401060
12.80590911	-99.84553045
12.81323514	-106.36232828
12.82056118	-99.09158051
12.82788721	-93.42490483
12.83521325	-94.71014544
12.84253928	-100.80376722
12.84986532	-108.30067859
12.85719135	-99.26022788
12.86451739	-93.42669570
12.87184342	-95.52540870
12.87916946	-113.82963666
12.88649549	-100.41711469
12.89382153	-101.16831565
12.90114756	-97.80743660
12.90847360	-99.79673282
12.91579963	-120.62623978
12.92312567	-112.12397699
12.93045170	-104.00581686
12.93777774	-100.93114369
12.94510377	-101.69116123
12.95242981	-95.95207953
12.95975584	-97.00015067
12.96708188	-102.68632590
12.97440791	-98.21743177
12.98173395	-93.67449126
12.98905998	-97.45612633
12.99638602	-96.93740950
13.00371205	-91.40599289
13.01103809	-93.50739151
13.01836412	-103.54483753
13.02569016	-110.37754334
13.03301619	-112.36588754
13.04034223	-105.64961102
13.04766826	-103.05388660
13.05499430	-101.61162012
13.06232033	-98.40207160
13.06964637	-100.75904222
13.07697240	-105.44826581
13.08429844	-97.46394238
13.09162447	-93.26426585
13.09895051	-95.64704991
13.10627654	-106.47612033
13.11360258	-106.12260835
13.12092861	-96.73211711
13.12825465	-95.33428245
13.13558068	-97.49289817
13.14290672	-103.32325867
13.15023275	-102.84229750
13.15755879	-97.28099074
13.16488482	-107.44216131
13.17221086	-98.00107145
13.17953689	-93.75189652
13.18686293	-98.08612565
13.19418896	-97.53167942
13.20151500	-91.05343469
13.20884103	-94.21942897
13.21616706	-106.83988743
13.22349310	-96.53404260
13.23081913	-97.68226331
13.23814517	-92.81583085
13.24547120	-97.14305875
13.25279724	-91.00785257
13.26012327	-88.95763304
13.26744931	-93.43655880
13.27477534	-98.72513608
13.28210138	-100.84418036
13.28942741	-94.79136239
13.29675345	-96.79415782
13.30407948	-101.14921786
13.31140552	-107.70017277
13.31873155	-103.05704754
13.32605759	-101.23207706
13.33338362	-107.87850129
13.34070966	-96.02667790
13.34803569	-94.81018087
13.35536173	-98.72328748
13.36268776	-96.75169546
13.37001380	-95.63379182
13.37733983	-101.82844589
13.38466587	-102.93082255
13.39199190	-98.44158152
13.39931794	-99.60191460
13.40664397	-89.15695767
13.41397001	-89.11621371
13.42129604	-96.26689255
13.42862208	-88.95258657
13.43594811	-88.77370147
13.44327415	-95.07031269
13.45060018	-100.83466996
13.45792622	-98.24719412
13.46525225	-95.66998238
13.47257829	-94.71432410
13.47990432	-96.77257780
13.48723036	-99.47861106
13.49455639	-104.64481924
13.50188243	-94.66839181
13.50920846	-92.64848645
13.51653450	-99.22042173
13.52386053	-99.41257275
13.53118657	-94.05338172
13.53851260	-91.47778609
13.54583864	-95.84817260
13.55316467	-91.28262640
13.56049071	-87.63319220
13.56781674	-92.04359244
13.57514278	-106.23226648
13.58246881	-101.85834933
13.58979485	-105.31409665
13.59712088	-101.43615118
13.60444692	-95.86010481
13.61177295	-109.18863380
13.61909899	-93.37883433
13.62642502	-91.56214921
13.63375106	-105.37030540
13.64107709	-98.68735577
13.64840313	-102.50021508
13.65572916	-95.11033910
13.66305520	-93.81458437
13.67038123	-99.99695735
13.67770727	-101.93504444
13.68503330	-94.61913208
13.69235934	-98.76095220
13.69968537	-99.86833256
13.70701141	-92.83224883
13.71433744	-94.08027145
13.72166348	-102.64191173
13.72898951	-99.03101194
13.73631555	-95.06847218
13.74364158	-98.88088886
13.75096762	-110.61940310
13.75829365	-103.69200099
13.76561969	-102.01724334
13.77294572	-91.36273165
13.78027176	-89.60652142
13.78759779	-95.00804298
13.79492383	-91.69933185
13.80224986	-89.74144612
13.80957590	-98.19504235
13.81690193	-94.57929372
13.82422797	-93.64106486
13.83155400	-106.67978272
13.83888004	-90.43005305
13.84620607	-89.11274114
13.85353211	-91.14703112
13.86085814	-93.73722444
13.86818418	-91.05691182
13.87551021	-89.96072717
13.88283625	-95.13137698
13.89016228	-103.08732624
13.89748832	-100.55600585
13.90481435	-99.87242823
13.91214039	-92.81945336
13.91946642	-92.60849708
13.92679246	-104.99266047
13.93411849	-94.06555343
13.94144453	-95.50255877
13.94877056	-101.02541992
13.95609660	-91.84809007
13.96342263	-92.78665113
13.97074867	-97.03923115
13.97807470	-96.48379441
13.98540074	-98.44847143
13.99272677	-96.52625575
14.00005281	-90.47454463
14.00737884	-91.23161672
14.01470488	-100.52579786
14.02203091	-106.41493403
14.02935695	-95.31769698
14.03668298	-89.72942353
14.04400902	-90.18652218
14.05133505	-98.04355596
14.05866109	-96.24127691
14.06598712	-97.92502512
14.07331316	-100.08346309
14.08063919	-98.64521841
14.08796522	-119.57018497
14.09529126	-102.30253691
14.10261729	-109.58541321
14.10994333	-97.38227553
14.11726936	-98.91603774
14.12459540	-113.47565412
14.13192143	-99.26149681
14.13924747	-95.86800065
14.14657350	-95.50973733
14.15389954	-101.02622871
14.16122557	-104.34382530
14.16855161	-99.99780397
14.17587764	-111.50046538
14.18320368	-100.56357044
14.19052971	-99.24407961
14.19785575	-101.16700726
14.20518178	-95.09548220
14.21250782	-95.74332987
14.21983385	-98.86228922
14.22715989	-105.01786045
14.23448592	-97.54690768
14.24181196	-93.40443691
14.24913799	-98.26593818
14.25646403	-104.89174154
14.26379006	-96.37109206
14.27111610	-100.97886350
14.27844213	-101.48653851
14.28576817	-96.93267479
14.29309420	-100.82404824
14.30042024	-93.48895350
14.30774627	-105.07517651
14.31507231	-90.61478105
14.32239834	-90.12076815
14.32972438	-94.99240029
14.33705041	-92.34677608
14.34437645	-97.30551455
14.35170248	-89.61603118
14.35902852	-96.27927758
14.36635455	-94.46627800
14.37368059	-93.80393665
14.38100662	-88.20727844
14.38833266	-85.09574796
14.39565869	-90.64696525
14.40298473	-92.09718765
14.41031076	-90.33198844
14.41763680	-96.15010319
14.42496283	-99.66210423
14.43228887	-105.19577372
14.43961490	-102.32363453
14.44694094	-95.04384112
14.45426697	-95.92772681
14.46159301	-95.08133810
14.46891904	-100.06592428
14.47624508	-96.43736659
14.48357111	-90.76537416
14.49089715	-94.36118666
14.49822318	-103.40952369
14.50554922	-100.68428237
14.51287525	-106.65704759
14.52020129	-97.18894643
14.52752732	-89.45057376
14.53485336	-87.55312038
14.54217939	-89.95395942
14.54950543	-97.71201212
14.55683146	-107.50435808
14.56415750	-96.49013184
14.57148353	-97.70173393
14.57880957	-104.42194360
14.58613560	-94.63280557
14.59346164	-93.46918794
14.60078767	-94.55699678
14.60811371	-98.68580197
14.61543974	-105.34281503
14.62276578	-95.22464659
14.63009181	-95.10155025
14.63741785	-91.66418494
14.64474388	-91.64449271
14.65206992	-94.62245174
14.65939595	-93.73354501
14.66672199	-98.37453451
14.67404802	-109.97546488
14.68137406	-100.25549750
14.68870009	-94.78931398
14.69602613	-93.02761410
14.70335216	-91.37554158
14.71067820	-90.25662031
14.71800423	-91.26397486
14.72533027	-96.40744187
14.73265630	-99.17296804
14.73998234	-97.61366849
14.74730837	-98.38080996
14.75463441	-94.44238476
14.76196044	-90.73849095
14.76928648	-90.14049407
14.77661251	-95.80742475
14.78393855	-95.47310819
14.79126458	-97.83682016
14.79859062	-104.52248527
14.80591665	-97.40844643
14.81324269	-113.61505692
14.82056872	-99.97140319
14.82789476	-102.60693372
14.83522079	-96.44978670
14.84254683	-94.78298385
14.84987286	-99.81413567
14.85719890	-108.38457409
14.86452493	-100.38580451
14.87185097	-99.60968197
14.87917700	-100.82020132
14.88650304	-98.98459497
14.89382907	-98.21678877
14.90115511	-93.87005941
14.90848114	-95.83298688
14.91580718	-106.95284628
14.92313321	-97.74464201
14.93045925	-97.87572488
14.93778528	-102.40260908
14.94511132	-100.56647905
14.95243735	-94.67440310
14.95976339	-95.00133866
14.96708942	-99.72728514
14.97441545	-105.30667439
14.98174149	-109.47233074
14.98906752	-104.66941578
14.99639356	-107.62925277
