# Menlo Systems GmbH ScanControl
# Program Version 1.7.0+git.a90605a3
# Start: -710.00000000 ps, Average over 5000 waveforms. Timestamp: 2023-11-21T15:39:04
# Window type: Tukey, parameters: alpha = 0.1
# User time axis shift: 0 ps
# Time axis offset: 0 ps
# Time [ps]	THz Signal [a.u.]
-710.08286712	0.00000000
-710.04953379	-0.00000027
-710.01620045	-0.00000110
-709.98286712	-0.00000241
-709.94953379	-0.00000431
-709.91620046	-0.00000651
-709.88286712	-0.00000908
-709.84953379	-0.00001126
-709.81620046	-0.00001467
-709.78286712	-0.00001762
-709.74953379	-0.00002074
-709.71620046	-0.00002016
-709.68286712	-0.00002298
-709.64953379	-0.00002129
-709.61620046	-0.00002036
-709.58286712	-0.00001979
-709.54953379	-0.00001348
-709.51620046	-0.00000503
-709.48286713	0.00000443
-709.44953379	0.00001725
-709.41620046	0.00003953
-709.38286713	0.00006361
-709.34953379	0.00008774
-709.31620046	0.00012147
-709.28286713	0.00017265
-709.24953379	0.00021360
-709.21620046	0.00026959
-709.18286713	0.00033430
-709.14953379	0.00040319
-709.11620046	0.00049451
-709.08286713	0.00056244
-709.04953380	0.00065784
-709.01620046	0.00072650
-708.98286713	0.00079953
-708.94953380	0.00083552
-708.91620046	0.00083833
-708.88286713	0.00080166
-708.84953380	0.00065837
-708.81620046	0.00043063
-708.78286713	0.00007744
-708.74953380	-0.00041318
-708.71620047	-0.00114008
-708.68286713	-0.00207614
-708.64953380	-0.00320804
-708.61620047	-0.00462796
-708.58286713	-0.00624694
-708.54953380	-0.00804793
-708.51620047	-0.00995814
-708.48286713	-0.01188349
-708.44953380	-0.01369062
-708.41620047	-0.01526887
-708.38286713	-0.01639695
-708.34953380	-0.01697633
-708.31620047	-0.01688041
-708.28286714	-0.01598721
-708.24953380	-0.01434628
-708.21620047	-0.01195959
-708.18286714	-0.00898022
-708.14953380	-0.00555014
-708.11620047	-0.00184784
-708.08286714	0.00191086
-708.04953380	0.00562080
-708.01620047	0.00902675
-707.98286714	0.01203274
-707.94953380	0.01454500
-707.91620047	0.01624122
-707.88286714	0.01707660
-707.84953381	0.01693664
-707.81620047	0.01585900
-707.78286714	0.01380679
-707.74953381	0.01114007
-707.71620047	0.00820287
-707.68286714	0.00513254
-707.64953381	0.00237490
-707.61620047	-0.00009451
-707.58286714	-0.00212127
-707.54953381	-0.00363867
-707.51620047	-0.00461888
-707.48286714	-0.00493031
-707.44953381	-0.00464453
-707.41620048	-0.00387276
-707.38286714	-0.00266842
-707.34953381	-0.00139049
-707.31620048	-0.00021508
-707.28286714	0.00068062
-707.24953381	0.00127537
-707.21620048	0.00145545
-707.18286714	0.00153106
-707.14953381	0.00129819
-707.11620048	0.00102136
-707.08286714	0.00052333
-707.04953381	-0.00016587
-707.01620048	-0.00082774
-706.98286715	-0.00166096
-706.94953381	-0.00236482
-706.91620048	-0.00293877
-706.88286715	-0.00342707
-706.84953381	-0.00367753
-706.81620048	-0.00378818
-706.78286715	-0.00381792
-706.74953381	-0.00368757
-706.71620048	-0.00354555
-706.68286715	-0.00335745
-706.64953382	-0.00310511
-706.61620048	-0.00286546
-706.58286715	-0.00266028
-706.54953382	-0.00240598
-706.51620048	-0.00223731
-706.48286715	-0.00213885
-706.44953382	-0.00212458
-706.41620048	-0.00212165
-706.38286715	-0.00216929
-706.34953382	-0.00220328
-706.31620048	-0.00230661
-706.28286715	-0.00235565
-706.24953382	-0.00234236
-706.21620049	-0.00238579
-706.18286715	-0.00237024
-706.14953382	-0.00233841
-706.11620049	-0.00230537
-706.08286715	-0.00221717
-706.04953382	-0.00210903
-706.01620049	-0.00203198
-705.98286715	-0.00193305
-705.94953382	-0.00188496
-705.91620049	-0.00185399
-705.88286715	-0.00190021
-705.84953382	-0.00191136
-705.81620049	-0.00198451
-705.78286716	-0.00208704
-705.74953382	-0.00231408
-705.71620049	-0.00255460
-705.68286716	-0.00281662
-705.64953382	-0.00316498
-705.61620049	-0.00356729
-705.58286716	-0.00396894
-705.54953382	-0.00447146
-705.51620049	-0.00489648
-705.48286716	-0.00534054
-705.44953382	-0.00571318
-705.41620049	-0.00599798
-705.38286716	-0.00612158
-705.34953383	-0.00608660
-705.31620049	-0.00570217
-705.28286716	-0.00523212
-705.24953383	-0.00453045
-705.21620049	-0.00369945
-705.18286716	-0.00279404
-705.14953383	-0.00181533
-705.11620049	-0.00098473
-705.08286716	-0.00026065
-705.04953383	0.00031717
-705.01620049	0.00067931
-704.98286716	0.00081983
-704.94953383	0.00077473
-704.91620050	0.00063498
-704.88286716	0.00043442
-704.84953383	0.00015414
-704.81620050	-0.00006694
-704.78286716	-0.00035183
-704.74953383	-0.00066197
-704.71620050	-0.00078769
-704.68286716	-0.00087519
-704.64953383	-0.00094409
-704.61620050	-0.00094212
-704.58286717	-0.00095289
-704.54953383	-0.00086280
-704.51620050	-0.00078174
-704.48286717	-0.00071945
-704.44953383	-0.00071864
-704.41620050	-0.00075226
-704.38286717	-0.00081406
-704.34953383	-0.00095101
-704.31620050	-0.00117513
-704.28286717	-0.00157439
-704.24953383	-0.00214813
-704.21620050	-0.00279218
-704.18286717	-0.00369585
-704.14953384	-0.00478174
-704.11620050	-0.00589082
-704.08286717	-0.00718473
-704.04953384	-0.00838371
-704.01620050	-0.00946249
-703.98286717	-0.01035690
-703.94953384	-0.01098123
-703.91620050	-0.01126985
-703.88286717	-0.01117577
-703.84953384	-0.01077445
-703.81620050	-0.00989617
-703.78286717	-0.00885648
-703.74953384	-0.00760483
-703.71620051	-0.00628692
-703.68286717	-0.00499395
-703.64953384	-0.00384305
-703.61620051	-0.00281408
-703.58286717	-0.00200502
-703.54953384	-0.00135066
-703.51620051	-0.00089396
-703.48286717	-0.00053163
-703.44953384	-0.00032219
-703.41620051	-0.00035087
-703.38286717	-0.00034991
-703.34953384	-0.00059731
-703.31620051	-0.00082453
-703.28286718	-0.00108212
-703.24953384	-0.00130671
-703.21620051	-0.00159365
-703.18286718	-0.00182205
-703.14953384	-0.00201144
-703.11620051	-0.00225795
-703.08286718	-0.00238525
-703.04953384	-0.00250203
-703.01620051	-0.00266550
-702.98286718	-0.00282884
-702.94953384	-0.00294051
-702.91620051	-0.00306270
-702.88286718	-0.00319652
-702.84953385	-0.00340345
-702.81620051	-0.00348239
-702.78286718	-0.00365785
-702.74953385	-0.00380578
-702.71620051	-0.00397004
-702.68286718	-0.00401586
-702.64953385	-0.00401669
-702.61620051	-0.00397474
-702.58286718	-0.00393439
-702.54953385	-0.00387482
-702.51620052	-0.00379329
-702.48286718	-0.00364802
-702.44953385	-0.00353744
-702.41620052	-0.00348522
-702.38286718	-0.00337675
-702.34953385	-0.00331913
-702.31620052	-0.00329638
-702.28286718	-0.00333989
-702.24953385	-0.00326732
-702.21620052	-0.00336362
-702.18286718	-0.00347894
-702.14953385	-0.00362421
-702.11620052	-0.00367700
-702.08286719	-0.00390546
-702.04953385	-0.00397361
-702.01620052	-0.00412636
-701.98286719	-0.00417265
-701.94953385	-0.00435425
-701.91620052	-0.00443512
-701.88286719	-0.00456839
-701.84953385	-0.00462135
-701.81620052	-0.00464471
-701.78286719	-0.00465909
-701.74953385	-0.00462682
-701.71620052	-0.00463768
-701.68286719	-0.00458875
-701.64953386	-0.00451211
-701.61620052	-0.00458054
-701.58286719	-0.00453444
-701.54953386	-0.00451573
-701.51620052	-0.00447453
-701.48286719	-0.00451573
-701.44953386	-0.00449755
-701.41620052	-0.00439533
-701.38286719	-0.00438034
-701.34953386	-0.00435271
-701.31620052	-0.00435292
-701.28286719	-0.00427994
-701.24953386	-0.00433204
-701.21620053	-0.00427894
-701.18286719	-0.00423124
-701.14953386	-0.00420383
-701.11620053	-0.00421497
-701.08286719	-0.00421461
-701.04953386	-0.00419066
-701.01620053	-0.00416251
-700.98286719	-0.00410182
-700.94953386	-0.00400128
-700.91620053	-0.00400224
-700.88286719	-0.00396635
-700.84953386	-0.00382651
-700.81620053	-0.00376714
-700.78286720	-0.00366411
-700.74953386	-0.00352647
-700.71620053	-0.00337754
-700.68286720	-0.00327218
-700.64953386	-0.00306519
-700.61620053	-0.00288639
-700.58286720	-0.00281151
-700.54953386	-0.00264029
-700.51620053	-0.00248888
-700.48286720	-0.00233942
-700.44953387	-0.00221102
-700.41620053	-0.00210798
-700.38286720	-0.00201095
-700.34953387	-0.00199140
-700.31620053	-0.00199736
-700.28286720	-0.00198349
-700.24953387	-0.00203564
-700.21620053	-0.00216464
-700.18286720	-0.00223531
-700.14953387	-0.00234541
-700.11620053	-0.00257984
-700.08286720	-0.00269022
-700.04953387	-0.00280918
-700.01620054	-0.00293001
-699.98286720	-0.00307744
-699.94953387	-0.00306831
-699.91620054	-0.00303105
-699.88286720	-0.00284451
-699.84953387	-0.00268191
-699.81620054	-0.00249027
-699.78286720	-0.00241378
-699.74953387	-0.00234336
-699.71620054	-0.00244207
-699.68286720	-0.00276192
-699.64953387	-0.00336552
-699.61620054	-0.00447040
-699.58286721	-0.00601713
-699.54953387	-0.00797769
-699.51620054	-0.01038349
-699.48286721	-0.01330019
-699.44953387	-0.01656785
-699.41620054	-0.01987939
-699.38286721	-0.02327951
-699.34953387	-0.02624640
-699.31620054	-0.02856364
-699.28286721	-0.02976610
-699.24953387	-0.02975001
-699.21620054	-0.02818385
-699.18286721	-0.02498382
-699.14953388	-0.02032174
-699.11620054	-0.01449260
-699.08286721	-0.00781726
-699.04953388	-0.00102093
-699.01620054	0.00536211
-698.98286721	0.01077493
-698.94953388	0.01486494
-698.91620054	0.01736880
-698.88286721	0.01833737
-698.84953388	0.01785488
-698.81620054	0.01625677
-698.78286721	0.01391675
-698.74953388	0.01106701
-698.71620055	0.00798725
-698.68286721	0.00480437
-698.64953388	0.00197072
-698.61620055	-0.00059532
-698.58286721	-0.00272755
-698.54953388	-0.00419557
-698.51620055	-0.00509494
-698.48286721	-0.00527210
-698.44953388	-0.00504159
-698.41620055	-0.00437542
-698.38286722	-0.00346230
-698.34953388	-0.00236620
-698.31620055	-0.00108306
-698.28286722	0.00040202
-698.24953388	0.00192376
-698.21620055	0.00353631
-698.18286722	0.00504551
-698.14953388	0.00636882
-698.11620055	0.00764146
-698.08286722	0.00872607
-698.04953388	0.00973569
-698.01620055	0.01084966
-697.98286722	0.01196255
-697.94953389	0.01335315
-697.91620055	0.01482420
-697.88286722	0.01658898
-697.84953389	0.01856369
-697.81620055	0.02086381
-697.78286722	0.02347147
-697.74953389	0.02630094
-697.71620055	0.02956893
-697.68286722	0.03308648
-697.64953389	0.03688467
-697.61620055	0.04103299
-697.58286722	0.04542476
-697.54953389	0.05004271
-697.51620056	0.05503301
-697.48286722	0.06032058
-697.44953389	0.06585103
-697.41620056	0.07182771
-697.38286722	0.07806064
-697.34953389	0.08474738
-697.31620056	0.09182402
-697.28286722	0.09936497
-697.24953389	0.10734828
-697.21620056	0.11599016
-697.18286722	0.12513059
-697.14953389	0.13492438
-697.11620056	0.14545876
-697.08286723	0.15670722
-697.04953389	0.16867176
-697.01620056	0.18156526
-696.98286723	0.19530432
-696.94953389	0.21013928
-696.91620056	0.22594942
-696.88286723	0.24295198
-696.84953389	0.26110187
-696.81620056	0.28048782
-696.78286723	0.30100665
-696.74953389	0.32271492
-696.71620056	0.34550913
-696.68286723	0.36906260
-696.64953390	0.39296604
-696.61620056	0.41675343
-696.58286723	0.43936896
-696.54953390	0.45966058
-696.51620056	0.47593726
-696.48286723	0.48578664
-696.44953390	0.48616221
-696.41620056	0.47331084
-696.38286723	0.44238063
-696.34953390	0.38775913
-696.31620057	0.30287474
-696.28286723	0.18057335
-696.24953390	0.01350465
-696.21620057	-0.20558033
-696.18286723	-0.48269972
-696.14953390	-0.82169970
-696.11620057	-1.22323886
-696.08286723	-1.68316735
-696.04953390	-2.19146580
-696.01620057	-2.73007832
-695.98286723	-3.27186866
-695.94953390	-3.77898890
-695.91620057	-4.20510798
-695.88286724	-4.49819639
-695.84953390	-4.60918227
-695.81620057	-4.50049469
-695.78286724	-4.15614579
-695.74953390	-3.58704814
-695.71620057	-2.83262870
-695.68286724	-1.95496202
-695.64953390	-1.02763483
-695.61620057	-0.12307755
-695.58286724	0.69913994
-695.54953390	1.39743139
-695.51620057	1.94991557
-695.48286724	2.34933988
-695.44953391	2.60091162
-695.41620057	2.71706982
-695.38286724	2.71384781
-695.34953391	2.60823624
-695.31620057	2.41785248
-695.28286724	2.16277006
-695.24953391	1.86608134
-695.21620057	1.55353325
-695.18286724	1.24960706
-695.14953391	0.97371400
-695.11620057	0.73618425
-695.08286724	0.53872144
-695.04953391	0.37733850
-695.01620058	0.24717282
-694.98286724	0.14591699
-694.94953391	0.07493632
-694.91620058	0.03583396
-694.88286724	0.02671315
-694.84953391	0.04036360
-694.81620058	0.06482531
-694.78286724	0.08783670
-694.74953391	0.10076903
-694.71620058	0.10053932
-694.68286724	0.08858610
-694.64953391	0.06868423
-694.61620058	0.04438034
-694.58286725	0.01797469
-694.54953391	-0.00890748
-694.51620058	-0.03454906
-694.48286725	-0.05702548
-694.44953391	-0.07433562
-694.41620058	-0.08486118
-694.38286725	-0.08758733
-694.34953391	-0.08251542
-694.31620058	-0.07020792
-694.28286725	-0.05243156
-694.24953392	-0.03151484
-694.21620058	-0.01049141
-694.18286725	0.00816048
-694.14953392	0.02278419
-694.11620058	0.03254774
-694.08286725	0.03712790
-694.04953392	0.03670320
-694.01620058	0.03203993
-693.98286725	0.02444821
-693.94953392	0.01582242
-693.91620058	0.00741009
-693.88286725	-0.00032554
-693.84953392	-0.00716953
-693.81620059	-0.01297997
-693.78286725	-0.01711931
-693.74953392	-0.01894649
-693.71620059	-0.01856338
-693.68286725	-0.01665675
-693.64953392	-0.01432782
-693.61620059	-0.01191905
-693.58286725	-0.00933036
-693.54953392	-0.00634015
-693.51620059	-0.00344572
-693.48286725	-0.00146388
-693.44953392	-0.00065318
-693.41620059	-0.00072456
-693.38286726	-0.00086932
-693.34953392	-0.00076596
-693.31620059	-0.00058451
-693.28286726	-0.00077192
-693.24953392	-0.00161956
-693.21620059	-0.00294003
-693.18286726	-0.00467559
-693.14953392	-0.00694641
-693.11620059	-0.00938839
-693.08286726	-0.01166855
-693.04953392	-0.01277067
-693.01620059	-0.01258378
-692.98286726	-0.01145460
-692.94953393	-0.01071316
-692.91620059	-0.01079862
-692.88286726	-0.01177291
-692.84953393	-0.01305083
-692.81620059	-0.01462879
-692.78286726	-0.01712015
-692.74953393	-0.02097138
-692.71620059	-0.02602584
-692.68286726	-0.03173774
-692.64953393	-0.03700976
-692.61620059	-0.04124726
-692.58286726	-0.04346034
-692.54953393	-0.04293426
-692.51620060	-0.03923183
-692.48286726	-0.03260221
-692.44953393	-0.02363824
-692.41620060	-0.01284426
-692.38286726	-0.00029614
-692.34953393	0.01359940
-692.31620060	0.02810025
-692.28286726	0.04178769
-692.24953393	0.05349878
-692.21620060	0.06201090
-692.18286726	0.06656523
-692.14953393	0.06677353
-692.11620060	0.06262680
-692.08286727	0.05457182
-692.04953393	0.04363285
-692.01620060	0.03085975
-691.98286727	0.01711435
-691.94953393	0.00300793
-691.91620060	-0.01069458
-691.88286727	-0.02305041
-691.84953393	-0.03334484
-691.81620060	-0.04134698
-691.78286727	-0.04732968
-691.74953394	-0.05145481
-691.71620060	-0.05387832
-691.68286727	-0.05523878
-691.64953394	-0.05640397
-691.61620060	-0.05798498
-691.58286727	-0.06009817
-691.54953394	-0.06227567
-691.51620060	-0.06392642
-691.48286727	-0.06500162
-691.44953394	-0.06562349
-691.41620060	-0.06536928
-691.38286727	-0.06402112
-691.34953394	-0.06127813
-691.31620061	-0.05734568
-691.28286727	-0.05256866
-691.24953394	-0.04704826
-691.21620061	-0.04096285
-691.18286727	-0.03464565
-691.14953394	-0.02851964
-691.11620061	-0.02306894
-691.08286727	-0.01833748
-691.04953394	-0.01396645
-691.01620061	-0.00983295
-690.98286727	-0.00605115
-690.94953394	-0.00291748
-690.91620061	-0.00048294
-690.88286728	0.00132832
-690.84953394	0.00258185
-690.81620061	0.00320390
-690.78286728	0.00315027
-690.74953394	0.00224888
-690.71620061	0.00073715
-690.68286728	-0.00100111
-690.64953394	-0.00259379
-690.61620061	-0.00366932
-690.58286728	-0.00367204
-690.54953394	-0.00306024
-690.51620061	-0.00195788
-690.48286728	-0.00144049
-690.44953395	-0.00202139
-690.41620061	-0.00404116
-690.38286728	-0.00747721
-690.34953395	-0.01173258
-690.31620061	-0.01636568
-690.28286728	-0.02083889
-690.24953395	-0.02504889
-690.21620061	-0.02879655
-690.18286728	-0.03198321
-690.14953395	-0.03437755
-690.11620061	-0.03571399
-690.08286728	-0.03592689
-690.04953395	-0.03472943
-690.01620062	-0.03219334
-689.98286728	-0.02863559
-689.94953395	-0.02412755
-689.91620062	-0.01911784
-689.88286728	-0.01402668
-689.84953395	-0.00895899
-689.81620062	-0.00407900
-689.78286728	0.00037771
-689.74953395	0.00397308
-689.71620062	0.00631429
-689.68286729	0.00749009
-689.64953395	0.00761693
-689.61620062	0.00730319
-689.58286729	0.00717339
-689.54953395	0.00769871
-689.51620062	0.00890524
-689.48286729	0.01070789
-689.44953395	0.01240347
-689.41620062	0.01325021
-689.38286729	0.01296566
-689.34953395	0.01166795
-689.31620062	0.00974493
-689.28286729	0.00783170
-689.24953396	0.00611993
-689.21620062	0.00474527
-689.18286729	0.00364489
-689.14953396	0.00274279
-689.11620062	0.00198502
-689.08286729	0.00173131
-689.04953396	0.00185608
-689.01620062	0.00275180
-688.98286729	0.00430184
-688.94953396	0.00615307
-688.91620062	0.00813099
-688.88286729	0.00978981
-688.84953396	0.01127518
-688.81620063	0.01259090
-688.78286729	0.01410238
-688.74953396	0.01582611
-688.71620063	0.01762844
-688.68286729	0.01922422
-688.64953396	0.02034868
-688.61620063	0.02049348
-688.58286729	0.01944686
-688.54953396	0.01718538
-688.51620063	0.01413031
-688.48286729	0.01063394
-688.44953396	0.00736969
-688.41620063	0.00475159
-688.38286730	0.00335577
-688.34953396	0.00351811
-688.31620063	0.00517879
-688.28286730	0.00824338
-688.24953396	0.01231157
-688.21620063	0.01702677
-688.18286730	0.02226312
-688.14953396	0.02771115
-688.11620063	0.03305069
-688.08286730	0.03794419
-688.04953396	0.04241835
-688.01620063	0.04646001
-687.98286730	0.05005971
-687.94953397	0.05315833
-687.91620063	0.05499807
-687.88286730	0.05495437
-687.84953397	0.05202641
-687.81620063	0.04539646
-687.78286730	0.03423075
-687.74953397	0.01809925
-687.71620063	-0.00288551
-687.68286730	-0.02843215
-687.64953397	-0.05823023
-687.61620064	-0.09169544
-687.58286730	-0.12788979
-687.54953397	-0.16553857
-687.51620064	-0.20253487
-687.48286730	-0.23582873
-687.44953397	-0.26164851
-687.41620064	-0.27576348
-687.38286730	-0.27489454
-687.34953397	-0.25703753
-687.31620064	-0.22217745
-687.28286730	-0.17283585
-687.24953397	-0.11323444
-687.21620064	-0.04870518
-687.18286731	0.01560161
-687.14953397	0.07469430
-687.11620064	0.12450774
-687.08286731	0.16234752
-687.04953397	0.18674414
-687.01620064	0.19774878
-686.98286731	0.19642730
-686.94953397	0.18422872
-686.91620064	0.16316681
-686.88286731	0.13526757
-686.84953397	0.10273260
-686.81620064	0.06828164
-686.78286731	0.03471519
-686.74953398	0.00483204
-686.71620064	-0.01903498
-686.68286731	-0.03529662
-686.64953398	-0.04391907
-686.61620064	-0.04560036
-686.58286731	-0.04194462
-686.54953398	-0.03462732
-686.51620064	-0.02502373
-686.48286731	-0.01450027
-686.44953398	-0.00421939
-686.41620064	0.00480678
-686.38286731	0.01174821
-686.34953398	0.01591532
-686.31620065	0.01730843
-686.28286731	0.01626762
-686.24953398	0.01358428
-686.21620065	0.01021656
-686.18286731	0.00700667
-686.14953398	0.00411135
-686.11620065	0.00163558
-686.08286731	-0.00043274
-686.04953398	-0.00186199
-686.01620065	-0.00256578
-685.98286731	-0.00221911
-685.94953398	-0.00062474
-685.91620065	0.00218587
-685.88286732	0.00610495
-685.84953398	0.01046071
-685.81620065	0.01445304
-685.78286732	0.01765928
-685.74953398	0.01984022
-685.71620065	0.02109363
-685.68286732	0.02167723
-685.64953398	0.02191060
-685.61620065	0.02215915
-685.58286732	0.02234210
-685.54953399	0.02271157
-685.51620065	0.02333835
-685.48286732	0.02441747
-685.44953399	0.02622855
-685.41620065	0.02914511
-685.38286732	0.03339152
-685.34953399	0.03881924
-685.31620065	0.04533512
-685.28286732	0.05252108
-685.24953399	0.05988899
-685.21620065	0.06714184
-685.18286732	0.07380703
-685.14953399	0.07984884
-685.11620066	0.08515664
-685.08286732	0.08995851
-685.04953399	0.09436089
-685.01620066	0.09861491
-684.98286732	0.10305948
-684.94953399	0.10798986
-684.91620066	0.11389733
-684.88286732	0.12056666
-684.84953399	0.12799156
-684.81620066	0.13577313
-684.78286732	0.14350671
-684.74953399	0.15095924
-684.71620066	0.15770115
-684.68286733	0.16354436
-684.64953399	0.16766124
-684.61620066	0.16943709
-684.58286733	0.16761321
-684.54953399	0.16062357
-684.51620066	0.14653958
-684.48286733	0.12340044
-684.44953399	0.08944730
-684.41620066	0.04263628
-684.38286733	-0.01884112
-684.34953399	-0.09668567
-684.31620066	-0.19165810
-684.28286733	-0.30364794
-684.24953400	-0.43100798
-684.21620066	-0.57034222
-684.18286733	-0.71631978
-684.14953400	-0.86085460
-684.11620066	-0.99384702
-684.08286733	-1.10349441
-684.04953400	-1.17725002
-684.01620066	-1.20367260
-683.98286733	-1.17413953
-683.94953400	-1.08459209
-683.91620066	-0.93676109
-683.88286733	-0.73900505
-683.84953400	-0.50509749
-683.81620067	-0.25313880
-683.78286733	-0.00229164
-683.74953400	0.22970814
-683.71620067	0.42881972
-683.68286733	0.58613996
-683.64953400	0.69846917
-683.61620067	0.76683397
-683.58286733	0.79569975
-683.54953400	0.79027916
-683.51620067	0.75630634
-683.48286734	0.69901949
-683.44953400	0.62393426
-683.41620067	0.53738698
-683.38286734	0.44650849
-683.34953400	0.35844607
-683.31620067	0.27897169
-683.28286734	0.21153797
-683.24953400	0.15656497
-683.21620067	0.11260981
-683.18286734	0.07763116
-683.14953400	0.05058431
-683.11620067	0.03128089
-683.08286734	0.02032036
-683.04953401	0.01730483
-683.01620067	0.02034678
-682.98286734	0.02614237
-682.94953401	0.03126485
-682.91620067	0.03293882
-682.88286734	0.03035770
-682.84953401	0.02389240
-682.81620067	0.01498730
-682.78286734	0.00503436
-682.74953401	-0.00482476
-682.71620067	-0.01376688
-682.68286734	-0.02141741
-682.64953401	-0.02715415
-682.61620068	-0.03080342
-682.58286734	-0.03208563
-682.54953401	-0.03131785
-682.51620068	-0.02855565
-682.48286734	-0.02406462
-682.44953401	-0.01826679
-682.41620068	-0.01161400
-682.38286734	-0.00500823
-682.34953401	0.00097318
-682.31620068	0.00577941
-682.28286734	0.00929527
-682.24953401	0.01148874
-682.21620068	0.01282945
-682.18286735	0.01333707
-682.14953401	0.01339676
-682.11620068	0.01325452
-682.08286735	0.01294574
-682.04953401	0.01214715
-682.01620068	0.01082757
-681.98286735	0.00898068
-681.94953401	0.00690456
-681.91620068	0.00492938
-681.88286735	0.00329545
-681.84953401	0.00167083
-681.81620068	-0.00016661
-681.78286735	-0.00233959
-681.74953402	-0.00449255
-681.71620068	-0.00636114
-681.68286735	-0.00760418
-681.64953402	-0.00811293
-681.61620068	-0.00782178
-681.58286735	-0.00659371
-681.54953402	-0.00439541
-681.51620068	-0.00149903
-681.48286735	0.00173745
-681.44953402	0.00501367
-681.41620069	0.00782404
-681.38286735	0.00995668
-681.34953402	0.01103040
-681.31620069	0.01073719
-681.28286735	0.00875870
-681.24953402	0.00523379
-681.21620069	0.00086548
-681.18286735	-0.00392623
-681.14953402	-0.00840139
-681.11620069	-0.01224420
-681.08286735	-0.01539531
-681.04953402	-0.01786068
-681.01620069	-0.01984135
-680.98286736	-0.02161107
-680.94953402	-0.02318278
-680.91620069	-0.02466913
-680.88286736	-0.02580370
-680.84953402	-0.02645326
-680.81620069	-0.02669639
-680.78286736	-0.02650004
-680.74953402	-0.02596354
-680.71620069	-0.02500367
-680.68286736	-0.02371254
-680.64953402	-0.02171408
-680.61620069	-0.01891064
-680.58286736	-0.01519022
-680.54953403	-0.01014115
-680.51620069	-0.00392796
-680.48286736	0.00327222
-680.44953403	0.01116960
-680.41620069	0.01902114
-680.38286736	0.02619324
-680.34953403	0.03200085
-680.31620069	0.03580540
-680.28286736	0.03715435
-680.24953403	0.03571551
-680.21620069	0.03168748
-680.18286736	0.02546572
-680.14953403	0.01746833
-680.11620070	0.00837087
-680.08286736	-0.00095739
-680.04953403	-0.00968703
-680.01620070	-0.01696838
-679.98286736	-0.02255289
-679.94953403	-0.02643622
-679.91620070	-0.02870820
-679.88286736	-0.02951176
-679.84953403	-0.02893467
-679.81620070	-0.02705300
-679.78286736	-0.02394576
-679.74953403	-0.01969662
-679.71620070	-0.01454784
-679.68286737	-0.00897092
-679.64953403	-0.00378482
-679.61620070	0.00006512
-679.58286737	0.00215608
-679.54953403	0.00228566
-679.51620070	0.00050120
-679.48286737	-0.00274413
-679.44953403	-0.00703326
-679.41620070	-0.01173204
-679.38286737	-0.01632555
-679.34953404	-0.02032447
-679.31620070	-0.02361792
-679.28286737	-0.02575502
-679.24953404	-0.02662521
-679.21620070	-0.02619926
-679.18286737	-0.02442224
-679.14953404	-0.02180780
-679.11620070	-0.01879648
-679.08286737	-0.01579751
-679.04953404	-0.01306550
-679.01620070	-0.01047199
-678.98286737	-0.00797139
-678.94953404	-0.00553985
-678.91620071	-0.00310248
-678.88286737	-0.00090921
-678.84953404	0.00104415
-678.81620071	0.00265882
-678.78286737	0.00404804
-678.74953404	0.00530138
-678.71620071	0.00649762
-678.68286737	0.00757138
-678.64953404	0.00833531
-678.61620071	0.00849337
-678.58286737	0.00773386
-678.54953404	0.00607477
-678.51620071	0.00379850
-678.48286738	0.00104863
-678.44953404	-0.00200379
-678.41620071	-0.00520359
-678.38286738	-0.00865369
-678.34953404	-0.01229877
-678.31620071	-0.01604312
-678.28286738	-0.01970905
-678.24953404	-0.02297810
-678.21620071	-0.02550261
-678.18286738	-0.02697750
-678.14953404	-0.02728192
-678.11620071	-0.02620860
-678.08286738	-0.02389995
-678.04953405	-0.02040259
-678.01620071	-0.01580112
-677.98286738	-0.01039538
-677.94953405	-0.00447497
-677.91620071	0.00134649
-677.88286738	0.00652002
-677.84953405	0.01086410
-677.81620071	0.01413782
-677.78286738	0.01635963
-677.74953405	0.01750194
-677.71620071	0.01773109
-677.68286738	0.01692714
-677.64953405	0.01501822
-677.61620072	0.01188493
-677.58286738	0.00806082
-677.54953405	0.00361320
-677.51620072	-0.00074977
-677.48286738	-0.00435520
-677.44953405	-0.00702922
-677.41620072	-0.00847802
-677.38286738	-0.00893639
-677.34953405	-0.00849705
-677.31620072	-0.00732819
-677.28286739	-0.00575959
-677.24953405	-0.00380633
-677.21620072	-0.00177337
-677.18286739	0.00024650
-677.14953405	0.00211525
-677.11620072	0.00355772
-677.08286739	0.00452975
-677.04953405	0.00514638
-677.01620072	0.00565079
-676.98286739	0.00638995
-676.94953405	0.00764680
-676.91620072	0.00924655
-676.88286739	0.01111793
-676.84953406	0.01286138
-676.81620072	0.01422061
-676.78286739	0.01492171
-676.74953406	0.01488142
-676.71620072	0.01407972
-676.68286739	0.01269932
-676.64953406	0.01080168
-676.61620072	0.00841489
-676.58286739	0.00552356
-676.54953406	0.00215097
-676.51620072	-0.00147629
-676.48286739	-0.00477568
-676.44953406	-0.00728531
-676.41620073	-0.00854224
-676.38286739	-0.00840127
-676.34953406	-0.00698169
-676.31620073	-0.00434612
-676.28286739	-0.00081587
-676.24953406	0.00340817
-676.21620073	0.00833211
-676.18286739	0.01392274
-676.14953406	0.01990105
-676.11620073	0.02597258
-676.08286739	0.03132259
-676.04953406	0.03485524
-676.01620073	0.03590747
-675.98286740	0.03396350
-675.94953406	0.02878549
-675.91620073	0.02052355
-675.88286740	0.00962314
-675.84953406	-0.00307240
-675.81620073	-0.01710830
-675.78286740	-0.03181788
-675.74953406	-0.04679951
-675.71620073	-0.06135010
-675.68286740	-0.07442832
-675.64953406	-0.08493181
-675.61620073	-0.09168064
-675.58286740	-0.09367398
-675.54953407	-0.09045088
-675.51620073	-0.08206909
-675.48286740	-0.06878643
-675.44953407	-0.05192848
-675.41620073	-0.03246805
-675.38286740	-0.01212929
-675.34953407	0.00741704
-675.31620073	0.02470073
-675.28286740	0.03820872
-675.24953407	0.04720439
-675.21620074	0.05164715
-675.18286740	0.05196564
-675.14953407	0.04907415
-675.11620074	0.04418788
-675.08286740	0.03793716
-675.04953407	0.03096986
-675.01620074	0.02359525
-674.98286740	0.01587461
-674.94953407	0.00797411
-674.91620074	0.00048394
-674.88286740	-0.00594096
-674.84953407	-0.01082043
-674.81620074	-0.01391226
-674.78286741	-0.01518283
-674.74953407	-0.01502518
-674.71620074	-0.01347725
-674.68286741	-0.01123671
-674.64953407	-0.00848238
-674.61620074	-0.00573987
-674.58286741	-0.00335926
-674.54953407	-0.00163854
-674.51620074	-0.00045531
-674.48286741	0.00017809
-674.44953407	0.00051799
-674.41620074	0.00085766
-674.38286741	0.00132731
-674.34953408	0.00212952
-674.31620074	0.00303377
-674.28286741	0.00383956
-674.24953408	0.00419219
-674.21620074	0.00399913
-674.18286741	0.00311294
-674.14953408	0.00157677
-674.11620074	-0.00039776
-674.08286741	-0.00247387
-674.04953408	-0.00425079
-674.01620074	-0.00514860
-673.98286741	-0.00500079
-673.94953408	-0.00391796
-673.91620075	-0.00217770
-673.88286741	-0.00018660
-673.84953408	0.00175492
-673.81620075	0.00336019
-673.78286741	0.00469876
-673.74953408	0.00591144
-673.71620075	0.00699978
-673.68286741	0.00827570
-673.64953408	0.00932290
-673.61620075	0.01013908
-673.58286741	0.01056352
-673.54953408	0.01063187
-673.51620075	0.01064680
-673.48286742	0.01062629
-673.44953408	0.01089355
-673.41620075	0.01157254
-673.38286742	0.01270079
-673.34953408	0.01426994
-673.31620075	0.01615313
-673.28286742	0.01850667
-673.24953408	0.02108426
-673.21620075	0.02385389
-673.18286742	0.02674574
-673.14953408	0.02947452
-673.11620075	0.03201695
-673.08286742	0.03433940
-673.04953409	0.03624603
-673.01620075	0.03793906
-672.98286742	0.03935125
-672.94953409	0.04063987
-672.91620075	0.04207234
-672.88286742	0.04363677
-672.84953409	0.04529136
-672.81620075	0.04673075
-672.78286742	0.04782803
-672.74953409	0.04805951
-672.71620076	0.04724873
-672.68286742	0.04492996
-672.64953409	0.04036161
-672.61620076	0.03276706
-672.58286742	0.02132385
-672.54953409	0.00532849
-672.51620076	-0.01583432
-672.48286742	-0.04258235
-672.44953409	-0.07471254
-672.41620076	-0.11192304
-672.38286742	-0.15323456
-672.34953409	-0.19693866
-672.31620076	-0.24092434
-672.28286743	-0.28204565
-672.24953409	-0.31664724
-672.21620076	-0.34089872
-672.18286743	-0.35123232
-672.14953409	-0.34492888
-672.11620076	-0.32046392
-672.08286743	-0.27829281
-672.04953409	-0.22045833
-672.01620076	-0.15081897
-671.98286743	-0.07486707
-671.94953409	0.00128337
-671.91620076	0.07178822
-671.88286743	0.13189115
-671.84953410	0.17861256
-671.81620076	0.21084084
-671.78286743	0.22931861
-671.74953410	0.23549326
-671.71620076	0.23167526
-671.68286743	0.21963410
-671.64953410	0.20081828
-671.61620076	0.17712629
-671.58286743	0.15022978
-671.54953410	0.12239872
-671.51620076	0.09577303
-671.48286743	0.07221429
-671.44953410	0.05281668
-671.41620077	0.03791952
-671.38286743	0.02693763
-671.34953410	0.01932148
-671.31620077	0.01428204
-671.28286743	0.01128655
-671.24953410	0.01009412
-671.21620077	0.01022465
-671.18286743	0.01124372
-671.14953410	0.01221895
-671.11620077	0.01253673
-671.08286743	0.01158453
-671.04953410	0.00956760
-671.01620077	0.00670392
-670.98286744	0.00371147
-670.94953410	0.00114493
-670.91620077	-0.00078437
-670.88286744	-0.00219143
-670.84953410	-0.00323484
-670.81620077	-0.00400138
-670.78286744	-0.00462536
-670.74953410	-0.00521912
-670.71620077	-0.00554726
-670.68286744	-0.00565800
-670.64953411	-0.00552579
-670.61620077	-0.00514153
-670.58286744	-0.00475698
-670.54953411	-0.00432675
-670.51620077	-0.00412887
-670.48286744	-0.00381163
-670.44953411	-0.00319286
-670.41620077	-0.00182630
-670.38286744	0.00019844
-670.34953411	0.00292115
-670.31620077	0.00572133
-670.28286744	0.00817188
-670.24953411	0.00969023
-670.21620078	0.00999649
-670.18286744	0.00912939
-670.14953411	0.00730878
-670.11620078	0.00497909
-670.08286744	0.00248907
-670.04953411	0.00009650
-670.01620078	-0.00211529
-669.98286744	-0.00426063
-669.94953411	-0.00627390
-669.91620078	-0.00797785
-669.88286744	-0.00917675
-669.84953411	-0.00955794
-669.81620078	-0.00905369
-669.78286745	-0.00778867
-669.74953411	-0.00586716
-669.71620078	-0.00326484
-669.68286745	-0.00050112
-669.64953411	0.00234750
-669.61620078	0.00520645
-669.58286745	0.00792967
-669.54953411	0.01024485
-669.51620078	0.01191312
-669.48286745	0.01264603
-669.44953411	0.01238624
-669.41620078	0.01117385
-669.38286745	0.00927886
-669.34953412	0.00708564
-669.31620078	0.00487375
-669.28286745	0.00276664
-669.24953412	0.00089451
-669.21620078	-0.00077046
-669.18286745	-0.00223347
-669.14953412	-0.00340017
-669.11620078	-0.00410805
-669.08286745	-0.00442346
-669.04953412	-0.00427658
-669.01620078	-0.00388073
-668.98286745	-0.00360174
-668.94953412	-0.00378780
-668.91620079	-0.00433195
-668.88286745	-0.00539424
-668.84953412	-0.00674103
-668.81620079	-0.00796012
-668.78286745	-0.00877223
-668.74953412	-0.00878311
-668.71620079	-0.00779879
-668.68286745	-0.00575481
-668.64953412	-0.00268343
-668.61620079	0.00106260
-668.58286746	0.00513623
-668.54953412	0.00924584
-668.51620079	0.01300099
-668.48286746	0.01605409
-668.44953412	0.01811909
-668.41620079	0.01908989
-668.38286746	0.01870838
-668.34953412	0.01688224
-668.31620079	0.01377953
-668.28286746	0.00981657
-668.24953412	0.00525344
-668.21620079	0.00062045
-668.18286746	-0.00369508
-668.14953413	-0.00768675
-668.11620079	-0.01117519
-668.08286746	-0.01413685
-668.04953413	-0.01639283
-668.01620079	-0.01783891
-667.98286746	-0.01812723
-667.94953413	-0.01729235
-667.91620079	-0.01539188
-667.88286746	-0.01261018
-667.84953413	-0.00948173
-667.81620079	-0.00623658
-667.78286746	-0.00312686
-667.74953413	-0.00029708
-667.71620080	0.00197447
-667.68286746	0.00372038
-667.64953413	0.00469721
-667.61620080	0.00481333
-667.58286746	0.00399992
-667.54953413	0.00252028
-667.51620080	0.00054635
-667.48286746	-0.00168388
-667.44953413	-0.00387232
-667.41620080	-0.00591466
-667.38286746	-0.00767917
-667.34953413	-0.00932017
-667.31620080	-0.01096190
-667.28286747	-0.01265734
-667.24953413	-0.01409420
-667.21620080	-0.01505310
-667.18286747	-0.01532383
-667.14953413	-0.01462623
-667.11620080	-0.01305274
-667.08286747	-0.01101106
-667.04953413	-0.00882611
-667.01620080	-0.00682767
-666.98286747	-0.00509362
-666.94953413	-0.00360815
-666.91620080	-0.00228951
-666.88286747	-0.00091698
-666.84953414	0.00059378
-666.81620080	0.00209528
-666.78286747	0.00333095
-666.74953414	0.00421626
-666.71620080	0.00455034
-666.68286747	0.00428668
-666.64953414	0.00343715
-666.61620080	0.00185665
-666.58286747	-0.00047601
-666.54953414	-0.00351178
-666.51620081	-0.00727337
-666.48286747	-0.01114579
-666.44953414	-0.01477095
-666.41620081	-0.01783907
-666.38286747	-0.02002208
-666.34953414	-0.02140417
-666.31620081	-0.02198889
-666.28286747	-0.02192574
-666.24953414	-0.02143961
-666.21620081	-0.02055168
-666.18286747	-0.01931804
-666.14953414	-0.01765547
-666.11620081	-0.01559807
-666.08286748	-0.01324100
-666.04953414	-0.01052757
-666.01620081	-0.00777517
-665.98286748	-0.00483378
-665.94953414	-0.00203602
-665.91620081	0.00044668
-665.88286748	0.00219269
-665.84953414	0.00307147
-665.81620081	0.00276249
-665.78286748	0.00139430
-665.74953414	-0.00098839
-665.71620081	-0.00397802
-665.68286748	-0.00720464
-665.64953415	-0.01017982
-665.61620081	-0.01265109
-665.58286748	-0.01443900
-665.54953415	-0.01547262
-665.51620081	-0.01586704
-665.48286748	-0.01579282
-665.44953415	-0.01529681
-665.41620081	-0.01449619
-665.38286748	-0.01342193
-665.34953415	-0.01218204
-665.31620081	-0.01083650
-665.28286748	-0.00949116
-665.24953415	-0.00851336
-665.21620082	-0.00784898
-665.18286748	-0.00762117
-665.14953415	-0.00754242
-665.11620082	-0.00738301
-665.08286748	-0.00687206
-665.04953415	-0.00593244
-665.01620082	-0.00454749
-664.98286748	-0.00294054
-664.94953415	-0.00144005
-664.91620082	-0.00014400
-664.88286748	0.00074256
-664.84953415	0.00120135
-664.81620082	0.00097822
-664.78286749	0.00027879
-664.74953415	-0.00094798
-664.71620082	-0.00242890
-664.68286749	-0.00403827
-664.64953415	-0.00536482
-664.61620082	-0.00629938
-664.58286749	-0.00673342
-664.54953415	-0.00666773
-664.51620082	-0.00620506
-664.48286749	-0.00530707
-664.44953416	-0.00409070
-664.41620082	-0.00241686
-664.38286749	-0.00007609
-664.34953416	0.00280951
-664.31620082	0.00620227
-664.28286749	0.00994266
-664.24953416	0.01382955
-664.21620082	0.01756384
-664.18286749	0.02094766
-664.14953416	0.02362389
-664.11620082	0.02550761
-664.08286749	0.02616221
-664.04953416	0.02545343
-664.01620083	0.02316621
-663.98286749	0.01935391
-663.94953416	0.01397312
-663.91620083	0.00746701
-663.88286749	0.00038977
-663.84953416	-0.00651251
-663.81620083	-0.01259415
-663.78286749	-0.01725188
-663.74953416	-0.02006166
-663.71620083	-0.02091054
-663.68286749	-0.01964515
-663.64953416	-0.01652144
-663.61620083	-0.01186994
-663.58286750	-0.00596028
-663.54953416	0.00057467
-663.51620083	0.00720568
-663.48286750	0.01309949
-663.44953416	0.01790606
-663.41620083	0.02110963
-663.38286750	0.02269973
-663.34953416	0.02300822
-663.31620083	0.02219951
-663.28286750	0.02047502
-663.24953416	0.01796856
-663.21620083	0.01475530
-663.18286750	0.01095858
-663.14953417	0.00676862
-663.11620083	0.00248321
-663.08286750	-0.00178579
-663.04953417	-0.00561872
-663.01620083	-0.00904407
-662.98286750	-0.01185344
-662.94953417	-0.01415940
-662.91620083	-0.01598432
-662.88286750	-0.01718857
-662.84953417	-0.01774037
-662.81620083	-0.01765205
-662.78286750	-0.01692684
-662.74953417	-0.01586668
-662.71620084	-0.01447257
-662.68286750	-0.01289095
-662.64953417	-0.01135698
-662.61620084	-0.00996699
-662.58286750	-0.00874850
-662.54953417	-0.00772661
-662.51620084	-0.00674440
-662.48286750	-0.00569629
-662.44953417	-0.00474688
-662.41620084	-0.00385745
-662.38286751	-0.00310829
-662.34953417	-0.00257950
-662.31620084	-0.00218727
-662.28286751	-0.00190520
-662.24953417	-0.00154851
-662.21620084	-0.00091374
-662.18286751	-0.00005173
-662.14953417	0.00100025
-662.11620084	0.00188999
-662.08286751	0.00238455
-662.04953417	0.00245832
-662.01620084	0.00199358
-661.98286751	0.00132591
-661.94953418	0.00070509
-661.91620084	0.00054388
-661.88286751	0.00071204
-661.84953418	0.00134049
-661.81620084	0.00222806
-661.78286751	0.00331253
-661.74953418	0.00437144
-661.71620084	0.00548112
-661.68286751	0.00657112
-661.64953418	0.00754256
-661.61620084	0.00829727
-661.58286751	0.00869585
-661.54953418	0.00865299
-661.51620085	0.00821450
-661.48286751	0.00762731
-661.44953418	0.00721169
-661.41620085	0.00712332
-661.38286751	0.00733925
-661.34953418	0.00776716
-661.31620085	0.00828418
-661.28286751	0.00850676
-661.24953418	0.00850487
-661.21620085	0.00849651
-661.18286751	0.00858302
-661.14953418	0.00877080
-661.11620085	0.00924002
-661.08286752	0.00965941
-661.04953418	0.00991776
-661.01620085	0.00985912
-660.98286752	0.00913286
-660.94953418	0.00810631
-660.91620085	0.00685873
-660.88286752	0.00544706
-660.84953418	0.00386148
-660.81620085	0.00191396
-660.78286752	-0.00056490
-660.74953418	-0.00415624
-660.71620085	-0.00882251
-660.68286752	-0.01470029
-660.64953419	-0.02171528
-660.61620085	-0.02985838
-660.58286752	-0.03898309
-660.54953419	-0.04891582
-660.51620085	-0.05952292
-660.48286752	-0.07041449
-660.44953419	-0.08100042
-660.41620085	-0.09022725
-660.38286752	-0.09714946
-660.34953419	-0.10063674
-660.31620086	-0.09980462
-660.28286752	-0.09404833
-660.24953419	-0.08333726
-660.21620086	-0.06827433
-660.18286752	-0.04987316
-660.14953419	-0.02953236
-660.11620086	-0.00887194
-660.08286752	0.01057739
-660.04953419	0.02761129
-660.01620086	0.04152491
-659.98286752	0.05173302
-659.94953419	0.05826824
-659.91620086	0.06144493
-659.88286753	0.06167336
-659.84953419	0.05940872
-659.81620086	0.05481962
-659.78286753	0.04847717
-659.74953419	0.04065749
-659.71620086	0.03183822
-659.68286753	0.02280921
-659.64953419	0.01435920
-659.61620086	0.00704188
-659.58286753	0.00132761
-659.54953419	-0.00247602
-659.51620086	-0.00488166
-659.48286753	-0.00610396
-659.44953420	-0.00638340
-659.41620086	-0.00618073
-659.38286753	-0.00557969
-659.34953420	-0.00478008
-659.31620086	-0.00387001
-659.28286753	-0.00314318
-659.24953420	-0.00259622
-659.21620086	-0.00238079
-659.18286753	-0.00247679
-659.14953420	-0.00275343
-659.11620086	-0.00316968
-659.08286753	-0.00363490
-659.04953420	-0.00421329
-659.01620087	-0.00491744
-658.98286753	-0.00560651
-658.94953420	-0.00616687
-658.91620087	-0.00661036
-658.88286753	-0.00669627
-658.84953420	-0.00616454
-658.81620087	-0.00513654
-658.78286753	-0.00351936
-658.74953420	-0.00142121
-658.71620087	0.00079615
-658.68286753	0.00329269
-658.64953420	0.00596801
-658.61620087	0.00870151
-658.58286754	0.01175452
-658.54953420	0.01489156
-658.51620087	0.01798613
-658.48286754	0.02076787
-658.44953420	0.02293335
-658.41620087	0.02434083
-658.38286754	0.02484768
-658.34953420	0.02453678
-658.31620087	0.02349484
-658.28286754	0.02180151
-658.24953421	0.01976119
-658.21620087	0.01759909
-658.18286754	0.01552192
-658.14953421	0.01383280
-658.11620087	0.01263225
-658.08286754	0.01217270
-658.04953421	0.01204655
-658.01620087	0.01208697
-657.98286754	0.01197740
-657.94953421	0.01144540
-657.91620087	0.01056489
-657.88286754	0.00954815
-657.84953421	0.00886017
-657.81620088	0.00875880
-657.78286754	0.00922420
-657.74953421	0.01027974
-657.71620088	0.01178891
-657.68286754	0.01344656
-657.64953421	0.01500248
-657.61620088	0.01644053
-657.58286754	0.01777306
-657.54953421	0.01875424
-657.51620088	0.01947538
-657.48286754	0.01966825
-657.44953421	0.01930478
-657.41620088	0.01835576
-657.38286755	0.01678985
-657.34953421	0.01470110
-657.31620088	0.01216732
-657.28286755	0.00945895
-657.24953421	0.00667889
-657.21620088	0.00406996
-657.18286755	0.00160669
-657.14953421	-0.00059694
-657.11620088	-0.00268759
-657.08286755	-0.00443118
-657.04953421	-0.00590652
-657.01620088	-0.00710444
-656.98286755	-0.00796813
-656.94953422	-0.00853096
-656.91620088	-0.00889363
-656.88286755	-0.00913146
-656.84953422	-0.00932104
-656.81620088	-0.00968801
-656.78286755	-0.01023399
-656.74953422	-0.01095675
-656.71620088	-0.01187256
-656.68286755	-0.01282590
-656.64953422	-0.01381780
-656.61620088	-0.01499334
-656.58286755	-0.01622113
-656.54953422	-0.01753749
-656.51620089	-0.01892508
-656.48286755	-0.02026147
-656.44953422	-0.02136463
-656.41620089	-0.02228828
-656.38286755	-0.02301877
-656.34953422	-0.02348250
-656.31620089	-0.02396217
-656.28286755	-0.02438132
-656.24953422	-0.02486909
-656.21620089	-0.02524973
-656.18286756	-0.02569215
-656.14953422	-0.02608017
-656.11620089	-0.02648302
-656.08286756	-0.02694588
-656.04953422	-0.02758806
-656.01620089	-0.02831172
-655.98286756	-0.02874428
-655.94953422	-0.02867957
-655.91620089	-0.02787418
-655.88286756	-0.02616995
-655.84953422	-0.02387982
-655.81620089	-0.02122821
-655.78286756	-0.01868513
-655.74953423	-0.01659402
-655.71620089	-0.01513756
-655.68286756	-0.01454913
-655.64953423	-0.01471600
-655.61620089	-0.01562917
-655.58286756	-0.01707108
-655.54953423	-0.01873266
-655.51620089	-0.02068371
-655.48286756	-0.02244495
-655.44953423	-0.02362516
-655.41620089	-0.02410560
-655.38286756	-0.02391772
-655.34953423	-0.02301497
-655.31620090	-0.02159934
-655.28286756	-0.01995552
-655.24953423	-0.01827669
-655.21620090	-0.01683896
-655.18286756	-0.01548123
-655.14953423	-0.01432740
-655.11620090	-0.01315209
-655.08286756	-0.01194787
-655.04953423	-0.01063393
-655.01620090	-0.00932571
-654.98286756	-0.00795238
-654.94953423	-0.00671935
-654.91620090	-0.00544522
-654.88286757	-0.00407939
-654.84953423	-0.00271180
-654.81620090	-0.00120387
-654.78286757	0.00015023
-654.74953423	0.00126249
-654.71620090	0.00185659
-654.68286757	0.00187900
-654.64953423	0.00141284
-654.61620090	0.00057703
-654.58286757	-0.00034118
-654.54953423	-0.00118981
-654.51620090	-0.00185868
-654.48286757	-0.00249679
-654.44953424	-0.00317768
-654.41620090	-0.00415964
-654.38286757	-0.00536297
-654.34953424	-0.00647080
-654.31620090	-0.00718542
-654.28286757	-0.00711952
-654.24953424	-0.00622929
-654.21620090	-0.00455554
-654.18286757	-0.00213636
-654.14953424	0.00078393
-654.11620090	0.00405397
-654.08286757	0.00746310
-654.04953424	0.01068380
-654.01620091	0.01342976
-653.98286757	0.01529495
-653.94953424	0.01609913
-653.91620091	0.01585913
-653.88286757	0.01466325
-653.84953424	0.01287310
-653.81620091	0.01092419
-653.78286757	0.00882434
-653.74953424	0.00693322
-653.71620091	0.00500376
-653.68286758	0.00322434
-653.64953424	0.00166871
-653.61620091	0.00050024
-653.58286758	-0.00011335
-653.54953424	-0.00013391
-653.51620091	0.00031779
-653.48286758	0.00116642
-653.44953424	0.00199513
-653.41620091	0.00266104
-653.38286758	0.00301625
-653.34953424	0.00307182
-653.31620091	0.00302352
-653.28286758	0.00296424
-653.24953425	0.00309573
-653.21620091	0.00326794
-653.18286758	0.00363200
-653.14953425	0.00413506
-653.11620091	0.00458646
-653.08286758	0.00499995
-653.04953425	0.00531408
-653.01620091	0.00550895
-652.98286758	0.00553819
-652.94953425	0.00549102
-652.91620091	0.00534783
-652.88286758	0.00517519
-652.84953425	0.00514528
-652.81620092	0.00501254
-652.78286758	0.00488835
-652.74953425	0.00459604
-652.71620092	0.00410485
-652.68286758	0.00305846
-652.64953425	0.00185006
-652.61620092	0.00035423
-652.58286758	-0.00102687
-652.54953425	-0.00218084
-652.51620092	-0.00294285
-652.48286758	-0.00314015
-652.44953425	-0.00278359
-652.41620092	-0.00173023
-652.38286759	0.00001849
-652.34953425	0.00243092
-652.31620092	0.00530803
-652.28286759	0.00839575
-652.24953425	0.01123215
-652.21620092	0.01368140
-652.18286759	0.01521927
-652.14953425	0.01603497
-652.11620092	0.01581853
-652.08286759	0.01467397
-652.04953425	0.01287290
-652.01620092	0.01034401
-651.98286759	0.00747905
-651.94953426	0.00435590
-651.91620092	0.00128705
-651.88286759	-0.00144025
-651.84953426	-0.00341345
-651.81620092	-0.00451673
-651.78286759	-0.00468336
-651.74953426	-0.00388024
-651.71620092	-0.00241065
-651.68286759	-0.00033974
-651.64953426	0.00199328
-651.61620093	0.00459730
-651.58286759	0.00710971
-651.54953426	0.00935170
-651.51620093	0.01134582
-651.48286759	0.01284495
-651.44953426	0.01400166
-651.41620093	0.01483861
-651.38286759	0.01524824
-651.34953426	0.01533495
-651.31620093	0.01523302
-651.28286759	0.01499458
-651.24953426	0.01468330
-651.21620093	0.01441171
-651.18286760	0.01413310
-651.14953426	0.01370716
-651.11620093	0.01308500
-651.08286760	0.01196808
-651.04953426	0.01040615
-651.01620093	0.00855633
-650.98286760	0.00651849
-650.94953426	0.00454054
-650.91620093	0.00269561
-650.88286760	0.00099432
-650.84953426	-0.00048134
-650.81620093	-0.00184287
-650.78286760	-0.00299962
-650.74953427	-0.00395191
-650.71620093	-0.00446433
-650.68286760	-0.00454863
-650.64953427	-0.00416015
-650.61620093	-0.00311643
-650.58286760	-0.00158221
-650.54953427	0.00057518
-650.51620093	0.00317257
-650.48286760	0.00603220
-650.44953427	0.00877299
-650.41620093	0.01123740
-650.38286760	0.01284949
-650.34953427	0.01364353
-650.31620094	0.01330953
-650.28286760	0.01201499
-650.24953427	0.00995743
-650.21620094	0.00741301
-650.18286760	0.00461168
-650.14953427	0.00186855
-650.11620094	-0.00047130
-650.08286760	-0.00232999
-650.04953427	-0.00359941
-650.01620094	-0.00422574
-649.98286760	-0.00435468
-649.94953427	-0.00402180
-649.91620094	-0.00326732
-649.88286761	-0.00217510
-649.84953427	-0.00075814
-649.81620094	0.00073668
-649.78286761	0.00236427
-649.74953427	0.00394867
-649.71620094	0.00531504
-649.68286761	0.00671325
-649.64953427	0.00789137
-649.61620094	0.00920359
-649.58286761	0.01054330
-649.54953428	0.01194541
-649.51620094	0.01326208
-649.48286761	0.01452938
-649.44953428	0.01554985
-649.41620094	0.01642291
-649.38286761	0.01699157
-649.34953428	0.01728029
-649.31620094	0.01713898
-649.28286761	0.01649369
-649.24953428	0.01523256
-649.21620094	0.01347587
-649.18286761	0.01124840
-649.14953428	0.00855209
-649.11620095	0.00584632
-649.08286761	0.00303869
-649.04953428	0.00047226
-649.01620095	-0.00183451
-648.98286761	-0.00402399
-648.94953428	-0.00585632
-648.91620095	-0.00768459
-648.88286761	-0.00936726
-648.84953428	-0.01068790
-648.81620095	-0.01148211
-648.78286761	-0.01192921
-648.74953428	-0.01195433
-648.71620095	-0.01205077
-648.68286762	-0.01240775
-648.64953428	-0.01314276
-648.61620095	-0.01423669
-648.58286762	-0.01553151
-648.54953428	-0.01676877
-648.51620095	-0.01765927
-648.48286762	-0.01788099
-648.44953428	-0.01733274
-648.41620095	-0.01594891
-648.38286762	-0.01360044
-648.34953428	-0.01039366
-648.31620095	-0.00648603
-648.28286762	-0.00219454
-648.24953429	0.00203267
-648.21620095	0.00563412
-648.18286762	0.00841445
-648.14953429	0.01009653
-648.11620095	0.01074571
-648.08286762	0.01043690
-648.04953429	0.00961089
-648.01620095	0.00835083
-647.98286762	0.00660835
-647.94953429	0.00473167
-647.91620095	0.00262446
-647.88286762	0.00036721
-647.84953429	-0.00170419
-647.81620096	-0.00338329
-647.78286762	-0.00460827
-647.74953429	-0.00548870
-647.71620096	-0.00628378
-647.68286762	-0.00707664
-647.64953429	-0.00813847
-647.61620096	-0.00938584
-647.58286762	-0.01088715
-647.54953429	-0.01238023
-647.51620096	-0.01388039
-647.48286763	-0.01535197
-647.44953429	-0.01676418
-647.41620096	-0.01835716
-647.38286763	-0.02004268
-647.34953429	-0.02171528
-647.31620096	-0.02328374
-647.28286763	-0.02475881
-647.24953429	-0.02600489
-647.21620096	-0.02678929
-647.18286763	-0.02729192
-647.14953429	-0.02747181
-647.11620096	-0.02725191
-647.08286763	-0.02649174
-647.04953430	-0.02513048
-647.01620096	-0.02305580
-646.98286763	-0.02040776
-646.94953430	-0.01731967
-646.91620096	-0.01407386
-646.88286763	-0.01074144
-646.84953430	-0.00767622
-646.81620096	-0.00489018
-646.78286763	-0.00240112
-646.74953430	-0.00009383
-646.71620096	0.00194895
-646.68286763	0.00390180
-646.64953430	0.00569946
-646.61620097	0.00740026
-646.58286763	0.00885715
-646.54953430	0.01033203
-646.51620097	0.01174761
-646.48286763	0.01307959
-646.44953430	0.01446723
-646.41620097	0.01556883
-646.38286763	0.01648191
-646.34953430	0.01698814
-646.31620097	0.01708897
-646.28286763	0.01670206
-646.24953430	0.01578158
-646.21620097	0.01442021
-646.18286764	0.01269220
-646.14953430	0.01061341
-646.11620097	0.00838025
-646.08286764	0.00600894
-646.04953430	0.00358842
-646.01620097	0.00110474
-645.98286764	-0.00143151
-645.94953430	-0.00394301
-645.91620097	-0.00644131
-645.88286764	-0.00896562
-645.84953430	-0.01133269
-645.81620097	-0.01367434
-645.78286764	-0.01594735
-645.74953431	-0.01823029
-645.71620097	-0.02055860
-645.68286764	-0.02287616
-645.64953431	-0.02512354
-645.61620097	-0.02722762
-645.58286764	-0.02908499
-645.54953431	-0.03075557
-645.51620097	-0.03213512
-645.48286764	-0.03313946
-645.44953431	-0.03394156
-645.41620098	-0.03426814
-645.38286764	-0.03439632
-645.34953431	-0.03397289
-645.31620098	-0.03308489
-645.28286764	-0.03161213
-645.24953431	-0.02939903
-645.21620098	-0.02667939
-645.18286764	-0.02323861
-645.14953431	-0.01953427
-645.11620098	-0.01559181
-645.08286764	-0.01182472
-645.04953431	-0.00836266
-645.01620098	-0.00527150
-644.98286765	-0.00285110
-644.94953431	-0.00075249
-644.91620098	0.00068025
-644.88286765	0.00168827
-644.84953431	0.00217100
-644.81620098	0.00241800
-644.78286765	0.00218504
-644.74953431	0.00155816
-644.71620098	0.00066319
-644.68286765	-0.00066684
-644.64953431	-0.00223741
-644.61620098	-0.00419073
-644.58286765	-0.00621221
-644.54953432	-0.00825401
-644.51620098	-0.01016217
-644.48286765	-0.01193138
-644.44953432	-0.01321691
-644.41620098	-0.01426410
-644.38286765	-0.01499212
-644.34953432	-0.01545154
-644.31620098	-0.01574365
-644.28286765	-0.01583342
-644.24953432	-0.01581820
-644.21620098	-0.01547557
-644.18286765	-0.01489395
-644.14953432	-0.01406914
-644.11620099	-0.01301244
-644.08286765	-0.01169893
-644.04953432	-0.01033134
-644.01620099	-0.00904127
-643.98286765	-0.00789901
-643.94953432	-0.00715392
-643.91620099	-0.00670821
-643.88286765	-0.00676405
-643.84953432	-0.00732219
-643.81620099	-0.00813686
-643.78286765	-0.00942126
-643.74953432	-0.01097403
-643.71620099	-0.01255948
-643.68286766	-0.01409731
-643.64953432	-0.01547499
-643.61620099	-0.01661365
-643.58286766	-0.01749513
-643.54953432	-0.01813876
-643.51620099	-0.01842837
-643.48286766	-0.01853812
-643.44953432	-0.01831129
-643.41620099	-0.01770009
-643.38286766	-0.01661368
-643.34953433	-0.01508364
-643.31620099	-0.01287544
-643.28286766	-0.01016616
-643.24953433	-0.00708701
-643.21620099	-0.00365224
-643.18286766	-0.00003467
-643.14953433	0.00371977
-643.11620099	0.00771279
-643.08286766	0.01170199
-643.04953433	0.01593569
-643.01620099	0.02008055
-642.98286766	0.02403820
-642.94953433	0.02754381
-642.91620100	0.03043641
-642.88286766	0.03251918
-642.84953433	0.03382468
-642.81620100	0.03419304
-642.78286766	0.03373003
-642.74953433	0.03246657
-642.71620100	0.03041974
-642.68286766	0.02745362
-642.64953433	0.02368720
-642.61620100	0.01930026
-642.58286766	0.01449477
-642.54953433	0.00946332
-642.51620100	0.00453928
-642.48286767	-0.00022185
-642.44953433	-0.00487738
-642.41620100	-0.00920697
-642.38286767	-0.01329361
-642.34953433	-0.01690672
-642.31620100	-0.01985877
-642.28286767	-0.02201081
-642.24953433	-0.02306913
-642.21620100	-0.02322127
-642.18286767	-0.02245575
-642.14953433	-0.02081747
-642.11620100	-0.01851621
-642.08286767	-0.01556688
-642.04953434	-0.01193348
-642.01620100	-0.00778000
-641.98286767	-0.00330056
-641.94953434	0.00127456
-641.91620100	0.00565870
-641.88286767	0.00942458
-641.84953434	0.01251814
-641.81620100	0.01463120
-641.78286767	0.01574640
-641.74953434	0.01596083
-641.71620100	0.01524141
-641.68286767	0.01376422
-641.64953434	0.01168803
-641.61620101	0.00919259
-641.58286767	0.00649726
-641.54953434	0.00382042
-641.51620101	0.00139175
-641.48286767	-0.00057684
-641.44953434	-0.00202164
-641.41620101	-0.00290706
-641.38286767	-0.00322524
-641.34953434	-0.00313649
-641.31620101	-0.00268956
-641.28286768	-0.00200391
-641.24953434	-0.00115162
-641.21620101	-0.00027758
-641.18286768	0.00056476
-641.14953434	0.00127810
-641.11620101	0.00184322
-641.08286768	0.00219551
-641.04953434	0.00232780
-641.01620101	0.00227169
-640.98286768	0.00205076
-640.94953434	0.00172350
-640.91620101	0.00133072
-640.88286768	0.00092129
-640.84953435	0.00052988
-640.81620101	0.00018576
-640.78286768	-0.00008171
-640.74953435	-0.00027049
-640.71620101	-0.00037600
-640.68286768	-0.00041193
-640.64953435	-0.00039561
-640.61620101	-0.00034002
-640.58286768	-0.00026290
-640.54953435	-0.00018108
-640.51620101	-0.00009463
-640.48286768	-0.00001895
-640.44953435	0.00004059
-640.41620102	0.00008535
-640.38286768	0.00011692
-640.34953435	0.00012688
-640.31620102	0.00012319
-640.28286768	0.00010778
-640.24953435	0.00008481
-640.21620102	0.00005974
-640.18286768	0.00003904
-640.14953435	0.00002348
-640.11620102	0.00001321
-640.08286768	0.00000703
-640.04953435	0.00000327
-640.01620102	0.00000093
-639.98286769	0.00000000
