$SPEC_ID:
No sample description was entered.
$SPEC_REM:
DET# 1
DETDESC# MYON MCB 337
AP# Maestro Version 6.06
$DATE_MEA:
10/16/2023 14:23:40
$MEAS_TIM:
252942 252943
$DATA:
0 511
       0
       0
       0
       3
      14
      12
      23
      18
      21
      21
      20
      18
      17
      15
      19
      16
      17
      14
      20
      12
      15
      15
      19
      22
      14
      18
      11
      14
      11
      10
       8
       5
      10
      11
      15
      12
      10
      11
      16
       5
       8
      13
       6
       8
       8
      15
      11
      11
      16
       4
       9
      11
      11
      11
      13
      16
      11
      10
       5
       5
      11
      11
       4
      13
       5
       4
       5
       6
      11
       6
       7
      11
       9
       5
       8
       3
       2
       3
      10
       5
       8
       5
       4
       7
       4
       7
       8
      10
       3
       5
      10
       6
       6
      10
       6
      10
       5
       7
       6
       8
       9
       3
       3
       5
       7
       3
       5
       2
       5
       2
       8
       3
       5
       8
       5
       9
      10
      10
       2
       4
       6
       7
       9
       8
       3
       2
       6
       6
       8
       5
       6
       6
       4
       4
       4
       4
       4
       3
       5
       8
       3
       3
       4
       6
       6
       5
       5
       4
       2
       5
       3
       2
       3
       2
       1
       4
       3
       5
       4
       3
       3
       2
       4
       4
       2
       3
       2
       3
       3
       2
       4
       1
       2
       3
       2
       4
       3
       1
       1
       4
       6
       2
       3
       4
       0
       0
       3
       2
       2
       3
       1
       3
       2
       3
       4
       2
       1
       1
       5
       2
       2
       2
       2
       2
       0
       3
       3
       2
       2
       0
       0
       2
       3
       2
       4
       3
       7
       2
       0
       1
       3
       1
       1
       3
       2
       1
       6
       0
       1
       4
       6
       2
       3
       1
       3
       3
       0
       5
       1
       0
       1
       1
       1
       2
       4
       2
       3
       2
       1
       2
       0
       3
       1
       2
       0
       0
       2
       0
       3
       0
       5
       2
       4
       1
       1
       3
       2
       2
       2
       2
       1
       1
       2
       0
       1
       1
       0
       3
       0
       0
       1
       2
       1
       1
       0
       0
       0
       0
       0
       2
       1
       2
       2
       1
       0
       4
       0
       0
       0
       0
       0
       0
       1
       2
       2
       0
       2
       0
       1
       0
       0
       2
       1
       3
       1
       1
       1
       1
       0
       1
       1
       0
       1
       0
       2
       1
       0
       2
       1
       0
       0
       0
       0
       0
       0
       0
       1
       0
       0
       0
       0
       0
       0
       1
       1
       1
       0
       0
       2
       0
       1
       0
       0
       2
       0
       0
       1
       0
       1
       1
       0
       1
       1
       3
       0
       1
       0
       0
       1
       0
       1
       1
       0
       0
       0
       1
       1
       1
       0
       0
       1
       1
       0
       0
       1
       0
       0
       1
       3
       0
       0
       0
       1
       2
       0
       0
       3
       0
       0
       0
       0
       0
       1
       1
       2
       2
       0
       1
       1
       0
       0
       0
       0
       1
       3
       1
       0
       0
       1
       1
       0
       0
       0
       0
       2
       0
       0
       0
       1
       0
       1
       0
       1
       0
       0
       0
       0
       0
       0
       0
       0
       0
       0
       0
       0
       0
       0
       0
       0
       0
       0
       0
       0
       0
       0
       0
       0
       0
       0
       0
       0
       0
       0
       0
       0
       0
       0
       0
       0
       0
       0
       0
       0
       0
       0
       0
       0
       0
       0
       0
       0
       0
       0
       0
       0
       0
       0
       0
       0
       0
       0
       0
       0
       0
       0
       0
       0
       0
       0
       0
       0
       0
       0
       0
       0
       0
       0
       0
       0
       0
       0
       0
$ROI:
0
$PRESETS:
None
0
0
$ENER_FIT:
-2.326062 0.088583
$MCA_CAL:
3
-2.326062E+000 8.858320E-002 -1.636990E-004 micr
$SHAPE_CAL:
3
0.000000E+000 0.000000E+000 0.000000E+000
