#$SPEC_ID:
#No sample description was entered.
#$SPEC_REM:
#DET# 7089150
#DETDESC# PRAKTIKUM 926
#AP# Maestro Version 7.01
#$DATE_MEA:
#01/13/2002 03:13:02
#$MEAS_TIM:
#71609 71621
#$DATA:
#0 8191
       0
       0
       0
       0
       0
       0
       0
       0
       0
       0
       0
       0
       0
       0
       0
       0
       0
       0
       0
       0
       0
       0
       0
       0
       0
       0
       0
       0
       0
       0
       0
       0
       0
       0
       0
       0
       0
       0
       0
       0
       0
       0
       0
       0
       0
       0
       0
       0
       0
       0
       0
       0
       4
      18
      41
     122
     160
     179
     205
     227
     203
     237
     194
     184
     175
     201
     184
     183
     166
     201
     193
     184
     177
     181
     174
     181
     172
     155
     157
     157
     163
     174
     165
     183
     171
     153
     172
     153
     175
     143
     159
     158
     149
     169
     130
     154
     127
     141
     142
     147
     142
     140
     144
     116
     149
     122
     140
     152
     134
     135
     130
     136
     118
     160
     128
     143
     125
     129
     127
     120
     124
     137
     111
     132
     119
      97
     119
     130
     122
     116
      97
     125
      96
     132
     105
     125
     124
     115
     117
     119
     131
     134
     120
     115
     125
     132
     119
     109
     133
     127
     119
     131
     109
     101
      99
     120
     111
      98
      93
     117
     108
     112
     100
     106
      96
     105
      94
     110
     106
     106
     105
     102
     115
     111
     114
     110
      98
     117
     111
     101
      97
     103
      75
     119
      98
     107
      95
     106
     101
     103
      93
     115
     131
     102
      98
     109
     113
     121
     119
      70
      82
     108
      96
      91
      96
     109
     105
     110
     114
      95
      81
      99
      94
     101
      92
      97
      93
      91
     103
      95
      83
      95
     102
      92
     110
      94
      75
     104
      98
      95
      96
      90
      99
      91
     102
      83
      81
      93
      74
      84
      89
      85
      78
      78
      91
      89
     104
      94
     101
      90
      83
      84
     102
      83
      83
      85
      84
      86
      91
      98
     100
      94
      96
     114
     113
      87
      87
      99
      84
     109
      92
      88
      76
     107
      88
      97
      96
      84
      88
      87
      91
     104
      95
      85
      75
      90
      86
      78
      90
      96
      97
      74
      77
      92
      83
      87
      94
      96
      92
      89
      72
      84
      87
      93
     106
     114
      94
     101
     103
     112
     107
     113
      99
     109
      89
     105
      89
     102
      99
      81
      91
     101
      97
      96
     126
     106
      92
      88
      99
      98
      99
      85
     111
      81
     108
      89
     105
     104
     117
     118
      75
     103
      94
      92
      85
     102
      91
     109
     107
      91
      81
      98
     104
     111
     106
     128
     143
     143
     147
     151
     139
     138
     117
     133
     137
     134
     168
     193
     192
     192
     208
     197
     148
     149
     131
     139
     103
     115
     117
     117
     115
     101
     107
     120
     104
     107
      93
     101
     113
     104
     109
      94
     126
     112
     117
     104
     101
     107
     106
     100
     103
     112
     113
     111
     112
     120
     119
     132
     110
     103
     110
     144
     141
     155
     151
     155
     157
     157
     135
     126
     120
     131
     122
     117
     125
     119
     113
     134
     132
     110
     135
     115
     119
     126
     127
     107
     132
     125
     119
     131
     139
     116
     126
     129
     114
     118
     123
     116
     110
     116
     164
     157
     173
     178
     177
     147
     152
     151
     120
     135
     108
     127
     120
     128
     128
     115
     110
     112
     112
     136
     105
     108
     121
     131
     113
     121
     114
     134
     137
      97
     109
     136
     122
     125
     125
     124
     128
     109
     111
     125
     113
     113
     116
      97
     126
     100
     108
     134
     122
     119
      95
     142
     134
     124
     126
     129
     116
     125
     124
     122
     114
     116
     119
     126
     120
     112
     134
     135
     128
     126
     150
     131
     133
     115
     128
     126
     112
     111
     127
     129
     113
     122
     135
     108
     121
     116
     136
     119
     122
     137
     130
     114
     119
     129
     126
     109
     133
     141
     133
     135
     115
     136
     125
     139
     119
     126
     123
     132
     115
     129
     133
     135
     143
     114
     132
     128
     134
     138
     132
     114
     137
     132
     114
     139
     125
     114
     140
     144
     150
     151
     123
     114
     132
     125
     150
     124
     113
     121
     135
     151
     137
     128
     138
     129
     150
     136
     124
     140
     126
     121
     137
     138
     130
     126
     126
     139
     132
     121
     135
     133
     143
     121
     126
     125
     121
     137
     135
     112
     128
     153
     127
     140
     127
     137
     151
     129
     131
     131
     128
     148
     140
     124
     119
     131
     133
     102
     142
     111
     128
     120
     124
     131
     143
     104
     139
     116
     151
     117
     122
     110
     125
     133
     136
     125
     129
     134
     122
     151
     119
     130
     138
     135
     124
     144
     130
     125
     128
     121
     121
     131
     125
     131
     123
     110
     110
     101
     139
     110
     126
     104
     140
     141
     138
     122
     135
     116
     125
     136
     127
     145
     125
     106
     117
      97
     122
     123
     131
     132
     141
     126
     132
     157
     145
     134
     126
     124
     114
     122
     115
     142
     117
     114
     114
     147
      97
     130
     141
     124
     130
     112
     113
     110
     128
     115
     117
     140
     145
     126
     129
     127
     128
     106
     117
     112
     120
      99
     102
     122
     114
     113
     113
     116
     138
     111
     125
     109
     138
     133
     133
     127
     143
     128
     120
     131
     125
     111
     133
     128
     113
     130
     128
     125
     112
     136
     121
     124
     102
     115
      90
     117
     108
     115
     121
     125
     130
     110
     119
     114
     113
     107
     110
     120
     125
     114
     102
     141
     127
     109
     114
     110
     117
     114
     118
     115
     114
      95
     110
     100
     121
     106
     117
     128
     123
     112
     109
     113
     110
     122
     126
     121
     111
     119
     107
     115
     102
     102
      96
     117
     113
     112
      99
     102
     123
     101
     127
     111
     126
     100
     108
     113
     124
     117
     126
     124
     103
     106
     120
      98
     106
     117
     110
     118
     106
     108
     100
      99
      99
     108
     132
     122
     128
     103
     110
     117
     111
     119
     104
     105
     101
     113
     104
     109
     110
     100
     113
     117
     120
     100
     110
     113
      98
     104
     136
     100
      93
      98
     103
     118
      97
     114
     109
     109
     107
      97
     105
     110
     125
      91
     101
      96
     106
     105
     103
     115
     119
      90
      95
     107
     133
     105
     131
     107
     140
     134
     152
     129
     111
     124
     121
     103
     112
      94
     102
     108
     109
     102
      97
     108
      87
      95
     103
      84
      81
     106
      90
     108
     107
      88
      87
      95
     103
      96
     106
     107
      92
      98
     101
     105
     103
      96
     112
      97
      89
     112
      96
     105
      94
      90
     108
     103
      78
     100
     115
      88
      84
      84
      93
      99
     111
     103
     119
      96
      87
      86
     100
      97
      83
      91
      76
      87
      96
      99
      99
      94
      77
      98
      96
      95
     102
     107
      87
      86
     112
      87
      87
     102
     120
      95
      87
      80
      97
     107
     101
      88
     104
      89
      94
      86
     109
      85
     108
     108
     103
      95
      94
      95
      84
      96
      84
      90
      85
      80
      89
      86
      78
      96
      90
      99
      96
      84
     110
      85
     101
     108
      97
     101
      84
      79
      91
      85
      83
      95
      81
      92
      79
      87
      86
      84
      82
      82
     110
      96
      90
      93
      95
      93
      72
      81
      78
      95
      77
      86
      81
      79
      97
      91
      95
      80
      78
      89
      82
      92
      75
      94
      77
      85
      88
     105
      84
      94
      75
      87
      80
      75
      77
      83
      72
      81
      91
      93
      89
      83
      83
      60
      89
      80
      81
      85
      90
      85
      75
      92
      79
      83
      89
      85
      77
      87
      83
      87
      72
      80
      83
      92
      68
      62
      80
      89
      84
      91
      92
      94
      73
      70
      80
      71
      85
      74
      73
      99
      88
      72
      64
      75
      75
      67
      69
      79
      85
      76
      81
      77
      79
      59
      71
      74
      80
      82
      66
      67
      82
      82
      83
      78
      72
      81
      63
      68
      62
      73
      80
      89
      95
      90
     117
     109
     113
     132
     132
     119
     103
     112
      78
      70
      80
      77
      76
      95
      85
      80
      93
      83
      80
      85
      81
      96
      74
      72
      57
      74
      72
      72
      65
      68
      64
      61
      55
      66
      66
      69
      71
      68
      77
      64
      82
      79
      91
      75
      87
      87
      70
      70
      73
      58
      97
      68
      68
      78
      75
      63
      65
      52
      59
      51
      54
      67
      52
      60
      52
      58
      61
      60
      66
      59
      62
      64
      59
      72
      61
      62
      45
      60
      79
      57
      54
      62
      64
      60
      68
      63
      65
      68
      67
      65
      55
      69
      54
      58
      64
      58
      70
      75
      68
      66
      66
      72
      48
      60
      56
      50
      56
      73
      66
      56
      60
      64
      55
      59
      57
      75
      74
      54
      68
      68
      55
      69
      73
      55
      57
      58
      60
      53
      53
      51
      65
      67
      58
      59
      54
      62
      59
      54
      56
      70
      65
      56
      65
      64
      58
      45
      50
      55
      59
      54
      62
      65
      66
      61
      76
      72
      70
      66
      67
      62
      75
      67
      51
      59
      57
      44
      58
      50
      44
      75
      61
      64
      53
      47
      46
      63
      67
      61
      50
      65
      55
      61
      64
      68
      60
      51
      57
      61
      57
      70
      64
      44
      53
      67
      69
      47
      40
      59
      53
      70
      53
      51
      48
      48
      65
      52
      43
      59
      61
      49
      45
      53
      46
      51
      34
      53
      60
      60
      52
      72
      50
      48
      40
      62
      63
      55
      67
      58
      54
      43
      66
      58
      51
      61
      52
      56
      53
      47
      56
      55
      62
      56
      54
      63
      53
      59
      44
      54
      51
      50
      49
      55
      37
      57
      64
      51
      49
      43
      48
      53
      50
      42
      54
      49
      62
      54
      48
      40
      57
      56
      59
      60
      59
      64
      89
      78
      71
      76
      73
      70
      65
      58
      57
      62
      47
      51
      49
      45
      48
      64
      46
      47
      55
      50
      53
      47
      57
      48
      63
      51
      52
      44
      29
      61
      56
      49
      35
      44
      49
      43
      46
      34
      38
      43
      56
      38
      53
      44
      44
      46
      45
      40
      52
      61
      44
      47
      44
      51
      58
      44
      53
      39
      50
      47
      39
      47
      57
      42
      43
      48
      41
      55
      34
      46
      33
      34
      59
      45
      41
      48
      52
      45
      44
      51
      46
      44
      38
      44
      61
      42
      51
      41
      58
      51
      46
      52
      47
      55
      38
      55
      33
      49
      43
      65
      44
      42
      47
      37
      52
      52
      45
      44
      46
      51
      27
      56
      33
      37
      43
      43
      38
      34
      34
      46
      50
      49
      44
      41
      45
      48
      44
      43
      45
      46
      58
      48
      33
      55
      43
      51
      47
      41
      40
      52
      45
      47
      51
      43
      44
      46
      39
      41
      54
      44
      43
      35
      32
      54
      60
      47
      44
      41
      38
      54
      52
      57
      33
      49
      48
      31
      51
      51
      41
      37
      39
      45
      43
      42
      46
      51
      44
      42
      45
      40
      37
      44
      40
      39
      44
      38
      35
      45
      45
      46
      50
      48
      37
      39
      39
      47
      35
      48
      38
      34
      43
      29
      50
      54
      44
      47
      56
      56
      42
      49
      45
      39
      54
      44
      41
      50
      27
      46
      36
      45
      44
      42
      40
      35
      37
      41
      43
      42
      44
      44
      40
      35
      33
      31
      32
      40
      33
      35
      39
      36
      43
      32
      37
      38
      37
      42
      36
      39
      40
      40
      29
      53
      40
      27
      39
      40
      50
      35
      44
      50
      34
      32
      53
      36
      31
      35
      34
      50
      55
      49
      53
      64
      61
      73
      63
      62
      81
      54
      45
      43
      44
      48
      26
      44
      34
      26
      29
      42
      45
      36
      32
      41
      48
      36
      51
      55
      41
      37
      32
      35
      42
      33
      36
      38
      37
      48
      33
      37
      39
      32
      34
      48
      39
      29
      32
      34
      45
      46
      35
      43
      37
      34
      34
      37
      25
      31
      31
      39
      44
      27
      34
      43
      49
      30
      33
      33
      41
      36
      35
      31
      32
      41
      27
      34
      34
      37
      39
      26
      46
      30
      51
      38
      38
      37
      37
      37
      37
      42
      35
      31
      36
      48
      31
      33
      33
      39
      31
      41
      46
      29
      34
      37
      44
      35
      36
      45
      33
      37
      25
      24
      35
      39
      39
      39
      31
      38
      29
      35
      40
      38
      39
      38
      37
      35
      26
      36
      43
      41
      38
      36
      33
      34
      31
      36
      33
      30
      41
      23
      31
      30
      28
      38
      25
      32
      37
      26
      33
      26
      35
      39
      38
      34
      23
      42
      27
      41
      36
      34
      36
      37
      32
      36
      37
      38
      21
      34
      36
      33
      33
      39
      38
      43
      42
      34
      41
      38
      36
      30
      37
      32
      32
      31
      29
      28
      34
      22
      31
      30
      30
      36
      38
      33
      35
      32
      33
      37
      31
      35
      23
      35
      27
      28
      29
      33
      38
      36
      27
      38
      26
      39
      23
      27
      28
      27
      25
      36
      33
      30
      27
      33
      25
      30
      24
      29
      36
      29
      30
      31
      33
      52
      41
      35
      28
      29
      32
      36
      39
      31
      25
      34
      36
      28
      31
      37
      42
      29
      34
      26
      21
      41
      32
      28
      31
      24
      23
      30
      26
      25
      36
      38
      25
      34
      34
      20
      23
      33
      29
      26
      30
      36
      28
      31
      22
      33
      39
      32
      25
      27
      27
      38
      29
      36
      50
      33
      35
      28
      42
      32
      30
      32
      41
      26
      31
      26
      30
      36
      30
      35
      38
      36
      30
      31
      29
      31
      25
      26
      31
      32
      33
      29
      45
      42
      30
      35
      22
      27
      32
      29
      28
      33
      24
      37
      35
      33
      31
      32
      28
      30
      45
      29
      18
      32
      21
      41
      35
      34
      28
      42
      21
      29
      35
      30
      24
      21
      27
      38
      26
      31
      29
      26
      35
      37
      19
      34
      38
      37
      26
      23
      28
      26
      29
      35
      29
      32
      27
      29
      20
      35
      31
      29
      20
      32
      27
      23
      23
      25
      30
      28
      18
      24
      34
      33
      26
      24
      28
      27
      23
      37
      41
      27
      32
      24
      20
      27
      38
      34
      30
      34
      28
      37
      26
      31
      25
      50
      30
      26
      33
      24
      24
      29
      26
      17
      33
      30
      34
      37
      26
      37
      26
      33
      25
      28
      29
      33
      25
      34
      37
      30
      19
      27
      38
      30
      39
      27
      31
      26
      33
      36
      24
      24
      23
      31
      28
      23
      28
      34
      30
      24
      38
      19
      35
      24
      32
      38
      26
      14
      32
      31
      27
      26
      33
      21
      27
      40
      20
      30
      26
      35
      29
      38
      21
      33
      28
      26
      28
      28
      18
      23
      36
      26
      16
      17
      26
      24
      35
      23
      22
      33
      21
      31
      28
      26
      29
      17
      27
      28
      35
      31
      30
      29
      31
      26
      20
      30
      28
      32
      16
      29
      16
      34
      29
      38
      27
      19
      33
      22
      25
      21
      26
      26
      25
      28
      29
      24
      27
      28
      32
      31
      22
      16
      29
      37
      40
      23
      34
      36
      25
      17
      25
      24
      28
      21
      23
      19
      23
      24
      26
      26
      30
      29
      26
      26
      25
      34
      20
      32
      23
      15
      35
      30
      30
      19
      28
      26
      15
      18
      34
      24
      37
      31
      34
      19
      28
      21
      22
      34
      29
      17
      27
      16
      29
      34
      31
      23
      32
      16
      25
      23
      26
      18
      33
      20
      22
      27
      23
      24
      24
      22
      22
      24
      21
      27
      20
      19
      22
      25
      25
      27
      30
      27
      18
      33
      27
      26
      21
      18
      34
      30
      23
      30
      19
      21
      17
      29
      25
      24
      26
      26
      15
      23
      25
      24
      20
      13
      30
      27
      16
      22
      17
      36
      20
      21
      24
      21
      23
      24
      18
      31
      28
      21
      18
      22
      20
      35
      17
      23
      32
      18
      26
      36
      19
      21
      25
      20
      26
      30
      26
      23
      23
      22
      24
      21
      17
      28
      22
      23
      19
      32
      38
      12
      21
      26
      18
      13
      18
      28
      16
      33
      29
      20
      30
      21
      24
      27
      25
      20
      31
      23
      26
      28
      24
      32
      20
      21
      24
      25
      26
      17
      29
      22
      21
      18
      22
      32
      12
      20
      24
      24
      25
      18
      27
      27
      18
      28
      31
      22
      27
      18
      31
      21
      19
      24
      38
      22
      19
      21
      27
      23
      20
      27
      26
      25
      26
      30
      20
      28
      25
      27
      28
      30
      29
      38
      14
      31
      27
      30
      28
      43
      35
      35
      40
      37
      43
      45
      48
      52
      56
      85
      85
      86
      75
      83
      91
      67
      77
      75
      62
      51
      45
      48
      39
      32
      37
      27
      21
      29
      27
      21
      19
      17
      13
      21
      37
      21
      15
      26
      37
      27
      13
      20
      19
      19
      18
      28
      22
      26
      17
      15
      22
      25
      24
      19
      22
      22
      26
      27
      20
      22
      28
      14
      25
      21
      17
      25
      19
      25
      21
      20
      24
      23
      31
      24
      17
      19
      38
      29
      13
      22
      21
      25
      17
      18
      27
      21
      19
      16
      21
      20
      23
      27
      24
      26
      24
      18
      19
      30
      24
      20
      24
      27
      22
      17
      17
      20
      17
      11
      15
      23
      25
      27
      20
      29
      15
      20
      17
      21
      28
      22
      11
      21
      19
      24
      26
      19
      35
      23
      26
      15
      24
      32
      19
      17
      18
      19
      25
      22
      30
      19
      17
      20
      22
      20
      11
      19
      21
      25
      23
      26
      16
      26
      18
      20
      17
      20
      14
      22
      28
      29
      20
      23
      28
      17
      17
      12
      31
      14
      17
      18
      19
      19
      22
      17
      21
      12
      22
      19
      20
      17
      24
      20
      15
      25
      19
      16
      16
      24
      26
      25
      19
      22
      15
      18
      20
      25
      22
      18
      22
      20
      14
      23
      23
      19
      19
      19
      19
      14
      24
      31
      19
      16
      14
      17
      18
      21
      21
      17
      24
      18
      21
      30
      17
      23
      14
      20
      14
      23
      18
      22
      20
      21
      19
      18
      15
      17
      21
      22
      24
      17
      13
      14
      23
      21
      22
      23
      17
      22
      32
      17
      14
      22
      23
      19
      30
      11
      18
      26
      29
      17
      24
      22
      15
      15
      23
      18
      26
      15
      15
      13
      26
      25
      18
      13
      19
      24
      23
      11
      16
      19
      17
      25
      10
      17
      19
      21
      18
      19
      13
      22
      25
      24
      14
      19
      22
      18
      17
      15
      19
      11
      23
      25
      24
      21
      15
      10
      28
      24
      22
      13
      22
      22
      24
      20
      18
      23
      10
      16
      23
      22
      20
      23
      27
      24
      15
      27
      24
      15
      19
      25
      22
      17
      21
      17
      19
      17
      23
      17
      17
      17
      26
      30
      30
      20
      19
      26
      22
      19
      32
      19
      22
      14
      26
      27
      21
      20
      26
      26
      34
      34
      45
      38
      43
      32
      25
      24
      28
      36
      22
      20
      29
      21
      19
      15
      14
      12
      18
      19
      28
      20
      23
      24
      18
      21
      22
      13
      22
      16
      23
      23
      27
      18
      13
      11
      23
      12
      19
      18
      12
      15
      23
      21
      19
      18
      27
      11
      21
      24
      24
      33
      24
       9
      15
      20
      20
      12
      17
      22
      21
      19
      16
      26
      13
      13
      16
      25
      24
      17
      29
      19
      14
      13
      24
      20
      17
      18
      22
      14
      22
      18
      29
      25
      18
      15
      22
      21
      16
      20
      26
      18
      21
      17
      16
      22
      16
      10
      13
      11
      14
      24
      15
      18
      18
      20
      18
      19
      24
      17
      17
      18
      18
      12
      24
      22
      13
      20
      19
      28
      27
      29
      34
      33
      47
      49
      49
      55
      46
      62
      45
      40
      32
      30
      39
      28
      17
      20
      15
      12
      15
      18
      12
      24
      13
      15
      14
      15
      19
      19
      16
      15
      19
      17
      25
      21
      24
      12
      23
      16
      10
      23
      25
      25
      17
      15
      23
      12
      18
      19
      20
      22
      19
      16
      20
      11
      15
      28
      20
      15
      15
      12
      17
      18
      25
      17
      19
      24
      17
      15
      13
      13
      13
      20
      25
      25
      24
      12
      15
      16
      19
      19
      13
      14
      22
      22
      18
      16
      22
      18
       6
      20
      21
      24
      25
      21
      15
      15
      13
      17
       8
      15
      14
      17
      16
      15
      21
      26
      11
      19
      18
      13
      16
      12
      22
      32
      16
      18
      18
      15
      17
      29
      16
      15
      13
      23
       8
      28
      18
      13
      18
      23
      16
      11
      17
      15
      22
      14
      15
      15
      14
      18
      12
      20
      11
      20
      31
      19
      13
      16
      21
      15
      16
      16
      13
      20
      18
      18
      14
      12
      18
      12
      17
      16
      19
      13
      24
      12
      17
      13
      17
      19
      24
      23
      16
      11
      16
      17
      15
      20
      16
      22
      20
      16
      15
      26
      22
      14
      12
       7
      13
      18
      18
      20
      14
      22
      21
      12
      13
      22
      13
       9
      24
      15
      12
      14
      14
      19
      11
      17
      14
      17
      25
      13
      29
      21
      17
      24
       9
      13
      20
      13
      21
      15
      13
      14
      14
      19
      18
      14
      18
      25
      12
      18
      14
      18
      17
      25
      21
       9
      14
      21
      18
      21
      25
      18
      18
      12
      22
      14
      15
      11
      17
      25
      13
      24
      26
      28
      25
      25
      36
      25
      33
      28
      19
      25
      20
      21
      24
      13
      15
      18
      12
      12
      17
      15
      19
      17
      18
      14
      19
      18
      16
      14
      19
      17
      15
      13
      19
      16
      19
      19
      14
      17
      15
      19
      12
       7
      21
      16
      17
      15
      17
      20
      20
      20
      11
      16
      15
      28
      15
      19
      14
      18
      20
      13
      12
      11
      13
      16
      14
      15
      16
      10
      20
      13
      12
      13
      17
       9
      10
      23
      16
      18
      14
      18
      14
      13
      17
      14
       8
      14
      18
      12
      15
      16
      16
      19
      13
      16
      13
      20
      17
      14
      19
      16
      19
      21
      22
      19
      11
      18
      12
      13
      22
      19
      27
      15
      20
      16
      11
      17
       9
      13
      11
      12
      18
      17
      17
      21
      18
      17
      20
      17
      25
      17
      16
      10
       8
      16
       7
      13
      17
      16
      20
      20
      18
      14
      16
      14
      11
      20
      12
      27
      15
      20
      14
      12
      21
      14
       6
      14
      22
      23
      12
      12
      17
      12
      21
      23
      13
      18
      12
      16
      14
      20
      18
      12
      19
      12
      19
      10
      17
      14
      19
      21
      19
      26
       6
      19
      14
      20
      18
      18
      17
      13
      16
      15
      13
       7
      15
      11
      18
      18
      13
      15
       9
      18
      14
      15
      16
      11
      22
      22
      21
       9
      23
      12
      25
      17
      11
      16
      14
      15
      11
      19
      10
      12
      16
      22
      22
      21
      13
      15
      19
      18
      20
      15
      18
      19
      18
      18
      18
      10
      20
      17
      15
      21
      16
      17
       7
      11
      12
      12
      16
      17
      20
      23
      15
      17
      10
      12
      18
      15
      15
      15
      21
      19
      14
      15
      17
      15
       9
      17
      11
      17
      16
      14
      14
      15
      18
      11
      13
      22
      20
      18
      10
      16
      23
      20
      13
      16
      12
      15
      18
      12
      12
      13
      22
      11
      16
      19
      15
      17
      13
      12
      11
      14
      11
      12
      15
      16
      10
      24
      13
      11
      19
      16
      16
      23
      23
      15
      15
      21
      12
      14
      24
      22
      15
      17
      13
      13
      16
      11
      13
      14
      11
      12
      25
       8
      21
      18
       9
      12
      20
       9
      11
       9
      13
      10
       8
      11
      25
      15
      15
       9
      16
       9
      18
      15
      12
      14
      23
      15
      11
       9
      19
      16
      13
       9
      17
      21
      19
      16
      18
      17
      17
      12
      15
      14
      15
      15
       9
      18
      18
      14
      18
      17
      13
      14
      18
      15
      16
      15
      13
      12
      18
      20
      23
      14
      12
      12
      17
      21
      15
      24
      19
       8
      16
      16
      19
      13
      11
      12
      12
      13
       9
      11
      11
      15
      10
      13
      12
       9
      10
      18
      15
      16
      19
      20
      13
      15
      11
      16
      18
      15
      12
      16
      12
      19
      14
      13
      15
      21
      13
      15
      13
      10
      11
      12
      14
      11
      16
      15
      15
      11
      14
      13
      16
      19
       9
      19
      18
      15
      18
      13
      13
      17
      15
      12
      16
      13
      13
      12
      13
       8
      16
      15
       7
      19
      14
       7
       9
      12
      10
      10
       9
      13
      17
      21
      17
      12
      21
      11
      13
      16
      16
      14
      18
      17
       9
      19
      13
      11
      14
      14
      12
      15
      12
      13
      16
      19
      12
      16
      14
      15
      17
       7
      18
      18
      25
      13
       9
      20
      18
      14
      14
      12
      14
      13
      16
      16
      18
      12
      12
      13
      15
      20
      20
      15
      19
      16
      12
      16
      13
      16
      11
      17
      21
      16
      14
      15
       6
      15
      14
      14
      14
      12
      13
      11
      13
      12
       9
       8
      10
      16
      20
      12
      13
      18
      11
      19
      10
      17
      12
      12
      16
      15
       7
      10
      12
       9
      12
      10
      17
      17
      12
      16
      17
      16
      11
      11
      10
      10
      10
      10
      16
      13
      19
      12
       9
      18
      12
      12
      14
      10
      11
      13
       6
      11
      15
      11
      11
      14
      18
      16
      15
      11
      16
      12
       9
      11
      12
      13
      11
      15
      15
      13
      12
      19
       9
       6
       9
      12
      11
      13
      15
       7
      21
       8
      16
       9
      21
      16
      16
      17
      21
       9
      14
      18
      12
      17
       8
      18
      19
      12
      22
      12
      12
      12
      10
      22
      13
      18
      14
      15
      18
      10
      12
      11
      15
      11
      18
      10
       9
      14
      16
      14
      18
      15
      19
      13
       8
      17
      10
      15
       8
      10
       6
      21
      15
      13
      16
      11
      14
      14
      11
      16
      16
       9
       6
      14
      13
       9
      18
      15
      14
       9
      12
       9
      12
      15
      12
      16
      12
       8
       9
      14
      10
      13
       8
      11
      12
      11
      13
      15
      21
      13
      10
       8
      20
       4
      17
      12
      12
      11
      16
      14
       8
      11
      16
      11
      13
      10
      17
      12
      14
      17
      14
      13
      14
       9
      15
       7
      19
      21
       9
      15
      12
       9
      13
      20
      15
      16
       4
      13
      16
      13
      13
      11
      17
      12
      12
       9
      10
      11
      17
       5
       9
      17
      12
      12
       7
      13
      21
      11
       9
      11
      14
      14
      11
      16
      11
      10
       7
       7
       8
      13
      20
      13
      18
      13
      15
      12
      10
      19
      12
       9
      15
      20
       9
      10
       8
       6
       9
       9
       8
       7
      13
      14
      12
      10
      18
      18
      16
      16
      16
      15
       9
      17
      10
      10
      13
       7
      18
      17
       8
      15
      18
      18
      13
      13
      12
      10
       9
      19
      16
      13
      15
      15
      13
       8
      17
      13
      14
      12
      14
      13
      18
      14
      15
      10
      17
      13
      16
      11
      14
       8
      14
       8
      19
      18
      15
       9
       9
      11
      19
      10
      10
      12
       7
      17
      18
      20
      14
      11
      12
       7
       5
      12
      10
      14
      13
       8
       9
       6
      12
      18
      13
       6
      10
       5
      21
      10
      15
       9
      12
      12
      10
      13
      14
      14
      11
      12
      18
      14
      11
      12
      16
      16
      11
       4
      14
      19
      13
      10
      14
      16
      15
      15
       7
      16
      13
      12
       9
      12
      11
       9
      13
      14
      13
      14
      11
      15
      13
      12
      12
      12
      17
       9
      10
      13
      12
      13
      17
      13
      10
       8
      14
      13
       8
      11
       9
      12
      17
      20
      11
       8
      12
      12
      12
      13
      14
      14
      23
      13
      15
      16
      13
      13
       5
      21
       9
      13
      14
      17
      13
      13
      15
       9
      14
       8
      11
      14
      18
       8
      10
      11
      10
      11
      14
      18
      10
       4
      13
      18
       8
      14
      13
      11
      14
      11
       4
       6
       9
      11
      12
      10
       5
      20
      10
      10
      14
      14
      11
      17
      11
      11
      12
       9
      11
      10
      19
       9
      12
       9
       6
      14
       7
       8
      11
      16
       8
      19
      12
      12
      10
      10
      16
       6
       9
      14
      13
      19
      12
      10
       6
      17
      11
      12
       7
      13
      10
       6
       9
      10
      14
      16
       8
      11
       7
      15
       8
      14
       2
      13
       4
       9
      17
      11
      10
      11
      11
       9
      13
      17
      15
      10
      10
      12
      10
       8
       9
      11
      19
      13
       9
       8
       5
       8
      10
      14
      10
       9
       7
      10
       9
      12
       6
      15
      13
       9
      11
      14
       5
      11
      12
      11
      17
      17
      13
      12
      11
      10
      10
      14
      16
      15
      12
      12
      12
       8
       6
      11
      11
      15
       9
      11
       9
       9
       5
       9
      10
       9
      13
      12
      13
       9
      21
      10
       9
       8
      19
      15
       7
       7
      16
       6
      11
      10
      11
      18
      14
      13
      18
      11
       9
      17
      17
       6
      11
      12
      16
      15
      10
      16
      10
      15
      11
      12
      16
      15
       8
      12
      16
      12
      14
      12
      12
       6
       8
      12
      15
      16
      13
       8
      15
      11
      11
      17
      16
      10
      10
      15
      12
      22
       9
      18
      13
      19
      23
      20
      20
      22
      29
      21
      23
      11
      14
      18
      17
      13
      18
      11
      10
       9
       7
       9
      12
       8
       9
       8
      15
      11
      15
      13
       6
      10
       8
       8
      11
       8
       9
      14
      15
       7
       4
      13
      14
      17
      14
      14
      15
      13
      16
      11
      10
       9
       8
       7
       9
       8
      11
      14
      13
      10
       9
      15
      12
       8
      12
      15
      15
       4
      11
       9
      10
      15
      10
      13
      12
      10
      12
      14
      12
      16
      11
      13
      11
      10
      17
      15
      10
      10
       5
       8
       8
      15
      11
      16
      10
      10
      11
      13
       8
       6
       8
      13
      13
       7
       7
       9
      10
      11
      10
       8
       9
      12
      12
      15
      11
      10
      10
      20
      12
      12
       2
      14
      13
      12
       7
      15
      14
      11
       9
       5
      10
       7
      11
      16
      13
      13
      13
      13
      11
       9
      10
      10
       6
       7
       8
      12
      19
      13
      16
      10
      13
       8
      13
      10
      10
       7
      17
      19
      13
      13
       6
      18
       9
      13
       8
      10
      14
       7
      11
       8
       7
       7
      13
       9
      12
       8
      14
      14
       7
       8
       7
      12
       9
      21
      16
      13
      11
      13
      13
      13
      16
       9
      13
      14
      10
      11
      10
      12
       2
       7
      10
       8
      11
      17
      13
       8
      10
      12
      14
      17
       2
       8
       7
      12
       9
      12
      10
      13
      11
       7
       3
       8
      13
      14
      11
      14
       5
      11
      17
      10
       9
      18
      16
      13
       8
      12
      11
      19
       6
       2
       6
      12
      12
      14
      10
      12
      11
      13
      12
      12
       6
      12
      14
       9
      13
       8
       7
      10
      14
       7
      17
       7
      11
      17
      13
      16
      14
       9
      12
      16
      16
      16
      15
       8
      22
      14
      11
       9
      11
      12
      12
      19
      12
      16
      25
      14
      19
      13
      13
      15
      12
      11
      14
      15
      17
      10
       5
      12
      11
       5
       8
       7
       4
       7
       9
       9
       7
      11
       7
      11
      11
      10
      13
       9
      10
      13
      10
       7
      11
      12
      12
       6
      12
       9
       9
       6
       8
      11
      16
      10
       6
       8
      12
       7
      11
       8
       6
      10
       7
      16
       9
      10
      11
      10
      11
       3
      10
       6
      11
       9
      13
       7
      11
      10
      12
      14
      12
      10
       9
       8
      11
       6
       9
      10
       9
      11
      12
      13
       9
      10
      11
      12
       9
       9
      15
       9
      12
       8
       4
      12
      14
       9
      16
      10
       9
      13
      10
      10
      10
      15
      11
       6
       9
       5
       8
      12
       6
       5
      13
      10
       5
      16
      11
       9
      12
      11
       6
       8
      12
       9
      12
      11
      16
      12
      10
      14
      15
      11
      15
      10
      11
      12
       9
      12
       5
       7
       6
      12
       6
       7
      14
      13
      11
      10
       8
      11
      13
       7
      13
      14
       6
      15
      10
      11
      14
      10
      15
      12
      10
       7
      10
      11
       9
       8
      10
      10
      13
       4
      12
      10
      12
      11
       8
      13
       5
      12
       8
       7
      12
      10
       8
       8
      13
      12
      13
      15
       9
       9
       6
       7
       6
      10
       9
      10
      10
      10
       7
       7
       5
      12
      13
      12
       8
       9
       3
      10
      11
      13
       8
      14
       9
      12
      13
       5
       8
      14
       7
      12
      14
      13
      14
       5
       6
      12
      12
       8
      16
      12
       7
      20
       9
      13
       9
      11
       7
      12
       8
      12
       8
      11
      10
       8
       5
      11
       6
       9
      13
      14
       9
      12
       5
      11
      11
       6
      12
       9
       8
       7
      13
       4
      13
       7
       4
       4
       4
       9
       8
      10
       8
      12
      13
       8
       7
      15
      12
      15
      11
       8
      16
       7
      10
       6
       8
      15
       7
       9
       6
      11
      10
      11
      11
      11
       7
       5
       9
       5
       8
      12
      18
       4
       8
       4
      11
       9
       7
       8
      10
      12
      11
       4
      12
      14
       7
       7
      12
       8
       6
      10
       9
      11
      12
      10
       7
      12
      14
      18
       9
       8
      12
       8
       8
       8
       6
      12
       9
       8
       7
      10
       6
      10
      13
       6
      13
       6
       8
      13
       9
      13
      10
       9
      14
      12
      12
      12
      12
      11
      11
      16
       5
       7
      15
      12
       9
       6
      10
      11
      11
       8
      13
      11
      12
       6
      10
      10
       5
       6
      10
      10
       9
      11
       6
       5
      10
      13
       8
      11
      11
      11
       9
       8
       8
       9
       3
      10
      13
       7
      13
       8
      14
       9
      10
       8
      13
       9
      12
       9
      10
      13
       5
      10
      12
      10
      14
       6
       9
      13
       9
       8
       7
      11
      11
      11
      10
       8
      12
      10
       9
      12
      15
      17
      15
      11
       7
       7
      15
      11
       8
       9
      15
      13
      10
      10
       5
       7
       8
      10
      12
      11
       5
       8
       9
       9
       8
      12
      17
      10
       7
       6
       9
      12
       9
       6
       3
      16
       8
       9
      12
       8
      10
       6
      10
      11
       7
       8
      10
       3
      11
      16
       5
       8
      12
       7
      10
       5
       4
      11
       8
       8
      12
       6
      11
      12
       8
      10
       9
       9
      12
      10
       6
       5
      12
       2
       8
      10
      15
      12
       7
      15
      12
       9
       6
      11
       7
       9
      14
       7
       6
       8
       9
      14
       5
      10
       5
       7
      12
       3
       7
       9
       5
       9
      11
      13
       9
       6
       9
       3
      15
       7
       7
      12
      10
      14
       7
       9
      10
       7
       5
      11
       5
       8
       6
      10
      14
       7
       8
      11
      10
       8
       6
       8
      11
       5
      13
       6
       8
      10
      12
       9
      14
       9
       9
       8
      10
      16
       4
      12
       5
      11
      14
       6
      10
       7
       2
      10
      10
      10
       8
       4
       7
       9
      10
       8
       3
       6
       8
      12
      13
       8
      11
       5
       8
      15
      15
       9
      10
       9
      12
       9
      11
      14
      15
      10
       9
       7
      13
       9
      10
       7
       7
      14
       4
       9
      11
      14
       6
      10
      10
       9
       8
       8
      12
       9
      10
       7
       8
      10
       6
      11
      11
       7
       5
       9
       8
       4
       9
       7
      13
       8
      14
       7
      13
       4
      13
       8
       7
      12
      16
       8
      10
      13
      11
       8
      11
       6
       9
      11
       6
       8
       7
       9
       7
      11
       7
       6
       9
      10
       8
      15
      13
       6
      13
      14
      11
       5
      10
      13
       8
       9
      11
       6
       9
      10
      13
      10
       8
       6
      10
      13
       4
       8
      10
      13
       6
       9
      12
      10
      10
       9
      14
      10
       7
      10
       8
      15
       8
      13
      19
       9
      17
      11
      20
      17
      11
      31
      18
      21
      20
      24
      21
      20
      19
      21
      21
      15
      12
      12
      14
       6
       4
      11
      16
      13
      14
      11
       9
       9
       8
       8
       4
       7
       9
       6
      10
      19
       8
       7
       5
      11
       9
       7
       6
       5
       6
       5
      10
       8
      10
      12
      10
      11
      11
       6
       6
       7
       7
      12
      10
       4
      12
       3
       4
       9
      11
       5
       9
       7
      10
       6
       8
       6
       6
       8
      10
      13
      15
      12
      10
      11
       5
      10
       5
       8
       9
       4
      10
      11
      13
       7
       2
       7
       5
       5
      11
       6
      13
       8
       8
       9
      12
       7
       8
       9
       6
       9
       5
       5
       5
       6
       5
       8
       7
       7
       7
      13
      14
      12
      11
       7
       6
       5
      10
       9
      12
      14
       7
      10
       7
       8
       5
      14
       5
       7
       4
       8
      11
      13
       6
      11
       8
       8
      12
       6
       8
      10
       9
      10
      10
      13
       8
       3
       3
      10
      11
       5
       8
       5
       6
      10
      14
      10
      13
       6
       2
       7
       8
      12
      10
      10
       6
       5
       8
      12
       6
      12
       7
       6
      10
      13
      10
       6
       9
       7
       5
      12
      13
      10
       6
       6
       5
      11
       7
      11
       6
      10
       4
       9
      10
      10
       4
      10
       9
      11
       8
       5
       9
       5
       6
      10
      10
       9
      10
       3
      10
      16
       8
       9
      10
      10
      12
       6
       9
      11
       9
       5
       8
       8
      10
       8
       8
       3
       9
      14
       7
      10
      12
       8
      10
       6
       6
       7
      13
       9
      14
      11
      10
       5
      10
       7
       8
       7
      11
      11
       5
       2
      10
       8
      10
       7
      14
       8
       9
       6
       6
       6
      10
      10
       9
       8
      10
      12
      13
      10
       7
       8
       8
       9
      15
       5
       6
      11
      11
       3
       8
       4
      14
       8
      10
      10
      11
      13
       7
      10
       6
      12
      14
      14
      12
       4
      10
       7
       6
       8
       6
      14
      12
      11
       8
      10
      12
      16
      11
      10
       6
      10
       8
      13
      10
       6
      11
       8
       7
      12
       8
       6
       6
      10
       7
       5
      13
      13
       9
       8
       6
       7
       4
       8
       6
       9
      10
       8
      12
      14
      15
       8
       9
       8
      13
       6
      13
      12
      10
       6
       7
       9
      13
      10
       6
      10
      11
       7
      10
       7
       5
       7
       7
       9
       6
       9
      10
      11
       5
      10
      12
       8
       9
       4
       8
      11
       6
      12
       8
       8
       7
      14
      12
       4
       7
       8
       9
       8
      10
       3
       6
       8
       5
       5
       7
       5
      13
       8
       9
       6
       7
       7
       7
      15
       8
       6
       7
      11
       8
       8
       5
       7
      11
       8
       9
       3
      11
      11
       7
      14
       7
      12
       9
      13
      10
      10
       8
       9
      13
       8
      10
      12
      10
      10
      11
      13
       7
       6
      10
       8
       7
      10
      10
      10
      16
      10
       6
      12
       6
       7
       9
       7
      13
      12
       9
      13
       9
       8
       8
      12
       6
       6
       9
       5
       7
       9
      10
      13
       7
       9
      14
       8
      11
       7
       7
      11
      11
      13
       9
      12
       3
      14
       4
       8
      11
      10
       5
      12
       5
       9
       9
      12
      13
       8
       8
       7
       7
       5
      10
       5
       6
       5
       5
       9
      10
      10
       6
       7
      11
      12
      16
       7
       5
       5
      13
       9
       9
       4
       6
      10
       8
       8
      10
      10
      11
      11
       8
       8
      11
       4
       7
       6
       6
      11
       8
      12
       9
       7
       4
       8
       7
       7
      12
       7
       9
       7
       3
       7
       7
      11
       6
      11
       9
       7
       4
       8
       8
      10
       5
      10
       7
       9
      14
      12
       6
      13
      16
       8
       8
       9
      13
      12
      12
      17
      16
       4
      11
       8
      12
      15
      11
       8
       8
       7
       5
       9
       9
       6
       8
      11
       9
       3
       4
       6
       7
       9
       9
      12
       3
       1
       4
       5
       5
       8
       6
       7
       4
       3
       5
       8
       6
       7
       5
       9
       9
       8
       5
       6
       9
      11
       8
       5
      11
       9
       7
       8
       6
       3
       6
       7
       5
       7
       8
       6
       4
       9
       5
       9
       7
       5
       7
      11
       9
      13
       7
       6
       4
       6
       9
      11
       4
       8
       3
       3
       6
       9
       8
       6
       9
       4
       7
       3
       8
       7
       6
       6
       7
      10
       8
       6
       7
      10
       6
       7
       8
       8
       8
       8
       9
       8
       4
       7
       4
       3
       4
       8
       6
       8
       8
      14
       2
       8
       7
       5
       5
       9
       4
       8
      11
       3
       7
       4
       7
       8
      10
       7
       6
       9
       8
      10
       3
       7
       9
       4
       9
       7
       4
      11
       7
       3
       7
      15
       2
       9
       3
       0
       4
       3
       6
       8
       7
       9
       7
       8
       6
       5
       6
       7
       4
       7
       8
       6
       5
       7
       7
       7
       8
       5
       2
       6
       7
       3
       4
       4
       7
       4
       9
      12
       9
       5
       7
       4
       9
       7
      12
       8
       9
      11
       7
       6
       6
       5
       8
      11
      12
       8
       7
      10
       9
       2
       7
       8
       4
       5
       5
       7
       8
       8
       6
       5
       2
      11
       3
       3
      13
       5
      11
       4
      10
       7
       7
       5
       2
       2
       6
       4
       5
       7
       4
       9
       5
       8
       8
       3
       7
       5
       4
       6
       4
       6
       5
       3
      13
       5
       4
       4
       7
       8
       6
       3
      12
       3
       7
       3
       4
       5
       9
       4
       4
       4
      11
       3
       1
      11
       7
       4
       2
       4
       7
       4
       5
       5
       4
       7
       6
       5
       8
       5
       4
       7
       5
       4
       6
       4
       1
       8
       9
       5
       7
       6
       9
       8
      11
       9
       3
      10
       8
       5
       6
       8
       4
       4
      10
       4
       3
       7
      10
       8
       3
       2
       5
      10
       7
       5
       5
      10
       9
       2
       5
       6
       3
       2
       6
       4
      10
       6
       9
       3
       1
       7
       5
       5
       9
       6
       5
       8
       7
       8
       5
       3
       7
       2
       3
       2
       3
       5
       6
       5
       8
       3
       7
       4
       6
       7
       7
       2
       6
       3
       5
       9
       6
      11
       3
       6
       8
       3
       8
       2
       6
       4
       5
       9
       5
       6
       4
       7
       7
       6
       2
       4
       6
       8
       8
       1
       5
       5
       5
       6
       6
       7
       8
       5
       4
       7
       6
       9
       8
       6
       5
       1
       6
       4
       8
       2
       6
       0
       4
       6
       4
       5
       5
       5
       5
       9
       6
       5
       4
       5
       3
       3
       5
       4
       7
      11
       6
      12
       7
       3
       4
       8
      10
       4
       9
       6
       5
       5
       7
       5
       7
       3
       5
       4
       7
       5
       6
       5
       4
       4
       2
       4
       6
       7
       3
       6
       3
       3
       4
       3
       4
       6
       5
       6
       7
       3
       8
       6
       2
       3
       4
       4
      10
       6
       3
       4
       2
       7
       4
       5
       4
       5
       3
       6
       4
       4
       8
       5
       6
       4
       4
       5
       6
       3
       3
       3
       5
       8
       2
       3
       3
      10
       3
       5
       6
       7
       4
       4
       5
       4
       8
       5
       1
       6
       2
       2
       5
       4
       2
       6
       7
       4
       3
       8
       3
       6
       4
       6
       3
       4
       5
       5
       1
       7
       1
       4
       6
       5
       5
       3
       4
       3
       2
       4
       5
       7
       4
       3
       4
       3
       4
       3
       4
       2
       2
       3
       1
       5
       4
       5
       3
       5
       7
       4
       3
       8
       9
       4
       3
       7
       7
       6
       6
       4
       5
       6
       7
       4
       5
       1
       2
       2
       3
       3
       7
       9
       5
       5
       7
       3
       8
       3
       5
       3
       6
       4
       9
       4
       5
       1
       1
       3
       6
       3
       5
       5
       7
       3
       7
       4
       6
       2
       5
       6
       9
       2
       6
       4
       5
       0
       5
       9
       3
       4
       4
       7
       3
       7
      11
       4
       6
       5
       2
       4
       5
       3
       8
       5
       5
       2
       4
       1
       4
       5
       5
       7
       3
       4
       2
       7
       4
       7
       7
       4
       5
       5
       9
      15
       7
       7
       6
       7
       8
       2
       4
      10
       9
       8
      11
      11
       7
       8
       5
       3
       7
       6
       1
       4
       5
       3
       5
       4
       1
       8
       3
       3
       3
       3
       0
       5
       1
       4
       5
       2
       4
       7
       5
       5
       6
       4
       8
       5
       0
      11
       4
       3
       4
       5
       2
       3
       6
       5
       1
       3
       2
       2
       2
       7
       5
       3
       8
       3
       2
       3
       1
       6
       7
       4
       3
       2
       8
       5
       4
       4
       4
       5
       1
       7
       4
       7
       4
       5
       4
       5
       4
       6
       6
       1
       5
       4
       6
       6
       6
       7
       4
       4
       9
       5
       5
       5
       8
       5
       2
       5
       3
       4
       6
       7
       3
       5
      11
       6
       6
       8
       6
       3
       5
       6
       9
       5
       4
       6
       4
       6
       1
       4
       3
       8
       5
       5
       5
       6
       5
       4
       5
       6
       2
       3
       3
       5
       2
       3
       6
       3
       3
       3
       5
       5
       8
       2
       6
      10
       7
       8
       6
       9
       7
       7
       9
       6
       6
       6
       2
       4
       5
       8
       4
       4
       9
       2
       1
       2
       4
       2
       8
       6
       6
       0
       6
       6
       2
       5
       7
       4
       4
       3
       3
       2
       4
       5
       3
       1
       1
       4
       3
       2
       3
       3
       2
       6
       3
       4
       6
       6
       6
       4
       3
       5
       4
       5
       2
       6
       1
       4
       4
       3
       3
       2
       5
       5
       2
       3
       7
       4
       2
       6
       4
       0
       6
       5
       5
       1
       4
       8
       1
       6
       5
       2
       2
       4
       4
       5
       5
       5
       3
       6
       3
       0
       3
       7
       1
       2
       5
       5
       6
       3
       4
       3
       2
       4
       2
       4
       3
       4
       4
       7
       6
       4
       1
       3
       5
       7
       5
       2
       2
       2
       3
       1
       8
       5
       5
       9
       2
       5
       3
       7
       3
       4
       8
       3
       2
      10
       6
       3
       2
       2
       2
       4
       3
       3
       1
       5
       5
       7
       4
       0
       3
       4
       1
       3
       3
       4
       2
       1
       5
       4
       2
       1
       2
       3
       3
       7
       4
       4
       5
       8
       2
      10
       3
       7
       3
       5
       1
       6
       4
       1
       6
       4
       5
       2
       3
       3
       5
       2
       5
       4
       2
       7
       6
       2
       3
       2
       4
       6
       3
       6
       2
       7
       6
      10
       5
       5
       7
       4
       3
       0
       6
       8
       2
       6
       5
       4
       5
       7
       6
       2
       9
       5
       5
      10
       7
       3
       7
       7
       8
       5
       5
       8
      12
      10
      23
      19
      22
      21
      21
      36
      41
      40
      41
      44
      58
      55
      58
      62
      64
      69
      82
      73
      59
      68
      57
      60
      53
      46
      33
      28
      27
      11
      11
      12
      11
       3
       9
       5
       7
       3
       2
       4
       2
       3
       3
       8
       3
       2
       5
       4
       1
       6
       5
       2
       3
       1
       2
       5
       5
       2
       4
       2
       3
       3
       1
       4
       6
       2
       4
       4
       8
       4
       7
       6
       3
       1
       8
       2
       3
       5
       3
       7
       4
       6
       1
       3
       3
       1
       0
       4
       2
       4
       2
       3
       2
       2
       0
       2
       3
       0
       2
       2
       2
       2
       5
       6
       4
       9
       1
       5
       3
       2
       5
       0
       5
       2
       3
       5
       1
       2
       0
       1
       1
       7
       3
       6
       2
       4
       3
       2
       3
       3
       4
       4
       3
       2
       4
       2
       2
       0
       3
       5
       2
       4
       5
       1
       4
       4
       4
       6
       3
       4
       3
       4
       1
       2
       6
       5
       1
       4
       4
       2
       6
       1
       2
       3
      10
       3
       2
       6
       2
       1
       5
       3
       1
       2
       4
       9
       1
       7
       5
       3
       4
       3
       6
       4
       2
       3
       3
       4
       3
       1
       1
       4
       2
       0
       3
       4
       3
       4
       1
       8
       3
       0
       3
       4
       4
       3
       3
       5
       3
       1
       3
       1
      11
       6
       3
       2
       4
       4
       5
       6
       2
       3
       5
       1
       4
       3
       3
       5
       5
       3
       2
       5
       1
       2
       3
       2
       3
       4
       2
       7
       4
       3
       7
       4
       4
       3
       4
       6
       7
       6
       7
      10
       3
      12
       4
       6
       3
       4
       3
       5
       4
       3
       3
       3
       2
       1
       4
       1
       0
       1
       3
       0
       0
       3
       2
       3
       6
       2
       3
       4
       5
       3
       5
       3
       0
       3
       4
       5
       3
       2
       3
       2
       2
       7
       8
       1
       2
       2
       4
       3
       3
       5
       1
       4
       3
       3
       1
       9
       3
       4
       6
       4
       4
       1
       2
       3
       2
       1
       2
       2
       3
       2
       1
       2
       7
       3
       4
       1
       3
       7
       3
       5
       3
       3
       5
       5
       1
       2
       6
       1
       4
       2
       6
       4
       4
       1
       2
       2
       0
       0
       6
       3
       6
       1
       3
       3
       1
       3
       1
       1
       2
       4
       2
       3
       2
       6
       1
       1
       8
       2
       4
       0
       2
       5
       0
       3
       5
       0
       3
       4
       5
       5
       4
       5
       1
       3
       4
       8
       5
       1
       2
       5
       6
       6
       2
       4
       2
       1
       5
       0
       2
       2
       4
       6
       4
       5
       2
       4
       3
       5
       2
       2
       0
       5
       2
       3
       2
       2
       1
       3
       3
       4
       3
       3
       4
       2
       3
       3
       0
       3
       5
       2
       1
       3
       4
       1
       1
       2
       3
       3
       2
       3
       1
       1
       3
       2
       1
       4
       3
       0
       4
       3
       2
       0
       2
       2
       4
       3
       4
       3
       0
       0
       2
       3
       5
       3
       3
       3
       2
       2
       4
       2
       5
       0
       7
       3
       1
       1
       5
       1
       1
       2
       3
       4
       1
       6
       2
       1
       3
       2
       2
       3
       0
       3
       5
       3
       2
       0
       0
       2
       4
       1
       3
       2
       2
       4
       4
       1
       2
       1
       3
       5
       3
       4
       4
       3
       1
       6
       4
       8
       0
       1
       3
       2
       4
       2
       2
       4
       4
       3
       3
       1
       3
       3
       8
       2
       5
       1
       3
       1
       3
       0
       7
       2
       2
       2
       1
       4
       4
       5
       1
       2
       1
       3
       3
       2
       1
       3
       4
       1
       2
       0
       0
       2
       3
       4
       1
       0
       2
       4
       3
       3
       1
       1
       6
       4
       0
       1
       1
       2
       4
       2
       2
       2
       3
       4
       1
       6
       4
       4
       4
       1
       2
       2
       1
       3
       4
       4
       5
       4
       1
       5
       3
       3
       3
       0
       4
       1
       6
       3
       2
       4
       2
       1
       4
       5
       0
       3
       4
       6
       1
       2
       3
       2
       6
       9
       3
       6
       4
       3
       0
       2
       4
       1
       2
       7
       3
       7
       2
       4
       4
       7
       6
       8
       5
       8
       6
       5
       2
       7
       4
       3
       3
      10
       4
      11
      10
       5
       3
       8
       2
      12
       4
       3
       3
       2
       8
       4
       6
       1
       0
       1
       8
       1
       2
       0
       0
       3
       2
       3
       5
       2
       4
       2
       1
       2
       1
       5
       3
       1
       1
       1
       3
       7
       1
       2
       1
       3
       2
       0
       2
       2
       3
       1
       2
       2
       1
       0
       4
       1
       3
       3
       1
       3
       2
       1
       2
       0
       6
       4
       5
       2
       1
       2
       2
       1
       3
       2
       3
       2
       4
       5
       1
       0
       3
       1
       3
       5
       2
       0
       3
       4
       3
       0
       1
       1
       2
       0
       1
       3
       1
       3
       3
       1
       2
       0
       5
       3
       5
       2
       4
       1
       4
       3
       3
       5
       2
       2
       1
       3
       6
       3
       2
       1
       0
       1
       1
       4
       0
       2
       0
       2
       5
       3
       0
       3
       4
       4
       4
       2
       4
       7
       6
       1
       3
       3
       4
       2
       3
       2
       3
       1
       3
       2
       5
       2
       1
       0
       1
       0
       2
       0
       5
       2
       1
       1
       1
       4
       3
       0
       2
       4
       3
       4
       1
       1
       1
       2
       5
       3
       5
       1
       2
       2
       4
       2
       1
       2
       4
       0
       4
       0
       5
       3
       5
       2
       3
       1
       2
       5
       0
       5
       2
       1
       4
       3
       2
       2
       2
       3
       0
       3
       0
       6
       1
       5
       4
       2
       3
       1
       0
       1
       5
       3
       1
       3
       3
       3
       4
       2
       1
       3
       3
       1
       6
       2
       6
       1
       1
       4
       3
       2
       3
       2
       0
       1
       3
       0
       4
       4
       2
       0
       0
       3
       5
       2
       1
       2
       4
       0
       2
       2
       0
       4
       1
       4
       0
       1
       1
       3
       3
       5
       2
       1
       3
       1
       3
       2
       1
       2
       2
       3
       3
       2
       4
       3
       2
       1
       3
       2
       4
       3
       3
       1
       1
       3
       4
       0
       1
       1
       5
       0
       0
       3
       3
       0
       4
       2
       3
       3
       2
       4
       3
       4
       1
       2
       4
       1
       1
       3
       5
       4
       3
       4
       3
       1
       4
       2
       0
      15
      45
      53
      30
      50
      30
      39
      43
      34
      37
      47
      46
      38
      33
      31
      49
      41
      32
      35
      35
      42
      37
      42
      48
      34
      40
      46
      34
      40
      44
      39
      34
      32
      33
      39
      44
      41
      34
      37
      37
      34
      36
      36
      33
      31
      38
      36
      46
      29
      34
      39
      43
      48
      39
      45
      38
      48
      45
      35
      38
      42
      37
      34
      40
      34
      38
      38
      41
      40
      40
      33
      40
      27
      37
      43
      39
      39
      42
      31
      41
      35
      38
      42
      47
      38
      34
      41
      33
      45
      37
      29
      59
      36
      49
      35
      36
      41
      44
      39
      42
      35
      35
      39
      41
      33
      37
      27
      28
      40
      37
      27
      39
      28
      40
      43
      40
      45
      37
      41
      29
      44
      38
      43
      39
      25
      35
      32
      34
      35
      37
      42
      49
      41
      28
      40
      33
      37
      30
      41
      34
      36
      31
      32
      42
      42
      36
      36
      40
      37
      37
      42
      38
      32
      22
      41
      40
      44
      34
      35
      39
      30
      37
      31
      37
      30
      38
      33
      31
      40
      28
      40
      37
      38
      38
      42
      31
      33
      34
      26
      37
      28
      35
      35
      28
      18
#$ROI:
#0
#$PRESETS:
#None
#0
#0
#$ENER_FIT:
#0.000000 0.000000
#$MCA_CAL:
#3
#0.000000E+000 0.000000E+000 0.000000E+000 
#$SHAPE_CAL:
#3
#0.000000E+000 0.000000E+000 0.000000E+000
