#$SPEC_ID:
#No sample description was entered.
#$SPEC_REM:
#DET# 7089150
#DETDESC# PRAKTIKUM 926
#AP# Maestro Version 7.01
#$DATE_MEA:
#01/13/2002 02:33:55
#$MEAS_TIM:
#2246 2267
#$DATA:
#0 8191
       0
       0
       0
       0
       0
       0
       0
       0
       0
       0
       0
       0
       0
       0
       0
       0
       0
       0
       0
       0
       0
       0
       0
       0
       0
       0
       0
       0
       0
       0
       0
       0
       0
       0
       0
       0
       0
       0
       0
       0
       0
       0
       0
       0
       0
       0
       0
       0
       0
       0
       0
       0
       5
      32
     122
     236
     414
     544
     622
     652
     675
     727
     687
     674
     651
     656
     638
     625
     577
     614
     612
     590
     607
     614
     573
     526
     600
     571
     580
     553
     530
     525
     536
     530
     540
     544
     556
     513
     551
     510
     513
     539
     508
     497
     500
     503
     524
     482
     502
     453
     463
     448
     457
     495
     441
     449
     482
     445
     439
     467
     466
     454
     419
     410
     421
     435
     441
     435
     424
     396
     394
     429
     419
     431
     460
     418
     412
     398
     414
     426
     421
     414
     375
     379
     381
     387
     366
     436
     406
     376
     408
     382
     402
     397
     355
     397
     352
     354
     395
     367
     345
     351
     394
     354
     342
     361
     364
     339
     343
     354
     338
     349
     344
     340
     380
     380
     313
     352
     365
     327
     323
     323
     341
     335
     345
     354
     325
     363
     331
     310
     360
     353
     349
     347
     297
     315
     308
     296
     358
     333
     350
     347
     360
     329
     356
     302
     337
     314
     319
     327
     275
     359
     283
     343
     315
     328
     310
     352
     288
     351
     299
     304
     313
     329
     322
     325
     309
     306
     301
     303
     303
     296
     303
     325
     303
     280
     303
     342
     315
     328
     338
     377
     344
     350
     351
     344
     314
     315
     296
     266
     293
     289
     271
     320
     306
     296
     303
     326
     317
     319
     304
     311
     299
     333
     316
     308
     303
     329
     305
     314
     301
     321
     383
     351
     350
     362
     368
     296
     310
     333
     313
     299
     311
     309
     319
     292
     288
     312
     336
     354
     340
     332
     285
     305
     343
     315
     298
     317
     304
     338
     338
     311
     353
     319
     345
     361
     373
     338
     387
     369
     338
     342
     365
     376
     356
     345
     429
     430
     477
     554
     656
     671
     737
     714
     658
     594
     510
     453
     379
     394
     362
     377
     372
     372
     369
     372
     412
     402
     366
     414
     406
     425
     450
     445
     406
     451
     423
     426
     384
     422
     394
     443
     394
     395
     369
     433
     435
     422
     409
     390
     470
     432
     496
     429
     409
     465
     474
     477
     441
     471
     470
     520
     579
     716
     883
    1099
    1305
    1459
    1446
    1295
    1143
     992
     881
     874
    1037
    1266
    1674
    2027
    2220
    2111
    2049
    1666
    1276
     904
     790
     574
     546
     542
     551
     596
     578
     572
     496
     500
     485
     501
     552
     572
     549
     532
     489
     505
     408
     399
     389
     446
     455
     526
     526
     632
     723
     779
     710
     641
     596
     508
     461
     452
     419
     379
     436
     519
     564
     656
     786
     968
     970
    1083
    1060
     970
     894
     698
     649
     539
     502
     486
     482
     580
     605
     692
     701
     666
     593
     576
     515
     530
     492
     474
     636
     837
     998
    1225
    1403
    1485
    1494
    1289
    1068
     895
     728
     677
     586
     594
     591
     670
     624
     548
     511
     464
     396
     390
     346
     343
     325
     333
     346
     334
     422
     472
     489
     559
     630
     621
     633
     568
     534
     465
     426
     361
     346
     343
     323
     356
     318
     293
     325
     301
     318
     327
     299
     313
     314
     313
     308
     319
     312
     310
     335
     328
     337
     352
     324
     298
     300
     310
     344
     342
     322
     312
     371
     343
     280
     293
     313
     302
     268
     302
     336
     312
     348
     333
     287
     343
     372
     333
     362
     348
     383
     345
     404
     426
     414
     404
     423
     459
     411
     412
     411
     397
     422
     416
     403
     425
     410
     333
     372
     383
     389
     376
     341
     372
     391
     343
     363
     311
     316
     311
     291
     312
     315
     292
     320
     307
     317
     293
     310
     303
     289
     327
     310
     322
     286
     317
     337
     299
     311
     299
     317
     309
     317
     290
     308
     317
     318
     318
     328
     286
     311
     312
     345
     317
     316
     322
     292
     300
     330
     297
     292
     279
     279
     343
     300
     308
     308
     307
     334
     323
     282
     339
     326
     307
     334
     333
     318
     328
     295
     299
     283
     338
     339
     307
     317
     314
     298
     299
     315
     304
     306
     278
     308
     327
     312
     334
     314
     321
     297
     292
     379
     310
     337
     335
     304
     326
     309
     334
     335
     329
     324
     329
     322
     356
     338
     354
     305
     340
     303
     317
     351
     324
     288
     341
     340
     319
     325
     333
     358
     353
     332
     341
     342
     326
     315
     313
     330
     347
     318
     340
     362
     304
     300
     343
     313
     355
     328
     378
     357
     351
     379
     475
     479
     497
     497
     454
     466
     485
     389
     418
     380
     329
     369
     358
     339
     353
     347
     356
     348
     339
     324
     336
     338
     340
     366
     369
     375
     318
     359
     340
     328
     320
     351
     324
     374
     323
     371
     352
     382
     384
     365
     341
     340
     332
     358
     349
     365
     319
     360
     408
     395
     429
     459
     431
     431
     394
     435
     393
     370
     338
     322
     349
     357
     363
     354
     322
     333
     316
     353
     296
     276
     333
     362
     365
     344
     329
     327
     342
     335
     338
     292
     312
     316
     311
     291
     344
     327
     320
     315
     313
     307
     265
     316
     330
     337
     340
     355
     353
     383
     371
     353
     344
     290
     305
     293
     280
     310
     297
     298
     281
     304
     308
     346
     291
     300
     302
     259
     317
     275
     303
     300
     296
     249
     281
     271
     297
     277
     292
     281
     258
     295
     267
     294
     283
     305
     272
     284
     289
     319
     279
     276
     281
     296
     278
     238
     278
     293
     270
     284
     284
     255
     281
     271
     281
     269
     256
     270
     276
     288
     276
     239
     254
     271
     293
     277
     294
     255
     277
     225
     264
     286
     295
     278
     277
     287
     284
     262
     287
     289
     276
     306
     280
     258
     275
     259
     259
     274
     293
     290
     313
     278
     285
     267
     272
     317
     267
     301
     247
     340
     330
     395
     544
     736
     900
    1134
    1424
    1600
    1616
    1503
    1357
    1119
     787
     639
     503
     406
     326
     274
     273
     279
     289
     237
     260
     270
     248
     277
     237
     258
     264
     278
     240
     243
     281
     258
     265
     238
     253
     237
     278
     253
     261
     253
     255
     259
     275
     253
     260
     243
     238
     262
     269
     238
     280
     239
     272
     287
     252
     249
     302
     266
     304
     258
     235
     260
     258
     249
     230
     276
     232
     240
     243
     225
     252
     233
     230
     267
     256
     222
     235
     255
     203
     293
     259
     252
     236
     228
     224
     232
     238
     232
     248
     234
     217
     242
     239
     224
     207
     265
     264
     280
     301
     296
     276
     283
     234
     215
     220
     229
     219
     182
     193
     195
     221
     216
     194
     212
     208
     229
     213
     212
     204
     203
     219
     206
     190
     200
     178
     183
     203
     185
     183
     185
     195
     179
     194
     182
     197
     177
     192
     184
     183
     196
     203
     167
     187
     205
     169
     189
     190
     190
     197
     218
     173
     211
     176
     182
     192
     157
     193
     179
     187
     185
     190
     182
     177
     160
     201
     185
     204
     179
     166
     175
     189
     161
     174
     191
     175
     192
     169
     203
     195
     189
     186
     194
     156
     218
     164
     194
     186
     197
     168
     161
     155
     197
     154
     182
     164
     180
     173
     175
     177
     188
     169
     178
     185
     176
     187
     162
     168
     192
     171
     191
     166
     180
     179
     146
     156
     171
     176
     169
     191
     181
     168
     168
     157
     167
     164
     148
     150
     159
     172
     166
     157
     190
     146
     173
     189
     170
     158
     173
     179
     156
     189
     172
     197
     184
     218
     255
     243
     250
     263
     248
     200
     196
     188
     156
     182
     163
     178
     156
     165
     155
     199
     164
     164
     158
     193
     148
     151
     211
     236
     284
     464
     598
     917
    1139
    1292
    1419
    1340
    1235
    1048
     778
     512
     386
     275
     204
     178
     159
     162
     161
     151
     128
     154
     155
     131
     127
     140
     141
     123
     135
     126
     148
     128
     165
     149
     146
     144
     149
     133
     145
     128
     146
     150
     159
     154
     142
     135
     143
     139
     131
     135
     123
     141
     143
     127
     129
     132
     134
     130
     147
     131
     161
     158
     118
     130
     145
     157
     158
     144
     121
     140
     147
     145
     177
     200
     191
     182
     180
     184
     163
     152
     149
     158
     189
     170
     174
     169
     192
     214
     184
     194
     180
     162
     139
     161
     114
     138
     114
     112
     119
     120
     129
     120
     118
     138
     112
     119
     105
     106
     125
     114
     127
     127
     134
     131
     118
     121
      96
     121
     125
     132
     144
     114
     119
      96
     115
     116
     120
     154
     125
     150
     116
     122
     136
     152
     164
     157
     180
     209
     196
     207
     213
     210
     218
     188
     195
     194
     180
     208
     180
     163
     164
     142
     131
     145
     138
     141
     147
     128
     137
     137
     157
     160
     133
     176
     181
     159
     140
     154
     119
     112
     113
     122
     114
     117
     117
     114
     102
     116
     117
     124
     110
     120
     115
     110
     112
     123
     122
     110
     107
     123
      99
     138
     124
     143
     115
     137
     113
     111
     114
     128
     124
     111
     115
     125
     120
     115
     129
     135
     134
     138
     109
     131
     107
     137
     125
     123
     145
     116
     115
     114
     132
     122
     137
     122
     109
     126
     107
     129
     130
     120
      96
      95
     121
      98
     113
     104
     122
      85
     107
     100
     104
     114
     111
     118
     117
     117
     119
     116
     117
      89
     108
     119
     156
     162
     195
     341
     487
     717
    1082
    1538
    2043
    2368
    2583
    2512
    2301
    1854
    1499
    1015
     717
     412
     281
     190
     150
     119
     142
     111
     113
     108
     108
      95
     101
     101
     138
     128
     115
     122
     133
     125
     116
     102
     113
     115
     101
      90
     116
     109
     102
     116
     125
     111
     106
     120
     102
     106
     109
     107
     105
     103
      89
     100
      88
      92
     101
     108
     103
      87
      86
      88
      91
      97
      73
      90
      90
      91
      85
      81
      96
      88
     113
     109
     104
     107
     104
      86
     102
     103
     101
      97
      85
     102
      93
     108
      78
      84
      89
      95
     103
      93
      80
      92
     104
      93
     116
      99
     108
     111
     117
     102
      92
      91
      98
      87
      80
     103
     114
      87
     105
      97
      90
      85
      88
      91
      83
      92
      95
      94
      89
      84
      77
      84
     101
     109
      92
      82
      81
      87
     106
      88
      75
      82
     101
     103
      95
     106
      98
     105
     108
     108
     112
     107
      95
     107
     112
     114
     100
      77
      89
      89
      99
      78
      91
      91
      79
      95
      76
      94
      87
      77
      94
      89
      79
      87
     121
      82
     105
     107
     116
     116
      92
      96
     106
     107
     105
      88
      82
      87
      98
     102
      88
      99
      78
      93
      71
      92
      95
      87
      97
     105
      79
      94
      91
     108
      84
      96
      90
      94
      94
      83
      77
      95
      95
      85
      88
      79
      99
      91
      96
     105
     114
     105
      96
      98
      86
      83
     100
      86
      90
      86
      79
      79
      94
      91
      80
      90
      75
      94
      86
      91
      91
      83
     100
      83
      96
      81
      87
     114
      83
      77
      94
     100
      92
     106
      79
      86
      90
      80
      85
      88
      92
      97
     111
      84
      67
      92
      96
      93
     100
     104
     100
      82
     100
     114
     113
     122
     140
     177
     266
     378
     553
     851
    1335
    1991
    2558
    3149
    3633
    3852
    3728
    3288
    2852
    2190
    1570
    1017
     641
     393
     259
     182
     109
      95
     104
      90
      83
      82
      79
      75
      67
      80
      80
      81
      80
      95
      75
      80
      76
      77
      68
      91
      94
      79
      67
      65
      85
      51
      63
      67
      73
      91
      70
      77
      74
      81
      63
      72
      63
      63
      79
      82
      75
      75
      68
      65
      61
      88
      74
      80
      64
      69
      73
      75
      88
      74
      79
      82
      63
      74
      70
      60
      66
      84
      51
      77
      76
      67
      68
      70
      84
      81
      84
      96
      61
      92
      58
      73
      86
      76
      72
      62
      62
      74
      58
      67
      67
      87
      74
      67
      78
      84
      72
      72
      59
      80
      82
      76
      76
      63
      85
      77
      68
      74
      61
      62
      86
      68
      88
      91
      82
      68
      74
      78
      68
      89
      86
      85
      82
      79
      76
      67
      83
      76
      75
      72
      61
      71
      66
      79
      70
      88
      76
      81
      79
      68
      81
      66
      80
      55
      68
      79
      92
      64
      63
      71
      87
      68
      73
      75
      82
      61
      88
      74
      81
      84
      87
      95
      95
     100
      99
      98
      84
      80
     103
     116
      86
      88
      97
      97
      81
      92
      75
      89
     101
      81
      62
      82
      83
      72
      70
      92
      75
      74
      80
      81
      72
      72
      78
      76
      84
      82
      81
      82
      77
      84
      70
      79
      85
      80
      82
      69
      85
      66
      76
      78
      88
      94
      73
      86
      73
      81
      66
      80
      70
      62
      51
      79
      66
      78
      74
      68
      66
      80
      85
      88
      87
      90
     100
     109
      82
     110
     113
      99
      96
      83
      93
      81
      85
      79
      90
      79
      85
      99
      93
      90
     104
      99
     117
     115
     102
      86
      82
      92
      96
      88
      58
      89
      78
      88
      84
      61
      83
      83
      78
      81
      87
      74
      81
      82
      78
      80
      79
      88
      86
      85
      80
      78
      86
      67
      83
      71
      69
      80
      75
      81
      79
      65
      95
      82
      89
      75
      65
      86
      72
      77
      86
      77
      72
      75
      81
      70
      87
      83
      87
      78
      95
     101
      90
      89
      84
      70
      74
      77
      76
      94
      96
      70
      91
      77
      80
      76
     100
      68
      73
      61
      85
     107
      82
      70
      74
      80
      73
      77
      93
      88
      71
      76
      85
      80
      88
      73
      68
      72
      75
      77
      85
      93
      79
      86
      76
      67
      84
      73
      69
      93
      87
      79
      63
      66
      88
      54
      74
      87
      60
      78
      62
      64
      66
      85
      58
      64
      72
      65
      63
      62
      54
      60
      79
      55
      68
      57
      56
      60
      55
      63
      64
      46
      52
      59
      50
      66
      51
      68
      62
      68
      57
      54
      60
      62
      36
      59
      62
      66
      60
      78
      50
      62
      55
      57
      54
      58
      51
      60
      53
      52
      53
      64
      47
      43
      49
      52
      57
      47
      54
      47
      55
      46
      47
      44
      41
      52
      52
      54
      73
      69
      57
      64
      67
      66
      60
      52
      72
      52
      52
      47
      47
      56
      45
      59
      65
      39
      51
      59
      50
      56
      50
      55
      50
      45
      47
      48
      59
      47
      50
      58
      56
      53
      55
      43
      52
      45
      46
      52
      42
      44
      50
      68
      63
      49
      50
      58
      54
      53
      70
      63
      67
      81
      68
      59
      53
      58
      46
      58
      40
      50
      58
      38
      53
      45
      52
      49
      40
      58
      53
      38
      46
      45
      54
      43
      45
      50
      41
      45
      49
      60
      65
      45
      63
      66
      57
      52
      61
      52
      64
      55
      48
      43
      47
      50
      42
      44
      51
      45
      46
      43
      40
      38
      48
      44
      38
      40
      43
      41
      53
      47
      47
      51
      45
      50
      51
      46
      57
      45
      52
      52
      57
      56
      52
      61
      65
      53
      58
      45
      47
      52
      49
      44
      46
      45
      61
      57
      49
      32
      43
      45
      48
      46
      64
      48
      38
      49
      42
      52
      42
      62
      56
      39
      41
      52
      39
      49
      40
      51
      28
      42
      46
      35
      41
      47
      33
      46
      43
      47
      59
      46
      52
      49
      67
      65
      54
      70
      59
      54
      57
      66
      48
      52
      49
      46
      42
      54
      33
      46
      60
      40
      43
      42
      40
      40
      38
      60
      36
      47
      38
      53
      56
      59
      67
      52
      60
      44
      65
      53
      68
      59
      42
      53
      55
      47
      47
      42
      45
      32
      36
      39
      47
      37
      30
      38
      31
      39
      34
      40
      47
      45
      33
      50
      39
      35
      31
      41
      38
      39
      42
      45
      34
      43
      45
      45
      37
      33
      44
      42
      38
      48
      43
      35
      28
      36
      25
      51
      44
      43
      47
      27
      43
      37
      42
      51
      39
      31
      31
      32
      40
      45
      27
      35
      37
      47
      36
      41
      38
      41
      41
      36
      41
      46
      31
      34
      34
      34
      29
      36
      35
      42
      35
      44
      38
      33
      40
      30
      25
      34
      37
      50
      40
      39
      30
      39
      33
      36
      38
      37
      37
      45
      45
      49
      51
      48
      54
      50
      52
      44
      50
      47
      58
      49
      43
      44
      52
      46
      29
      55
      46
      44
      43
      42
      41
      36
      35
      34
      37
      48
      28
      41
      41
      39
      41
      46
      49
      35
      49
      39
      40
      40
      43
      47
      30
      32
      38
      40
      32
      32
      41
      29
      24
      25
      37
      28
      38
      32
      39
      37
      33
      37
      38
      35
      28
      30
      39
      23
      33
      44
      28
      41
      36
      34
      34
      29
      33
      33
      41
      40
      35
      29
      45
      36
      40
      31
      34
      36
      48
      41
      44
      34
      32
      26
      34
      38
      27
      30
      34
      30
      38
      39
      35
      27
      37
      28
      36
      44
      35
      40
      33
      29
      39
      36
      35
      34
      36
      44
      36
      41
      35
      52
      49
      40
      31
      46
      42
      30
      31
      40
      38
      43
      45
      34
      39
      42
      40
      30
      33
      38
      37
      36
      33
      30
      27
      32
      38
      38
      37
      38
      33
      32
      34
      31
      34
      33
      38
      29
      50
      36
      33
      37
      46
      37
      36
      34
      27
      31
      35
      55
      40
      38
      38
      54
      35
      32
      41
      32
      32
      36
      35
      41
      32
      33
      32
      46
      24
      36
      33
      26
      33
      33
      29
      33
      36
      25
      46
      34
      30
      45
      32
      31
      30
      29
      39
      31
      37
      44
      37
      27
      28
      46
      40
      47
      40
      28
      22
      35
      40
      25
      31
      30
      30
      35
      46
      24
      42
      28
      31
      31
      25
      35
      30
      38
      34
      42
      33
      39
      30
      25
      32
      29
      29
      33
      36
      37
      37
      37
      28
      46
      35
      30
      36
      27
      37
      29
      35
      33
      31
      27
      34
      38
      24
      31
      31
      31
      24
      31
      36
      34
      27
      44
      31
      35
      37
      42
      35
      40
      25
      30
      24
      30
      25
      34
      19
      37
      32
      27
      40
      37
      36
      31
      40
      29
      33
      39
      36
      38
      32
      33
      23
      32
      34
      23
      38
      42
      31
      31
      42
      36
      27
      36
      29
      41
      33
      35
      30
      44
      34
      24
      38
      34
      48
      25
      31
      23
      39
      36
      28
      40
      43
      23
      21
      31
      22
      42
      38
      33
      36
      34
      43
      39
      45
      39
      39
      40
      68
      48
      59
      37
      39
      37
      34
      41
      26
      24
      28
      34
      33
      34
      32
      24
      28
      31
      21
      25
      31
      33
      34
      27
      24
      36
      27
      30
      42
      35
      26
      37
      31
      26
      38
      25
      31
      28
      29
      25
      39
      26
      38
      34
      36
      24
      25
      30
      21
      35
      22
      28
      28
      36
      26
      19
      27
      20
      26
      34
      36
      34
      26
      29
      28
      20
      27
      26
      29
      28
      32
      41
      38
      38
      38
      33
      26
      17
      34
      26
      39
      20
      20
      25
      33
      31
      29
      25
      33
      22
      28
      33
      22
      34
      26
      23
      20
      28
      24
      28
      35
      34
      27
      21
      27
      26
      23
      31
      30
      30
      26
      27
      30
      31
      31
      31
      28
      32
      38
      48
      36
      28
      55
      50
      51
      61
      74
      66
     120
     138
     175
     262
     314
     475
     681
     861
    1154
    1342
    1567
    1774
    1881
    1800
    1820
    1557
    1289
    1078
     849
     630
     403
     338
     186
     112
      75
      48
      43
      33
      29
      31
      32
      26
      26
      35
      23
      37
      22
      23
      32
      34
      27
      17
      32
      31
      31
      16
      33
      35
      26
      34
      13
      23
      33
      32
      35
      27
      25
      23
      26
      20
      20
      26
      25
      24
      27
      27
      24
      34
      14
      21
      18
      25
      26
      31
      21
      22
      20
      25
      22
      24
      29
      15
      25
      28
      27
      24
      27
      29
      22
      21
      22
      25
      30
      21
      24
      26
      22
      28
      14
      25
      22
      26
      29
      20
      25
      26
      25
      18
      21
      26
      23
      38
      17
      27
      29
      33
      31
      14
      15
      21
      29
      24
      34
      25
      32
      33
      29
      23
      19
      32
      27
      23
      27
      21
      29
      31
      25
      18
      27
      26
      21
      28
      30
      18
      18
      21
      22
      22
      25
      21
      34
      23
      25
      26
      24
      33
      15
      23
      31
      23
      27
      26
      17
      42
      22
      19
      28
      17
      20
      25
      34
      25
      29
      13
      22
      22
      28
      28
      15
      19
      22
      18
      18
      21
      32
      26
      23
      27
      20
      19
      28
      22
      22
      21
      22
      36
      24
      22
      34
      35
      25
      29
      26
      22
      19
      24
      27
      26
      25
      22
      25
      21
      29
      13
      25
      22
      18
      26
      28
      24
      27
      26
      19
      19
      32
      13
      20
      22
      19
      24
      33
      35
      23
      23
      22
      25
      27
      24
      21
      24
      26
      27
      14
      22
      29
      24
      28
      19
      23
      24
      27
      30
      16
      17
      28
      25
      21
      20
      30
      18
      25
      28
      31
      19
      21
      29
      30
      25
      25
      23
      22
      29
      29
      17
      34
      26
      34
      50
      53
      63
      59
      60
      74
      93
      77
      62
      63
      51
      63
      37
      43
      45
      21
      30
      25
      18
      26
      19
      21
      28
      25
      21
      24
      27
      21
      34
      25
      29
      34
      18
      24
      21
      27
      23
      22
      20
      25
      26
      22
      20
      26
      25
      16
      20
      19
      26
      20
      10
      23
      30
      21
      23
      28
      20
      25
      24
      29
      20
      19
      27
      28
      24
      22
      23
      28
      20
      21
      24
      18
      29
      25
      29
      21
      14
      22
      21
      29
      24
      21
      15
      23
      33
      24
      20
      32
      22
      19
      20
      14
      29
      28
      29
      27
      27
      39
      27
      16
      23
      31
      25
      18
      15
      23
      29
      32
      20
      21
      33
      25
      25
      10
      34
      38
      25
      27
      24
      25
      21
      17
      30
      22
      29
      23
      31
      16
      20
      31
      31
      15
      23
      21
      28
      21
      17
      25
      17
      19
      25
      25
      25
      22
      25
      26
      19
      19
      24
      30
      26
      17
      32
      24
      23
      21
      19
      32
      25
      20
      29
      18
      30
      27
      24
      25
      17
      21
      22
      27
      17
      17
      20
      26
      31
      23
      29
      19
      19
      27
      19
      32
      46
      29
      42
      47
      44
      34
      38
      45
      37
      32
      33
      26
      25
      22
      24
      32
      38
      26
      21
      21
      29
      24
      26
      36
      30
      28
      19
      31
      26
      29
      21
      27
      22
      29
      21
      22
      41
      22
      21
      23
      31
      23
      24
      25
      29
      30
      26
      18
      18
      21
      21
      24
      22
      16
      24
      13
      32
      25
      19
      27
      24
      22
      20
      13
      28
      20
      20
      16
      28
      29
      15
      21
      24
      26
      28
      27
      26
      27
      26
      32
      29
      21
      26
      36
      26
      34
      39
      37
      40
      24
      32
      36
      31
      35
      24
      21
      26
      18
      25
      20
      13
      21
      27
      26
      21
      25
      15
      29
      24
      18
      20
      21
      19
      27
      16
      28
      24
      22
      15
      19
      13
      29
      24
      15
      16
      20
      21
      22
      20
      31
      25
      27
      26
      21
      19
      18
      18
      31
      15
      14
      30
      25
      21
      21
      23
      17
      34
      23
      17
      29
      20
      24
      20
      15
      15
      22
      18
      24
      31
      14
      19
      21
      18
      29
      22
      25
      28
      16
      22
      20
      20
      34
      24
      21
      20
      14
      26
      13
      28
      22
      23
      19
      26
      24
      22
      27
      23
      23
      42
      25
      29
      43
      34
      36
      31
      50
      41
      22
      38
      40
      28
      25
      31
      31
      30
      23
      18
      20
      25
      20
      21
      17
      22
      28
      23
      27
      24
      23
      26
      26
      23
      26
      19
      24
      26
      27
      25
      19
      28
      16
      16
      24
      26
      20
      20
      22
      24
      21
      19
      29
      16
      20
      27
      22
      25
      23
      18
      35
      22
      22
      24
      31
      15
      25
      23
      26
      19
      29
      21
      19
      16
      22
      21
      24
      19
      16
      18
      18
      14
      16
      25
      22
      22
      25
      28
      31
      21
      24
      24
      21
      21
      23
      18
      18
      20
      24
      25
      29
      24
      23
      25
      23
      18
      24
      25
      28
      22
      22
      24
      23
      22
      29
      18
      29
      38
      47
      47
      37
      48
      54
      55
      66
      86
     108
     103
     130
     151
     142
     167
     155
     149
     153
     137
     116
     101
     111
      89
      60
      59
      43
      27
      31
      41
      32
      28
      33
      29
      21
      27
      18
      25
      21
      17
      23
      21
      21
      21
      23
      21
      19
      22
      20
      17
      35
      22
      10
      17
      23
      26
      13
      17
      26
      22
      22
      28
      21
      11
      22
      26
      19
      23
      33
      16
      17
      18
      24
      37
      22
      28
      18
      20
      23
      20
      30
      21
      16
      22
      19
      26
      24
      26
      33
      27
      24
      23
      28
      32
      30
      33
      37
      49
      62
      68
      56
      53
      61
      52
      34
      50
      42
      33
      39
      27
      28
      25
      31
      24
      14
      22
      28
      23
      13
      25
      22
      27
      18
      16
      11
      17
      17
      15
      23
      14
      18
      19
      18
      15
      22
      20
      22
      21
      20
      23
      30
      20
      24
      16
      32
      20
      16
      21
      19
      22
      15
      20
      26
      20
      25
      16
      26
      24
      14
      19
      26
      24
      23
      18
      25
      17
      20
      19
      26
      26
      32
      21
      15
      20
      21
      23
      25
      17
      32
      21
      20
      22
      23
      15
      22
      21
      15
      34
      22
      27
      36
      40
      38
      41
      38
      45
      42
      35
      64
      58
      68
      50
      47
      44
      34
      23
      32
      32
      24
      19
      28
      17
      23
      20
      19
      27
      25
      21
      20
      23
      17
      24
      19
      13
      18
      16
      25
      22
      14
      16
      27
      18
      20
      15
      30
      30
      26
      13
      24
      30
      27
      29
      23
      23
      18
      23
      26
      23
      28
      21
      21
      20
      14
      12
      25
      18
      14
      25
      11
      25
      19
      17
      24
      22
      16
      20
      23
      25
      31
      27
      29
      23
      24
      23
      22
      21
      26
      26
      24
      27
      28
      32
      21
      17
      16
      27
      19
      17
      29
      20
      24
      22
      28
      26
      20
      28
      22
      24
      27
      22
      26
      21
      26
      19
      16
      23
      26
      21
      30
      18
      24
      28
      19
      23
      20
      15
      24
      29
      26
      30
      17
      29
      34
      30
      31
      17
      21
      30
      21
      18
      18
      19
      22
      19
      23
      18
      20
      30
      25
      27
      11
      17
      24
      22
      24
      26
      22
      31
      30
      29
      29
      38
      32
      32
      33
      21
      44
      40
      31
      24
      42
      27
      34
      33
      27
      32
      21
      22
      18
      17
      28
      25
      21
      26
      24
      26
      18
      22
      19
      22
      18
      17
      18
      16
      27
      23
      24
      30
      22
      23
      19
      21
      23
      23
      20
      32
      32
      21
      26
      21
      21
      26
      21
      16
      19
      15
      17
      23
      23
      10
      20
      30
      25
      26
      20
      31
      23
      22
      26
      13
      18
      22
      23
      17
      28
      27
      22
      21
      26
      30
      28
      22
      17
      26
      23
      19
      24
      24
      20
      20
      15
      27
      25
      15
      25
      17
      26
      20
      19
      18
      16
      27
      25
      12
      24
      20
      25
      21
      23
      18
      27
      28
      23
      25
      16
      15
      20
      28
      12
      24
      24
      24
      22
      25
      21
      28
      18
      26
      21
      17
      27
      26
      25
      27
      24
      29
      25
      28
      29
      20
      25
      23
      22
      25
      24
      23
      15
      17
      13
      33
      16
      18
      28
      23
      21
      21
      16
      18
      32
      17
      30
      21
      32
      28
      22
      21
      21
      29
      32
      26
      17
      20
      28
      23
      27
      29
      24
      30
      15
      26
      14
      27
      20
      21
      20
      22
      29
      24
      26
      22
      20
      29
      23
      20
      22
      19
      30
      24
      26
      24
      28
      32
      19
      28
      18
      23
      22
      24
      32
      37
      27
      14
      21
      23
      24
      27
      26
      23
      18
      20
      30
      18
      27
      20
      21
      19
      23
      18
      19
      18
      20
      28
      22
      24
      20
      26
      24
      24
      17
      30
      25
      24
      32
      16
      22
      18
      20
      30
      31
      23
      19
      24
      21
      27
      22
      19
      22
      29
      28
      29
      22
      21
      27
      27
      27
      18
      18
      26
      12
      20
      27
      35
      14
      23
      29
      23
      19
      24
      25
      26
      24
      21
      35
      25
      28
      25
      35
      20
      33
      20
      25
      21
      14
      26
      16
      22
      16
      16
      22
      22
      23
      25
      25
      20
      21
      18
      19
      14
      23
      31
      23
      24
      20
      22
      20
      33
      26
      27
      26
      26
      25
      28
      20
      26
      31
      29
      28
      25
      21
      21
      21
      15
      30
      13
      20
      21
      15
      17
      15
      23
      23
      20
      28
      33
      29
      24
      18
      23
      23
      23
      28
      16
      27
      24
      16
      24
      22
      29
      28
      21
      23
      29
      21
      22
      18
      27
      25
      22
      20
      27
      18
      15
      25
      17
      19
      19
      28
      20
      23
      23
      11
      20
      20
      15
      20
      26
      25
      28
      25
      21
      20
      27
      14
      18
      13
      16
      19
      31
      25
      18
      23
      27
      19
      18
      17
      28
      18
      17
      17
      26
      16
      17
      24
      23
      19
      20
      20
      21
      29
      23
      23
      24
      21
      21
      16
      19
      29
      26
      16
      20
      19
      12
      19
      16
      17
      22
      27
      20
      23
      21
      26
      20
      16
      31
      18
      17
      26
      18
      23
      21
      10
      27
      23
      29
      40
      41
      47
      38
      48
      60
      58
      86
      82
      85
      95
     100
      68
      73
      70
      63
      54
      52
      39
      28
      34
      29
      30
      23
      20
      28
      19
      27
      21
      15
      23
       9
      19
      19
      22
      17
      17
      24
      24
      25
      16
      21
      18
      21
      20
      12
      13
      21
      18
      24
      20
      24
      19
      16
      22
      21
      24
      24
      17
      17
      19
      18
      16
      25
      20
      22
      19
      14
      23
      23
      24
      20
      17
      18
      16
      20
      26
      18
      12
      16
      31
      26
      27
      18
      14
      19
      19
      18
      18
      18
      18
      23
      19
      21
      22
      25
      19
      24
      14
      17
      22
      15
      20
      22
      20
      18
      12
      17
      13
      18
      17
      18
      27
      22
      19
      18
      18
      14
      15
      18
      22
      16
      23
      16
      17
      19
      20
      26
      19
      13
      24
      16
      14
      20
      13
      14
      15
      21
      17
      18
      15
      24
      22
      26
      20
      22
      19
      15
      16
      16
      22
      22
      21
      24
      29
      25
      23
      26
      20
      27
      25
      23
      23
      22
      17
      22
      12
      24
      13
      29
      14
      30
      20
      22
      17
      14
      17
      16
      19
      17
      14
      19
      12
      18
      23
      14
      17
      17
      19
      23
      15
      11
      18
      18
      19
      15
      18
      14
      17
       9
      20
      21
      18
      16
      13
      18
      19
      23
      16
      13
      11
      16
      15
      21
      20
      10
      13
      18
      16
      16
      18
      12
      16
      20
      16
      16
      14
      14
      23
      19
      17
      22
      15
      24
      14
      19
      22
      24
      15
      17
      12
      20
      19
      15
      25
      11
      11
      18
      16
      18
      12
      19
      24
      27
      16
      26
      17
      14
      18
      15
      16
      12
      18
      14
      14
      13
      13
      17
      22
      21
      11
      17
      16
      15
      16
      20
      18
      13
      12
      25
      20
      15
      17
      18
      19
      14
      22
      23
      15
      15
      16
      21
      12
      18
      20
      20
      18
      27
      15
      18
      16
      14
      24
      21
      17
      17
      13
      20
      22
      14
      21
      18
      21
      17
      18
      12
      20
      20
      18
      23
      29
      13
      16
      22
      16
      19
      28
      31
      29
      33
      28
      39
      39
      36
      36
      34
      32
      31
      25
      25
      17
      22
      33
      13
      18
      22
      28
      17
      14
      12
      16
      18
      23
      18
      17
      13
      19
      10
      23
      20
      20
      12
      15
      15
      15
      24
      17
      15
      17
      22
      16
      15
      16
      23
      19
      19
      20
      18
      15
      16
      13
      25
      21
       8
      15
      18
      15
      16
      16
      19
      22
      13
      19
      14
      12
      17
      14
      18
      18
      18
      10
      18
      16
      16
      18
      14
      12
      18
      14
      14
       9
      10
      14
      13
      16
      20
      12
      18
      14
       7
      15
      19
      21
      14
      15
       7
      20
      20
      14
      23
      12
      17
      14
      18
      20
      12
      14
      24
      13
      12
      19
      12
      14
      13
      16
      17
      18
      13
      19
      15
      23
      12
      12
      18
      14
      21
       9
      22
      14
      20
      27
      14
      11
      14
      20
      15
      10
      14
      27
      17
      15
      22
      17
      15
      18
      12
      18
      14
      20
      22
      17
      11
      14
      18
      14
       9
      14
      15
      13
      13
      15
      15
      13
      14
       9
       6
      15
      15
      11
      18
      14
      14
      12
      16
      10
      14
      18
      17
      22
      14
      18
      10
      11
      20
      13
      15
      15
      15
      15
      21
      17
      19
      20
      17
      15
      15
      23
      21
       7
      15
      13
       5
      15
      17
      18
      19
      11
      10
      18
      14
       9
      25
       9
      13
      12
      11
      10
       9
      17
      14
      20
      16
       9
      14
      18
      21
      14
      15
      12
      19
      18
      18
      21
      17
      12
      10
      14
      17
      22
      15
      19
      13
      14
      19
      18
      12
      13
      19
      18
      30
      15
      17
      17
      10
      13
      27
       9
      15
      14
      20
      10
      11
       4
      24
      10
      14
       6
      10
      11
       6
      16
      14
      14
      12
      14
      15
      12
      14
      24
       9
      19
       9
      20
      10
      12
      12
      11
      15
      17
      15
      14
      17
       8
      13
       9
      10
       7
      11
       9
      12
      17
       9
      13
      12
      14
      22
      18
      14
      14
      12
      10
      18
       9
      21
      15
      13
      13
       9
      25
      15
      14
      16
      18
      18
      16
      14
      15
      13
      15
      11
      19
      11
      19
      20
      20
      16
      18
      25
      18
      15
      12
      21
      14
      22
      19
      20
      20
      18
       6
      14
      14
      19
      13
      13
       7
      17
      12
      13
      11
      13
       8
      15
      14
       9
      18
      11
      11
      10
      13
      10
      12
      10
      13
      15
      11
      10
      10
      15
      16
      11
      11
      17
      12
       9
      12
      16
       8
      14
      10
      17
       9
      19
      11
      12
      12
      15
      19
      14
      13
      13
      13
      11
      14
      15
      10
      13
      17
      17
      20
       8
      14
      14
      10
      16
      16
      15
      12
       7
      12
       9
       8
      11
      12
      14
      16
      13
      16
      18
      17
      13
      23
      17
      18
      13
      14
      18
       8
      18
      12
      18
      15
      11
      12
       8
       9
      11
      15
      14
       7
       9
      10
      18
       5
      26
      16
      16
      17
      12
      15
      15
      12
      17
      12
      12
      21
      13
      15
      13
      14
      10
      12
      13
      14
      13
       8
      17
      11
      17
      15
      13
      16
      17
      15
      18
      19
      12
      18
      10
      17
      16
       5
      29
      18
      16
      16
       6
      23
      21
      24
      16
      14
      16
      18
      12
      14
      22
      11
      15
      14
      12
      18
      11
      17
      15
      17
       9
      13
      10
      11
      17
      22
      11
      12
      13
      10
      15
      16
      14
       7
      10
      10
      11
      20
      15
      11
      11
       9
      13
      13
      13
      17
      14
      17
      15
      17
      22
      19
      17
      27
      17
      18
      14
      19
      15
      25
      15
      20
      18
      33
      23
      29
      27
      31
      47
      48
      62
      80
      89
     118
     128
     149
     171
     159
     196
     238
     248
     240
     211
     228
     194
     195
     200
     157
     148
     141
     116
      94
      64
      57
      36
      37
      24
      18
      19
      20
      17
      15
      10
      15
      13
      11
      17
      21
      11
      10
       7
      12
      10
      17
      10
      14
      16
      11
      13
      15
      20
      20
      10
      15
       9
      13
      10
      12
      12
       6
      15
      18
      20
      12
      17
      20
      15
      16
      20
      18
      20
       8
      16
      12
      14
      12
      14
      13
      18
      12
      12
      19
      14
      13
       8
      15
      13
      13
      10
       5
      18
      15
      11
      12
      15
      19
      14
      13
       9
      11
      13
      13
       9
      10
      17
      15
      13
      13
      14
      14
      12
      10
       9
      17
       9
      14
       8
      14
      20
      13
      21
      19
      20
       7
      11
      15
       6
       7
      14
      11
      12
      15
      12
      12
      12
      15
      14
      14
       8
       7
      20
      12
      14
       9
      10
       8
      14
      14
      11
      18
      12
      11
       8
       9
       8
      12
      20
      15
      14
      19
      28
      14
      11
      15
      16
      11
      18
      13
      20
      23
      22
      17
      27
      17
      33
      37
      37
      37
      42
      30
      34
      42
      42
      27
      23
      33
      45
      35
      30
      24
      10
      13
      20
      15
      20
      10
       7
      10
      10
      15
      15
      14
      13
      13
      12
      19
       8
       8
      10
      12
      18
      11
      11
      17
      13
       9
      12
      17
      11
      14
       9
      12
       9
      11
      17
       8
      11
      12
      16
      13
      15
      10
      15
      11
      20
      19
      13
       5
      14
       8
      11
      10
      12
       8
      16
      15
      20
      14
      11
      13
      15
      13
      12
      13
       7
      13
      11
      11
      16
      10
      13
       9
       9
      12
      12
      10
      21
      13
       6
      14
      13
      10
      13
      12
      10
      12
       8
      16
      15
      14
       6
      13
      20
       7
       8
      15
      10
       9
       8
      21
      13
      13
      15
      16
       9
      17
      11
      15
      15
      10
      13
      12
      13
      21
      14
      14
      23
      12
      22
      13
      20
      19
      23
      15
      18
      11
      13
      13
      11
      21
      10
      12
      16
      12
      10
       5
      14
      14
      14
       9
       7
      10
      14
       9
      14
      10
      13
      10
      14
       8
      16
      12
       5
      13
      10
      11
      13
      11
      13
      13
       8
      14
      13
      14
      11
      12
      11
      15
      10
       9
       4
      14
       9
      13
      12
      13
      13
      15
       5
      14
      11
       6
      10
      10
      14
       9
       7
      13
       9
      16
       8
      12
      10
      16
      18
      12
       5
       8
      11
      14
      11
      15
       9
       9
      13
      13
      11
       8
      13
      11
      17
       7
      10
      10
      11
      10
       8
      14
       7
      13
       9
      16
      11
       9
      14
       7
       6
      16
      19
       9
       9
      15
      16
      14
      16
      14
      16
      16
      20
      20
      13
      16
      19
      25
      14
      16
      17
      18
       8
      13
      12
      10
      10
      21
      14
      14
      16
       7
      11
      10
      11
      11
      14
       9
       9
      10
      14
       5
       4
      12
      12
      16
       7
      11
       9
       7
       7
       5
       7
       8
       7
      14
       9
      10
      15
       7
      11
      11
      12
      10
       9
      17
      12
      11
      14
      15
      11
      15
       8
       9
      14
      12
       9
      14
      14
      10
      10
       5
      15
      17
      10
       8
      19
      15
      12
       9
      12
       9
      13
       9
       8
      17
       9
      16
      15
      12
      17
       9
      16
      16
      12
      18
       8
      12
       6
      13
       8
       6
      13
       9
      11
      12
      12
      13
      11
      10
      14
      16
      14
      17
       6
      12
      13
       4
       8
       7
      14
      10
      13
       8
       7
       8
      17
      12
       8
      14
       8
      17
      10
       8
      19
      19
      10
      24
      22
      26
      23
      33
      38
      33
      46
      54
      52
      62
      62
      76
      68
      79
      73
     102
      74
      79
      80
      63
      76
      64
      46
      40
      45
      30
      25
      25
      20
      14
      16
      10
      11
      18
      10
      10
      11
      14
      15
       5
      12
      10
      13
      14
      12
       5
      10
      15
       6
      16
       7
       3
      14
       7
      16
      10
       7
       4
      11
       9
      11
      18
      12
       6
      13
      18
       9
       8
      15
      15
      11
      11
      11
      20
      11
      11
      13
       7
      11
      13
      16
       8
      16
      22
      16
      12
      13
      21
      10
      18
      11
      15
      17
      20
      13
      14
      17
      17
       8
      10
      12
      11
      13
       9
       9
       5
       5
      13
      13
      12
      11
       6
       8
       9
       7
       9
       6
       6
       9
       9
       9
      10
      14
      15
      10
      15
      10
      11
      16
       8
      14
      10
       8
       7
      11
       8
      13
       8
       9
      16
      12
      16
       6
       8
       9
       8
      12
      10
      11
       8
      14
      11
       9
      10
      14
       6
       7
       7
      10
      10
      15
       8
       7
       5
      14
      11
      12
       8
      15
      14
      15
      11
       9
      11
      14
       8
      13
      14
       8
      12
      14
      12
      10
       9
      11
       9
      10
      12
      16
      13
      16
       9
      16
      13
       8
       7
      16
      12
       4
      19
      16
       8
      14
      10
       7
      10
      17
      15
       9
      18
      16
      20
      17
      20
      19
      26
      24
      25
      25
      28
      22
      30
      27
      21
      16
      24
      19
      28
      22
      15
      16
      13
      11
      10
      18
      17
      19
      15
      15
      17
      12
      15
      10
       5
      13
      11
      17
      15
      11
       8
       8
       5
      11
      16
       7
      14
       6
      11
       6
      10
      10
       8
      14
       9
      11
      14
      14
       7
       4
       7
      11
      10
      13
      14
       6
      12
      11
       9
      19
       7
       4
      12
      13
       8
       9
       4
      12
      16
       9
      12
      11
       7
      10
       8
      14
      13
      10
      12
      11
      12
      19
       9
       8
       9
      11
      12
       5
      15
       5
      12
       6
      12
       7
       8
      14
      17
      10
      12
      12
      17
      10
      16
      15
      11
       9
       7
       9
      10
       8
       8
      12
      11
       8
      11
      10
       8
      10
      13
       9
       6
       9
       8
       9
      12
      12
      14
      13
       6
       3
       7
       9
      14
       8
      15
       8
       6
      10
       8
       6
       5
      13
      10
      15
      15
       6
       9
      17
       6
       7
       5
      10
      11
      12
      13
      10
       4
       6
      12
      13
      10
      10
      10
      11
      12
      16
      13
      11
      16
       9
      16
      12
       8
       8
      10
      18
       4
      14
      17
       8
       9
       6
       8
      14
      11
      12
      10
      14
      11
      10
      14
      11
       8
       9
       5
      13
       7
      14
       6
      12
       9
      12
      12
      10
       9
       7
       4
      19
      11
      12
       5
      16
      11
       7
      12
      11
       8
       8
       8
       6
       9
       7
       8
       9
      12
      15
       9
      14
      10
      11
       8
      11
       8
      11
       8
      11
      10
      10
       6
      14
       6
       2
       6
      11
      14
      13
       8
      13
      16
       9
       9
       9
       8
      14
      13
       6
      11
      11
       5
      15
       9
       8
      11
      11
       7
      10
       9
      10
       9
      15
      12
       9
       8
       7
      12
      13
       4
      13
       9
       6
       6
      12
      16
       7
      10
      10
      10
       9
       9
       7
      13
      24
      10
      13
      11
       7
      17
       8
      14
      19
      11
       9
      10
       9
      12
       8
      11
      12
       8
      12
      10
       9
       9
      10
       7
       9
       8
       8
       7
      11
      11
       4
      12
       4
      12
       7
       9
       7
       7
      12
       9
       7
      11
       5
       8
       8
       9
       8
       5
      18
       3
      13
       6
      12
      11
       9
      12
      10
      12
       7
      12
      13
       8
      10
      10
       8
      12
       9
      15
      10
      10
      11
      10
       9
      14
       3
      12
       9
       9
      10
       7
       7
      11
      10
      11
       7
      10
       7
       6
       9
      10
      19
      16
       9
      11
       7
       5
       8
       6
       9
      15
       9
       9
      13
       8
      10
      10
       7
       9
      10
      10
       9
      12
       7
       4
       6
       9
       4
      12
      13
      16
       6
      12
       9
       6
       8
      14
       9
       7
       3
       6
       4
      11
       8
      10
      10
       9
       7
      14
       9
       8
      11
      11
      15
      13
       5
      11
      13
       6
      11
      13
       5
      13
      11
      14
      10
      12
       8
       8
      12
      15
      18
      13
      15
      17
      19
      21
      26
      26
      42
      41
      46
      57
      50
      41
      42
      59
      61
      49
      52
      59
      61
      61
      46
      52
      38
      43
      37
      26
      25
      19
      21
      14
      12
      10
       8
      13
       7
      10
      15
       3
      12
       9
      10
      16
      14
      10
      17
       9
      14
      25
      18
      12
      15
      20
      19
      17
      17
      18
       9
      15
      12
      17
      17
      11
      15
      16
      13
      12
       8
       9
       7
      11
       6
       6
       7
      12
      14
      12
       6
       6
       7
      13
      15
      12
      11
      10
      10
       7
      10
       8
       6
      10
      11
       9
       7
       7
      11
      14
      10
      12
       6
      13
      10
       6
      14
       8
      15
      12
       8
      11
      11
       9
      11
      15
       6
      10
      12
      15
       9
       4
      12
      14
      11
      23
      18
      17
      17
      19
      25
      23
      29
      21
      18
      23
      16
      20
      29
      13
      19
      16
      21
      17
      16
      27
      15
      13
      14
      19
      10
      17
      24
      22
      16
      27
      24
      24
      35
      27
      22
      34
      27
      30
      35
      35
      44
      42
      22
      26
      28
      35
      24
      28
      24
      25
      16
      12
      12
      21
       9
      18
       8
       8
      11
      12
      11
      10
      15
      11
      16
       9
      13
      12
       7
      13
       7
       9
       6
       7
      11
       8
      13
      17
       9
      14
      11
      10
       8
      13
      11
       9
       9
       4
      17
       9
       8
      15
       7
      14
       9
      10
       7
      11
      13
       5
      12
      11
       9
       8
       9
      14
      12
       8
       9
      12
      13
      13
       6
      15
       9
       9
      10
      15
      13
       7
      18
      13
      13
      18
      15
      17
      11
      15
      12
      12
      10
      18
      12
       7
      12
      16
       5
      14
      13
       7
       4
      10
      16
      14
       9
       3
       4
      12
       4
       9
       6
       9
      11
       9
      12
       7
      11
       4
      13
      11
      11
      12
      12
      10
       9
       6
      13
      11
      13
       9
      15
      13
       5
       6
      12
       5
       6
      12
       9
      13
      13
      17
      15
      10
       6
      11
      13
       7
       8
      11
      10
       8
      13
       9
       6
       6
      13
      13
      11
      11
      14
      19
       5
      15
       5
       8
       9
       7
      10
      18
      11
       7
       8
      11
      14
      11
      11
       7
      11
      12
      11
       7
       6
      12
      14
       7
       6
      13
      12
       5
      12
      12
      12
       9
      10
      14
       5
       6
       7
      19
      11
      14
      10
      11
       8
      11
      11
       7
      13
       8
      17
       9
       8
      17
      14
       4
       7
       6
       9
       3
      10
       9
       7
      10
       9
       7
       9
       7
       9
       5
       9
      16
       9
       4
      15
       8
       7
       6
      12
       9
      12
      17
       5
      11
       8
       5
      11
       9
       7
      10
       8
       9
      20
      16
      11
      13
      14
      14
       7
      14
       9
      12
      10
      16
      15
      10
       6
       9
       6
      11
      15
      11
       8
       9
      12
      15
      10
      13
       4
      12
       7
       9
      10
      15
      10
      10
      14
       9
       9
       7
       9
       8
       4
       8
      10
      12
      10
       9
       6
      14
      11
       8
       6
      11
       8
      14
       6
      10
      11
       8
      11
      10
      10
       9
      13
       9
       9
      10
      11
       7
       9
      15
      16
      11
       8
      11
       6
      11
      10
       8
      10
       4
       9
      10
      11
      11
       7
      14
      16
      13
      19
      11
       6
      15
       8
       7
      10
      13
      15
      14
      13
       9
      13
       6
      11
      13
       9
      12
       8
       8
      10
       2
       8
      12
       8
      15
      10
      13
       5
       8
       8
       9
      10
      13
       4
       9
       7
      10
      12
      11
       6
      10
      13
      16
       9
       6
       9
       4
       2
      10
       8
      10
      13
      17
      10
       9
       8
      11
      11
      11
       5
      12
      12
      11
      15
       4
       7
      13
      12
      12
      10
       8
       8
      15
      11
      14
      10
      15
       8
       9
      15
      10
      13
       5
       7
      10
       5
       8
      13
      14
      10
      11
      13
      12
      13
      12
       7
      15
      16
      10
       8
      14
      15
       5
      11
      14
      14
      11
       9
      10
      15
       8
      10
       7
      11
       7
      10
      10
       7
      13
      11
      19
      12
      13
      11
      15
      10
       9
      11
      13
      10
      15
      12
      21
      13
      28
      24
      20
      18
      22
      25
      26
      30
      26
      26
      25
      44
      36
      31
      30
      38
      19
      23
      30
      27
      28
      22
      17
      19
      16
      18
      11
      11
      16
      12
      14
      10
      12
      14
      10
       8
       8
      15
      10
      12
      11
       6
       7
       8
       8
       9
      12
      11
      12
       7
      13
       9
      15
      13
       7
      11
      17
       7
       5
      13
       8
      13
       7
      13
      12
      11
      13
      13
       8
       6
      11
       9
      17
      16
      14
      14
      18
      17
      12
       8
      13
      12
      14
      11
       9
      13
      15
      13
       4
      15
       8
       9
      10
      10
      14
      15
      12
       9
      12
       9
      14
      12
      12
       6
       6
      10
      15
      16
      12
      12
       9
      12
      12
       8
      12
      15
      10
      15
       8
       9
       9
      24
       8
       7
      11
      13
      13
      13
       6
      14
      15
      10
      13
      12
      13
       9
       6
      18
      15
      20
      11
      12
      13
       9
      11
       9
      13
      18
      19
      11
      19
      20
      14
      15
      10
      14
      15
      17
      14
      10
      11
      12
      14
      13
      14
      13
      13
      15
      15
      10
      10
      14
       9
       9
       9
      15
      13
      11
      15
       9
      14
      10
      11
      15
       9
      14
      10
      13
      12
      12
       9
      12
       6
       4
       5
       8
      13
       7
       6
       6
      11
      12
       6
      10
       8
       5
       4
       7
       8
       6
       8
       4
      10
      13
      11
      11
      10
       5
       8
       9
      10
       8
       8
       2
       5
       7
       7
       9
       9
       6
      12
       7
       6
       7
       6
       8
       6
      10
       9
       5
       6
       7
      12
      10
       3
       9
      11
       4
       8
       3
       9
       8
       7
       6
       6
       9
       6
       9
       4
       7
       4
       5
       8
       8
       7
       5
      10
       7
       4
       8
       4
       7
       6
      14
       6
       3
       7
       5
       5
       4
       8
       5
       4
       7
       4
       6
       7
       3
      11
      10
       6
       9
       9
       9
       4
       9
       6
       6
       7
      11
       8
       6
      10
       9
       7
       6
       6
       5
       4
       7
       2
       7
       7
       7
       6
       4
      12
      12
       7
      10
       8
       8
       4
       6
       6
       3
      14
       6
       6
       6
       9
       6
       6
       7
       4
       8
       5
       6
       9
       9
       6
       5
       7
       6
       6
       7
       7
       4
       7
       5
       9
       5
      10
       7
       9
      11
       4
      12
      14
      17
      17
      11
      14
       7
      14
      12
      15
      14
      17
      16
      14
      13
      16
      15
      11
      12
      11
      12
       8
      14
      10
       4
      10
       4
       4
       4
       8
       4
       7
       9
       3
       4
       3
       4
       5
       5
       7
       3
       8
       7
       7
       7
       7
       8
       1
       9
       9
       5
       6
       9
       2
       4
       9
      10
      11
       7
       9
       9
       6
      15
       9
      11
      11
       5
       8
       9
       8
      10
       5
       8
       9
       8
      10
       6
      12
       8
       9
       7
       5
      12
      10
       4
       8
       7
      11
       6
       9
       5
      13
       1
       6
       9
      13
       6
       5
       5
       3
       7
       8
       8
       2
       8
       7
       8
       4
       8
       6
       9
       8
       6
      11
       5
       6
       5
       7
       7
       8
       5
       4
       9
       2
       7
      11
      11
       8
       3
       6
       6
       8
       3
       5
       7
       6
       3
       9
       9
       3
       8
       5
       5
      10
       4
       3
       4
       6
       2
       6
       5
       5
       6
       5
       9
       6
       3
       8
       8
       6
       1
       6
       4
      12
       5
       3
       4
       6
       9
       5
       6
      11
       6
       4
       5
       3
       6
       6
       2
       7
       2
       8
       6
       5
       5
       4
       6
       3
       7
       5
       9
       7
       3
       6
       8
       3
       8
       5
       5
       3
       4
       5
       1
       7
       3
       6
       5
       6
       3
       4
       6
       6
       3
       6
       7
       8
       2
       7
       6
       5
       7
       7
       5
       7
       5
       4
       9
       4
       6
       4
       7
       3
       2
       2
       6
       3
       7
       4
       5
       3
       2
       5
       4
       7
       6
       3
       4
       3
       3
      10
       1
       4
       1
       2
       3
       6
       0
       4
       5
       5
       6
       6
       4
       5
       9
       5
       6
       3
       7
       6
       1
       2
       6
       1
       3
       7
      11
       4
       5
       2
       7
       4
       7
       6
       9
       2
       2
       6
       8
       4
       7
       3
       4
       6
       4
       2
       2
       3
       5
       5
       2
       3
       6
       1
       7
       3
       5
       8
       4
       6
       5
       4
       7
       4
       3
       5
       2
       3
       0
       2
       3
       5
       3
       3
       4
       5
       5
       0
       7
       2
       5
       4
       3
       1
       3
       0
       7
       4
       8
       3
       6
       8
       6
       4
      10
       3
       4
       3
       1
       4
       7
       1
       4
       2
       4
       3
       6
       3
       3
       7
       3
       6
       5
       4
       5
       2
       5
       7
       4
       5
       7
       7
       6
       8
       6
       8
      12
       9
       5
      10
      13
       8
      12
      12
      15
      10
       9
      10
      43
      70
      54
      55
      64
      68
      69
      57
      70
      65
      44
      49
      62
      61
      62
      43
      46
      60
      45
      43
      77
      61
      68
      49
      56
      57
      55
      48
      57
      51
      65
      60
      50
      57
      57
      45
      81
      73
      50
      62
      56
      56
      65
      56
      59
      51
      42
      53
      48
      61
      57
      64
      55
      55
      60
      61
      58
      60
      68
      59
      60
      60
      62
      62
      58
      50
      71
      64
      56
      49
      60
      57
      59
      51
      53
      53
      59
      53
      53
      50
      60
      62
      48
      43
      41
      54
      57
      56
      53
      53
      54
      59
      49
      47
      56
      66
      57
      53
      57
      55
      57
      47
      56
      52
      60
      46
      49
      52
      43
      48
      73
      53
      50
      65
      59
      47
      62
      45
      54
      56
      60
      54
      71
      47
      55
      58
      60
      63
      51
      56
      58
      55
      53
      54
      60
      42
      51
      62
      53
      56
      61
      62
      65
      56
      53
      52
      66
      54
      50
      58
      50
      56
      53
      63
      59
      51
      66
      46
      51
      60
      54
      41
      48
      58
      58
      64
      54
      41
      58
      50
      53
      47
      52
      79
      45
      57
      67
      47
      43
      53
      55
      47
      57
      55
      26
#$ROI:
#0
#$PRESETS:
#None
#0
#0
#$ENER_FIT:
#0.000000 0.000000
#$MCA_CAL:
#3
#0.000000E+000 0.000000E+000 0.000000E+000 
#$SHAPE_CAL:
#3
#0.000000E+000 0.000000E+000 0.000000E+000
