# Menlo Systems GmbH ScanControl
# Program Version 1.7.0+git.a90605a3
# Start: -710.00000000 ps, Average over 5000 waveforms. Timestamp: 2023-11-21T14:39:57
# Window type: Tukey, parameters: alpha = 0.1
# User time axis shift: 0 ps
# Time axis offset: 0 ps
# Time [ps]	THz Signal [a.u.]
-710.08286712	0.00000000
-710.04953379	0.00000003
-710.01620045	0.00000008
-709.98286712	0.00000033
-709.94953379	0.00000020
-709.91620046	0.00000040
-709.88286712	0.00000057
-709.84953379	0.00000102
-709.81620046	0.00000091
-709.78286712	0.00000066
-709.74953379	0.00000025
-709.71620046	0.00000020
-709.68286712	-0.00000178
-709.64953379	0.00000093
-709.61620046	-0.00000202
-709.58286712	-0.00000111
-709.54953379	-0.00000323
-709.51620046	-0.00000418
-709.48286713	-0.00000432
-709.44953379	-0.00000242
-709.41620046	-0.00000913
-709.38286713	-0.00000861
-709.34953379	-0.00000985
-709.31620046	-0.00000521
-709.28286713	-0.00000838
-709.24953379	-0.00000204
-709.21620046	-0.00000958
-709.18286713	-0.00000843
-709.14953379	-0.00000852
-709.11620046	-0.00000287
-709.08286713	-0.00001142
-709.04953380	-0.00001538
-709.01620046	-0.00001777
-708.98286713	-0.00001253
-708.94953380	-0.00002062
-708.91620046	-0.00002639
-708.88286713	-0.00003631
-708.84953380	-0.00003552
-708.81620046	-0.00001789
-708.78286713	-0.00003838
-708.74953380	-0.00005880
-708.71620046	-0.00004948
-708.68286713	-0.00006315
-708.64953380	-0.00008518
-708.61620047	-0.00006700
-708.58286713	-0.00006529
-708.54953380	-0.00008109
-708.51620047	-0.00006505
-708.48286713	-0.00009731
-708.44953380	-0.00012634
-708.41620047	-0.00011828
-708.38286713	-0.00015658
-708.34953380	-0.00012583
-708.31620047	-0.00015284
-708.28286713	-0.00018131
-708.24953380	-0.00019390
-708.21620047	-0.00018414
-708.18286714	-0.00018615
-708.14953380	-0.00021371
-708.11620047	-0.00022231
-708.08286714	-0.00023372
-708.04953380	-0.00026821
-708.01620047	-0.00028694
-707.98286714	-0.00027748
-707.94953380	-0.00025856
-707.91620047	-0.00027392
-707.88286714	-0.00029542
-707.84953380	-0.00032998
-707.81620047	-0.00034937
-707.78286714	-0.00032994
-707.74953381	-0.00039122
-707.71620047	-0.00035728
-707.68286714	-0.00039661
-707.64953381	-0.00039837
-707.61620047	-0.00040822
-707.58286714	-0.00040054
-707.54953381	-0.00045354
-707.51620047	-0.00043924
-707.48286714	-0.00044135
-707.44953381	-0.00046785
-707.41620048	-0.00042975
-707.38286714	-0.00050476
-707.34953381	-0.00054332
-707.31620048	-0.00055761
-707.28286714	-0.00051009
-707.24953381	-0.00058961
-707.21620048	-0.00055510
-707.18286714	-0.00057182
-707.14953381	-0.00054766
-707.11620048	-0.00060242
-707.08286714	-0.00059682
-707.04953381	-0.00059761
-707.01620048	-0.00059647
-706.98286715	-0.00054375
-706.94953381	-0.00062722
-706.91620048	-0.00060372
-706.88286715	-0.00063110
-706.84953381	-0.00061750
-706.81620048	-0.00056197
-706.78286715	-0.00059307
-706.74953381	-0.00056821
-706.71620048	-0.00054239
-706.68286715	-0.00053354
-706.64953381	-0.00060917
-706.61620048	-0.00052585
-706.58286715	-0.00053579
-706.54953382	-0.00052670
-706.51620048	-0.00054923
-706.48286715	-0.00053573
-706.44953382	-0.00050307
-706.41620048	-0.00048888
-706.38286715	-0.00049584
-706.34953382	-0.00047064
-706.31620048	-0.00045604
-706.28286715	-0.00048325
-706.24953382	-0.00048856
-706.21620048	-0.00044298
-706.18286715	-0.00051342
-706.14953382	-0.00053534
-706.11620049	-0.00052698
-706.08286715	-0.00045097
-706.04953382	-0.00047774
-706.01620049	-0.00054510
-705.98286715	-0.00050972
-705.94953382	-0.00048790
-705.91620049	-0.00054307
-705.88286715	-0.00056348
-705.84953382	-0.00057546
-705.81620049	-0.00057192
-705.78286715	-0.00056340
-705.74953382	-0.00058939
-705.71620049	-0.00063281
-705.68286716	-0.00056715
-705.64953382	-0.00063566
-705.61620049	-0.00068083
-705.58286716	-0.00068496
-705.54953382	-0.00071485
-705.51620049	-0.00065496
-705.48286716	-0.00069604
-705.44953382	-0.00073597
-705.41620049	-0.00069894
-705.38286716	-0.00065957
-705.34953382	-0.00073440
-705.31620049	-0.00069479
-705.28286716	-0.00066438
-705.24953383	-0.00073190
-705.21620049	-0.00069300
-705.18286716	-0.00065096
-705.14953383	-0.00071536
-705.11620049	-0.00068403
-705.08286716	-0.00067454
-705.04953383	-0.00066202
-705.01620049	-0.00061375
-704.98286716	-0.00058041
-704.94953383	-0.00055641
-704.91620049	-0.00059654
-704.88286716	-0.00051240
-704.84953383	-0.00048317
-704.81620050	-0.00052143
-704.78286716	-0.00046684
-704.74953383	-0.00045447
-704.71620050	-0.00042587
-704.68286716	-0.00042573
-704.64953383	-0.00034712
-704.61620050	-0.00032886
-704.58286716	-0.00026946
-704.54953383	-0.00027227
-704.51620050	-0.00023861
-704.48286716	-0.00022499
-704.44953383	-0.00019282
-704.41620050	-0.00014777
-704.38286717	-0.00012208
-704.34953383	-0.00003328
-704.31620050	-0.00003209
-704.28286717	-0.00007529
-704.24953383	-0.00002761
-704.21620050	-0.00003185
-704.18286717	-0.00001770
-704.14953383	-0.00006807
-704.11620050	-0.00007987
-704.08286717	-0.00006727
-704.04953383	-0.00008082
-704.01620050	-0.00013258
-703.98286717	-0.00017968
-703.94953384	-0.00020886
-703.91620050	-0.00033569
-703.88286717	-0.00036430
-703.84953384	-0.00045964
-703.81620050	-0.00054592
-703.78286717	-0.00067577
-703.74953384	-0.00080112
-703.71620050	-0.00094338
-703.68286717	-0.00100189
-703.64953384	-0.00120604
-703.61620050	-0.00142168
-703.58286717	-0.00152812
-703.54953384	-0.00161132
-703.51620051	-0.00181046
-703.48286717	-0.00198371
-703.44953384	-0.00215307
-703.41620051	-0.00218246
-703.38286717	-0.00236357
-703.34953384	-0.00250943
-703.31620051	-0.00254194
-703.28286717	-0.00263457
-703.24953384	-0.00269651
-703.21620051	-0.00278427
-703.18286717	-0.00277797
-703.14953384	-0.00275652
-703.11620051	-0.00270010
-703.08286718	-0.00263384
-703.04953384	-0.00247512
-703.01620051	-0.00230330
-702.98286718	-0.00215409
-702.94953384	-0.00186903
-702.91620051	-0.00161172
-702.88286718	-0.00131595
-702.84953384	-0.00097833
-702.81620051	-0.00060651
-702.78286718	-0.00020957
-702.74953384	0.00020373
-702.71620051	0.00054654
-702.68286718	0.00089831
-702.64953385	0.00135958
-702.61620051	0.00181640
-702.58286718	0.00212312
-702.54953385	0.00249763
-702.51620051	0.00276598
-702.48286718	0.00306191
-702.44953385	0.00325638
-702.41620051	0.00347895
-702.38286718	0.00353733
-702.34953385	0.00359822
-702.31620051	0.00357766
-702.28286718	0.00343858
-702.24953385	0.00329767
-702.21620052	0.00297650
-702.18286718	0.00272031
-702.14953385	0.00232048
-702.11620052	0.00192169
-702.08286718	0.00129403
-702.04953385	0.00074801
-702.01620052	0.00011782
-701.98286718	-0.00052145
-701.94953385	-0.00116602
-701.91620052	-0.00177624
-701.88286718	-0.00240044
-701.84953385	-0.00300655
-701.81620052	-0.00347948
-701.78286719	-0.00404727
-701.74953385	-0.00443504
-701.71620052	-0.00473736
-701.68286719	-0.00502623
-701.64953385	-0.00518437
-701.61620052	-0.00521398
-701.58286719	-0.00520395
-701.54953385	-0.00503354
-701.51620052	-0.00477613
-701.48286719	-0.00441194
-701.44953385	-0.00397089
-701.41620052	-0.00344170
-701.38286719	-0.00277548
-701.34953386	-0.00213013
-701.31620052	-0.00150878
-701.28286719	-0.00076699
-701.24953386	-0.00011754
-701.21620052	0.00047596
-701.18286719	0.00117933
-701.14953386	0.00168556
-701.11620052	0.00216661
-701.08286719	0.00252127
-701.04953386	0.00277027
-701.01620052	0.00300726
-700.98286719	0.00307634
-700.94953386	0.00300476
-700.91620053	0.00288686
-700.88286719	0.00264389
-700.84953386	0.00216254
-700.81620053	0.00172198
-700.78286719	0.00120991
-700.74953386	0.00067660
-700.71620053	0.00001421
-700.68286719	-0.00061917
-700.64953386	-0.00124841
-700.61620053	-0.00187036
-700.58286719	-0.00246955
-700.54953386	-0.00294185
-700.51620053	-0.00338510
-700.48286720	-0.00363868
-700.44953386	-0.00385978
-700.41620053	-0.00399332
-700.38286720	-0.00405088
-700.34953386	-0.00388599
-700.31620053	-0.00373807
-700.28286720	-0.00343432
-700.24953386	-0.00303962
-700.21620053	-0.00259926
-700.18286720	-0.00203235
-700.14953386	-0.00156272
-700.11620053	-0.00101372
-700.08286720	-0.00045957
-700.04953387	0.00003250
-700.01620053	0.00047912
-699.98286720	0.00087228
-699.94953387	0.00121408
-699.91620053	0.00145945
-699.88286720	0.00161818
-699.84953387	0.00166723
-699.81620053	0.00157183
-699.78286720	0.00154697
-699.74953387	0.00128099
-699.71620053	0.00093247
-699.68286720	0.00063619
-699.64953387	0.00024516
-699.61620054	-0.00020215
-699.58286720	-0.00057214
-699.54953387	-0.00098375
-699.51620054	-0.00134226
-699.48286720	-0.00159358
-699.44953387	-0.00191781
-699.41620054	-0.00206692
-699.38286720	-0.00223060
-699.34953387	-0.00226297
-699.31620054	-0.00217965
-699.28286721	-0.00212643
-699.24953387	-0.00190149
-699.21620054	-0.00171776
-699.18286721	-0.00145789
-699.14953387	-0.00117253
-699.11620054	-0.00089072
-699.08286721	-0.00063614
-699.04953387	-0.00039680
-699.01620054	-0.00017721
-698.98286721	-0.00009432
-698.94953387	0.00000702
-698.91620054	-0.00002576
-698.88286721	-0.00008756
-698.84953388	-0.00014987
-698.81620054	-0.00039182
-698.78286721	-0.00065002
-698.74953388	-0.00099753
-698.71620054	-0.00126718
-698.68286721	-0.00159985
-698.64953388	-0.00202531
-698.61620054	-0.00236191
-698.58286721	-0.00261535
-698.54953388	-0.00284633
-698.51620054	-0.00296215
-698.48286721	-0.00300032
-698.44953388	-0.00304157
-698.41620055	-0.00301223
-698.38286721	-0.00277236
-698.34953388	-0.00253192
-698.31620055	-0.00220314
-698.28286721	-0.00183425
-698.24953388	-0.00139309
-698.21620055	-0.00091573
-698.18286721	-0.00047022
-698.14953388	-0.00006167
-698.11620055	0.00029302
-698.08286721	0.00070095
-698.04953388	0.00103723
-698.01620055	0.00128504
-697.98286722	0.00139777
-697.94953388	0.00151945
-697.91620055	0.00151267
-697.88286722	0.00139612
-697.84953388	0.00131250
-697.81620055	0.00108069
-697.78286722	0.00073112
-697.74953388	0.00041796
-697.71620055	0.00013744
-697.68286722	-0.00022108
-697.64953388	-0.00056746
-697.61620055	-0.00092341
-697.58286722	-0.00118110
-697.54953389	-0.00139963
-697.51620055	-0.00159204
-697.48286722	-0.00169141
-697.44953389	-0.00177934
-697.41620055	-0.00172730
-697.38286722	-0.00176076
-697.34953389	-0.00163719
-697.31620055	-0.00150095
-697.28286722	-0.00143245
-697.24953389	-0.00127357
-697.21620055	-0.00122997
-697.18286722	-0.00102828
-697.14953389	-0.00092828
-697.11620056	-0.00086679
-697.08286722	-0.00084747
-697.04953389	-0.00080442
-697.01620056	-0.00090007
-696.98286722	-0.00097227
-696.94953389	-0.00101390
-696.91620056	-0.00098969
-696.88286722	-0.00120508
-696.84953389	-0.00125245
-696.81620056	-0.00130593
-696.78286722	-0.00142301
-696.74953389	-0.00144070
-696.71620056	-0.00138643
-696.68286723	-0.00132542
-696.64953389	-0.00124185
-696.61620056	-0.00116858
-696.58286723	-0.00104098
-696.54953389	-0.00089438
-696.51620056	-0.00067469
-696.48286723	-0.00044535
-696.44953389	-0.00034770
-696.41620056	-0.00020087
-696.38286723	-0.00005870
-696.34953389	0.00000593
-696.31620056	0.00003691
-696.28286723	0.00003158
-696.24953390	-0.00000912
-696.21620056	-0.00010701
-696.18286723	-0.00028216
-696.14953390	-0.00049096
-696.11620056	-0.00070673
-696.08286723	-0.00090791
-696.04953390	-0.00114293
-696.01620056	-0.00139763
-695.98286723	-0.00162570
-695.94953390	-0.00176470
-695.91620056	-0.00189520
-695.88286723	-0.00198298
-695.84953390	-0.00197185
-695.81620057	-0.00196261
-695.78286723	-0.00182589
-695.74953390	-0.00169346
-695.71620057	-0.00151938
-695.68286723	-0.00131000
-695.64953390	-0.00105671
-695.61620057	-0.00080875
-695.58286723	-0.00051975
-695.54953390	-0.00031619
-695.51620057	-0.00009318
-695.48286723	0.00003355
-695.44953390	0.00014751
-695.41620057	0.00022120
-695.38286724	0.00027704
-695.34953390	0.00022648
-695.31620057	0.00006059
-695.28286724	-0.00010617
-695.24953390	-0.00023874
-695.21620057	-0.00041131
-695.18286724	-0.00065889
-695.14953390	-0.00091394
-695.11620057	-0.00116327
-695.08286724	-0.00138712
-695.04953390	-0.00153821
-695.01620057	-0.00171538
-694.98286724	-0.00176325
-694.94953391	-0.00183369
-694.91620057	-0.00189738
-694.88286724	-0.00187118
-694.84953391	-0.00182676
-694.81620057	-0.00176593
-694.78286724	-0.00174098
-694.74953391	-0.00163490
-694.71620057	-0.00155177
-694.68286724	-0.00147841
-694.64953391	-0.00148622
-694.61620057	-0.00138791
-694.58286724	-0.00142831
-694.54953391	-0.00138908
-694.51620058	-0.00149830
-694.48286724	-0.00157820
-694.44953391	-0.00165418
-694.41620058	-0.00177206
-694.38286724	-0.00187294
-694.34953391	-0.00206610
-694.31620058	-0.00213278
-694.28286724	-0.00223748
-694.24953391	-0.00235158
-694.21620058	-0.00243307
-694.18286724	-0.00245658
-694.14953391	-0.00245675
-694.11620058	-0.00241732
-694.08286725	-0.00231070
-694.04953391	-0.00219435
-694.01620058	-0.00206630
-693.98286725	-0.00191558
-693.94953391	-0.00177113
-693.91620058	-0.00155415
-693.88286725	-0.00136499
-693.84953391	-0.00112142
-693.81620058	-0.00087799
-693.78286725	-0.00063162
-693.74953391	-0.00047346
-693.71620058	-0.00030050
-693.68286725	-0.00013611
-693.64953392	0.00000154
-693.61620058	0.00013280
-693.58286725	0.00028718
-693.54953392	0.00029937
-693.51620058	0.00036029
-693.48286725	0.00043623
-693.44953392	0.00050725
-693.41620058	0.00046420
-693.38286725	0.00040206
-693.34953392	0.00040297
-693.31620058	0.00025586
-693.28286725	0.00013558
-693.24953392	-0.00009692
-693.21620059	-0.00035203
-693.18286725	-0.00071582
-693.14953392	-0.00101274
-693.11620059	-0.00135109
-693.08286725	-0.00183588
-693.04953392	-0.00233916
-693.01620059	-0.00285094
-692.98286725	-0.00341366
-692.94953392	-0.00388821
-692.91620059	-0.00438771
-692.88286725	-0.00486051
-692.84953392	-0.00530633
-692.81620059	-0.00562813
-692.78286726	-0.00592130
-692.74953392	-0.00608390
-692.71620059	-0.00615156
-692.68286726	-0.00598033
-692.64953392	-0.00571433
-692.61620059	-0.00527556
-692.58286726	-0.00471732
-692.54953392	-0.00384358
-692.51620059	-0.00275622
-692.48286726	-0.00150220
-692.44953392	-0.00003005
-692.41620059	0.00160326
-692.38286726	0.00351166
-692.34953393	0.00554637
-692.31620059	0.00773859
-692.28286726	0.01020522
-692.24953393	0.01282889
-692.21620059	0.01561736
-692.18286726	0.01848764
-692.14953393	0.02152486
-692.11620059	0.02455574
-692.08286726	0.02772342
-692.04953393	0.03087207
-692.01620059	0.03407054
-691.98286726	0.03710102
-691.94953393	0.04007848
-691.91620060	0.04299381
-691.88286726	0.04559382
-691.84953393	0.04789672
-691.81620060	0.04998997
-691.78286726	0.05166326
-691.74953393	0.05294355
-691.71620060	0.05366533
-691.68286726	0.05377836
-691.64953393	0.05325116
-691.61620060	0.05200316
-691.58286726	0.04997719
-691.54953393	0.04713935
-691.51620060	0.04344618
-691.48286727	0.03876008
-691.44953393	0.03300247
-691.41620060	0.02631169
-691.38286727	0.01849573
-691.34953393	0.00957640
-691.31620060	-0.00029094
-691.28286727	-0.01127696
-691.24953393	-0.02338555
-691.21620060	-0.03639898
-691.18286727	-0.05044047
-691.14953394	-0.06528835
-691.11620060	-0.08080514
-691.08286727	-0.09704661
-691.04953394	-0.11366083
-691.01620060	-0.13041384
-690.98286727	-0.14725458
-690.94953394	-0.16398023
-690.91620060	-0.18001420
-690.88286727	-0.19533660
-690.84953394	-0.20941437
-690.81620060	-0.22202036
-690.78286727	-0.23280886
-690.74953394	-0.24129930
-690.71620061	-0.24730015
-690.68286727	-0.25031381
-690.64953394	-0.25002229
-690.61620061	-0.24613225
-690.58286727	-0.23828696
-690.54953394	-0.22654431
-690.51620061	-0.21046077
-690.48286727	-0.19014259
-690.44953394	-0.16543011
-690.41620061	-0.13653006
-690.38286727	-0.10365303
-690.34953394	-0.06691749
-690.31620061	-0.02684115
-690.28286728	0.01619439
-690.24953394	0.06153425
-690.21620061	0.10858032
-690.18286728	0.15654045
-690.14953394	0.20450547
-690.11620061	0.25176250
-690.08286728	0.29735093
-690.04953394	0.34014506
-690.01620061	0.37941489
-689.98286728	0.41405744
-689.94953394	0.44334630
-689.91620061	0.46632443
-689.88286728	0.48224457
-689.84953395	0.49047580
-689.81620061	0.49056288
-689.78286728	0.48211081
-689.74953395	0.46489595
-689.71620061	0.43872788
-689.68286728	0.40412298
-689.64953395	0.36109542
-689.61620061	0.31028756
-689.58286728	0.25258705
-689.54953395	0.18866128
-689.51620061	0.11972407
-689.48286728	0.04699398
-689.44953395	-0.02814019
-689.41620062	-0.10419584
-689.38286728	-0.17956907
-689.34953395	-0.25256634
-689.31620062	-0.32156710
-689.28286728	-0.38487236
-689.24953395	-0.44092267
-689.21620062	-0.48814410
-689.18286728	-0.52531393
-689.14953395	-0.55127776
-689.11620062	-0.56512656
-689.08286728	-0.56645025
-689.04953395	-0.55478755
-689.01620062	-0.53032436
-688.98286729	-0.49368308
-688.94953395	-0.44555549
-688.91620062	-0.38709724
-688.88286729	-0.31975497
-688.84953395	-0.24529261
-688.81620062	-0.16570987
-688.78286729	-0.08302307
-688.74953395	0.00049114
-688.71620062	0.08260198
-688.68286729	0.16111151
-688.64953395	0.23375051
-688.61620062	0.29867591
-688.58286729	0.35419363
-688.54953396	0.39860974
-688.51620062	0.43093786
-688.48286729	0.45009040
-688.44953396	0.45584800
-688.41620062	0.44809738
-688.38286729	0.42723399
-688.34953396	0.39389487
-688.31620062	0.34923962
-688.28286729	0.29472022
-688.24953396	0.23214461
-688.21620062	0.16341702
-688.18286729	0.09084456
-688.14953396	0.01663264
-688.11620063	-0.05674409
-688.08286729	-0.12697160
-688.04953396	-0.19172206
-688.01620063	-0.24888720
-687.98286729	-0.29657908
-687.94953396	-0.33331056
-687.91620063	-0.35791427
-687.88286729	-0.36963682
-687.84953396	-0.36828189
-687.81620063	-0.35408651
-687.78286729	-0.32764061
-687.74953396	-0.29030520
-687.71620063	-0.24348766
-687.68286730	-0.18928018
-687.64953396	-0.12962684
-687.61620063	-0.06710185
-687.58286730	-0.00391651
-687.54953396	0.05734689
-687.51620063	0.11455600
-687.48286730	0.16552849
-687.44953396	0.20854237
-687.41620063	0.24199014
-687.38286730	0.26489315
-687.34953396	0.27656990
-687.31620063	0.27693243
-687.28286730	0.26616648
-687.24953397	0.24492903
-687.21620063	0.21425162
-687.18286730	0.17585530
-687.14953397	0.13132774
-687.11620063	0.08269049
-687.08286730	0.03201106
-687.04953397	-0.01841471
-687.01620063	-0.06645217
-686.98286730	-0.11014853
-686.94953397	-0.14774990
-686.91620063	-0.17756157
-686.88286730	-0.19857827
-686.84953397	-0.20995525
-686.81620064	-0.21146965
-686.78286730	-0.20322375
-686.74953397	-0.18592613
-686.71620064	-0.16052413
-686.68286730	-0.12847668
-686.64953397	-0.09135447
-686.61620064	-0.05113578
-686.58286730	-0.00977864
-686.54953397	0.03062520
-686.51620064	0.06827273
-686.48286730	0.10139445
-686.44953397	0.12841531
-686.41620064	0.14823388
-686.38286731	0.16011613
-686.34953397	0.16358075
-686.31620064	0.15851569
-686.28286731	0.14550913
-686.24953397	0.12533108
-686.21620064	0.09909666
-686.18286731	0.06808977
-686.14953397	0.03417335
-686.11620064	-0.00120094
-686.08286731	-0.03599482
-686.04953397	-0.06851959
-686.01620064	-0.09727505
-685.98286731	-0.12079998
-685.94953398	-0.13792514
-685.91620064	-0.14792555
-685.88286731	-0.15048268
-685.84953398	-0.14552893
-685.81620064	-0.13337290
-685.78286731	-0.11508122
-685.74953398	-0.09140379
-685.71620064	-0.06384883
-685.68286731	-0.03404249
-685.64953398	-0.00345822
-685.61620064	0.02631582
-685.58286731	0.05360720
-685.54953398	0.07706728
-685.51620065	0.09563797
-685.48286731	0.10833401
-685.44953398	0.11469709
-685.41620065	0.11458574
-685.38286731	0.10809077
-685.34953398	0.09573089
-685.31620065	0.07839050
-685.28286731	0.05722488
-685.24953398	0.03333873
-685.21620065	0.00818412
-685.18286731	-0.01670904
-685.14953398	-0.03996763
-685.11620065	-0.06025690
-685.08286732	-0.07666101
-685.04953398	-0.08814779
-685.01620065	-0.09420864
-684.98286732	-0.09440322
-684.94953398	-0.08925794
-684.91620065	-0.07892621
-684.88286732	-0.06408728
-684.84953398	-0.04578009
-684.81620065	-0.02531735
-684.78286732	-0.00370847
-684.74953398	0.01760493
-684.71620065	0.03729359
-684.68286732	0.05418019
-684.64953399	0.06748928
-684.61620065	0.07636798
-684.58286732	0.08030006
-684.54953399	0.07918828
-684.51620065	0.07328037
-684.48286732	0.06286209
-684.44953399	0.04877087
-684.41620065	0.03183994
-684.38286732	0.01319728
-684.34953399	-0.00593831
-684.31620065	-0.02446851
-684.28286732	-0.04110419
-684.24953399	-0.05484483
-684.21620066	-0.06489221
-684.18286732	-0.07062926
-684.14953399	-0.07168613
-684.11620066	-0.06804945
-684.08286732	-0.06003815
-684.04953399	-0.04813574
-684.01620066	-0.03304594
-683.98286732	-0.01580622
-683.94953399	0.00233444
-683.91620066	0.02044415
-683.88286732	0.03728168
-683.84953399	0.05177803
-683.81620066	0.06299917
-683.78286733	0.07028669
-683.74953399	0.07319784
-683.71620066	0.07162609
-683.68286733	0.06556966
-683.64953399	0.05551492
-683.61620066	0.04203794
-683.58286733	0.02607270
-683.54953399	0.00849033
-683.51620066	-0.00952905
-683.48286733	-0.02678102
-683.44953399	-0.04230021
-683.41620066	-0.05511754
-683.38286733	-0.06436671
-683.34953400	-0.06964448
-683.31620066	-0.07042799
-683.28286733	-0.06688253
-683.24953400	-0.05921587
-683.21620066	-0.04788470
-683.18286733	-0.03366907
-683.14953400	-0.01749738
-683.11620066	-0.00043497
-683.08286733	0.01651046
-683.04953400	0.03219692
-683.01620067	0.04573853
-682.98286733	0.05616057
-682.94953400	0.06289392
-682.91620067	0.06560354
-682.88286733	0.06420437
-682.84953400	0.05858301
-682.81620067	0.04937943
-682.78286733	0.03714725
-682.74953400	0.02257681
-682.71620067	0.00663272
-682.68286733	-0.00971268
-682.64953400	-0.02540209
-682.61620067	-0.03949797
-682.58286734	-0.05122564
-682.54953400	-0.06002626
-682.51620067	-0.06520867
-682.48286734	-0.06676991
-682.44953400	-0.06465447
-682.41620067	-0.05921086
-682.38286734	-0.05077791
-682.34953400	-0.04021536
-682.31620067	-0.02816554
-682.28286734	-0.01559388
-682.24953400	-0.00323628
-682.21620067	0.00799179
-682.18286734	0.01731446
-682.14953401	0.02423388
-682.11620067	0.02847154
-682.08286734	0.02971436
-682.04953401	0.02802374
-682.01620067	0.02372518
-681.98286734	0.01723832
-681.94953401	0.00919806
-681.91620067	0.00022667
-681.88286734	-0.00892503
-681.84953401	-0.01731290
-681.81620067	-0.02426477
-681.78286734	-0.02934116
-681.74953401	-0.03187232
-681.71620068	-0.03177117
-681.68286734	-0.02878258
-681.64953401	-0.02309763
-681.61620068	-0.01516339
-681.58286734	-0.00519565
-681.54953401	0.00595030
-681.51620068	0.01758822
-681.48286734	0.02902195
-681.44953401	0.03940802
-681.41620068	0.04802758
-681.38286734	0.05441969
-681.34953401	0.05811859
-681.31620068	0.05879150
-681.28286735	0.05642111
-681.24953401	0.05109512
-681.21620068	0.04321686
-681.18286735	0.03321551
-681.14953401	0.02165512
-681.11620068	0.00921570
-681.08286735	-0.00339091
-681.04953401	-0.01527761
-681.01620068	-0.02602303
-680.98286735	-0.03501723
-680.94953401	-0.04174552
-680.91620068	-0.04607708
-680.88286735	-0.04789222
-680.84953402	-0.04714064
-680.81620068	-0.04421010
-680.78286735	-0.03951782
-680.74953402	-0.03340422
-680.71620068	-0.02655830
-680.68286735	-0.01936486
-680.64953402	-0.01259018
-680.61620068	-0.00652631
-680.58286735	-0.00165173
-680.54953402	0.00184195
-680.51620068	0.00377031
-680.48286735	0.00428475
-680.44953402	0.00336091
-680.41620069	0.00134877
-680.38286735	-0.00145028
-680.34953402	-0.00450766
-680.31620069	-0.00748832
-680.28286735	-0.00987950
-680.24953402	-0.01144077
-680.21620069	-0.01174645
-680.18286735	-0.01072375
-680.14953402	-0.00837529
-680.11620069	-0.00461953
-680.08286735	0.00013350
-680.04953402	0.00569755
-680.01620069	0.01160336
-679.98286736	0.01740994
-679.94953402	0.02274733
-679.91620069	0.02691927
-679.88286736	0.02982938
-679.84953402	0.03098719
-679.81620069	0.03019245
-679.78286736	0.02743663
-679.74953402	0.02283536
-679.71620069	0.01667064
-679.68286736	0.00915555
-679.64953402	0.00070264
-679.61620069	-0.00809157
-679.58286736	-0.01672522
-679.54953403	-0.02455916
-679.51620069	-0.03119841
-679.48286736	-0.03611667
-679.44953403	-0.03907860
-679.41620069	-0.03986650
-679.38286736	-0.03842314
-679.34953403	-0.03485738
-679.31620069	-0.02932795
-679.28286736	-0.02230285
-679.24953403	-0.01420548
-679.21620069	-0.00551534
-679.18286736	0.00319094
-679.14953403	0.01143260
-679.11620070	0.01859547
-679.08286736	0.02434520
-679.04953403	0.02853620
-679.01620070	0.03070185
-678.98286736	0.03087341
-678.94953403	0.02916517
-678.91620070	0.02580908
-678.88286736	0.02106743
-678.84953403	0.01520554
-678.81620070	0.00886480
-678.78286736	0.00227153
-678.74953403	-0.00405310
-678.71620070	-0.00973149
-678.68286737	-0.01436171
-678.64953403	-0.01783482
-678.61620070	-0.01995483
-678.58286737	-0.02079401
-678.54953403	-0.02019591
-678.51620070	-0.01848063
-678.48286737	-0.01589058
-678.44953403	-0.01255242
-678.41620070	-0.00897547
-678.38286737	-0.00530983
-678.34953403	-0.00180274
-678.31620070	0.00122805
-678.28286737	0.00360642
-678.24953404	0.00524081
-678.21620070	0.00612949
-678.18286737	0.00632248
-678.14953404	0.00573754
-678.11620070	0.00466139
-678.08286737	0.00331954
-678.04953404	0.00176382
-678.01620070	0.00021649
-677.98286737	-0.00127028
-677.94953404	-0.00245064
-677.91620070	-0.00323125
-677.88286737	-0.00377386
-677.84953404	-0.00395879
-677.81620071	-0.00383948
-677.78286737	-0.00362390
-677.74953404	-0.00339632
-677.71620071	-0.00316591
-677.68286737	-0.00311670
-677.64953404	-0.00345339
-677.61620071	-0.00401572
-677.58286737	-0.00497179
-677.54953404	-0.00624041
-677.51620071	-0.00770011
-677.48286737	-0.00927640
-677.44953404	-0.01087434
-677.41620071	-0.01222768
-677.38286738	-0.01324059
-677.34953404	-0.01375310
-677.31620071	-0.01361454
-677.28286738	-0.01275156
-677.24953404	-0.01126372
-677.21620071	-0.00901195
-677.18286738	-0.00626794
-677.14953404	-0.00307691
-677.11620071	0.00038170
-677.08286738	0.00381929
-677.04953404	0.00700088
-677.01620071	0.00970144
-676.98286738	0.01177836
-676.94953405	0.01293124
-676.91620071	0.01310700
-676.88286738	0.01240919
-676.84953405	0.01074478
-676.81620071	0.00821488
-676.78286738	0.00502885
-676.74953405	0.00139574
-676.71620071	-0.00245308
-676.68286738	-0.00618992
-676.64953405	-0.00952430
-676.61620071	-0.01230011
-676.58286738	-0.01414914
-676.54953405	-0.01506036
-676.51620072	-0.01503361
-676.48286738	-0.01383787
-676.44953405	-0.01171606
-676.41620072	-0.00880113
-676.38286738	-0.00524327
-676.34953405	-0.00145592
-676.31620072	0.00244937
-676.28286738	0.00612150
-676.24953405	0.00924896
-676.21620072	0.01165263
-676.18286738	0.01315198
-676.14953405	0.01361452
-676.11620072	0.01302621
-676.08286739	0.01148062
-676.04953405	0.00901235
-676.01620072	0.00584325
-675.98286739	0.00224944
-675.94953405	-0.00159895
-675.91620072	-0.00539268
-675.88286739	-0.00881144
-675.84953405	-0.01171281
-675.81620072	-0.01390046
-675.78286739	-0.01516239
-675.74953405	-0.01555063
-675.71620072	-0.01496292
-675.68286739	-0.01355094
-675.64953406	-0.01149427
-675.61620072	-0.00895383
-675.58286739	-0.00605427
-675.54953406	-0.00321794
-675.51620072	-0.00052375
-675.48286739	0.00184489
-675.44953406	0.00372863
-675.41620072	0.00488934
-675.38286739	0.00539646
-675.34953406	0.00515345
-675.31620072	0.00431015
-675.28286739	0.00287624
-675.24953406	0.00106844
-675.21620073	-0.00102563
-675.18286739	-0.00309148
-675.14953406	-0.00499608
-675.11620073	-0.00672876
-675.08286739	-0.00788517
-675.04953406	-0.00861209
-675.01620073	-0.00877860
-674.98286739	-0.00836816
-674.94953406	-0.00753593
-674.91620073	-0.00627188
-674.88286740	-0.00455913
-674.84953406	-0.00277589
-674.81620073	-0.00109310
-674.78286740	0.00053328
-674.74953406	0.00190689
-674.71620073	0.00292248
-674.68286740	0.00349938
-674.64953406	0.00357136
-674.61620073	0.00325119
-674.58286740	0.00254600
-674.54953406	0.00145755
-674.51620073	0.00007329
-674.48286740	-0.00142856
-674.44953407	-0.00300466
-674.41620073	-0.00442603
-674.38286740	-0.00575349
-674.34953407	-0.00682316
-674.31620073	-0.00756388
-674.28286740	-0.00800233
-674.24953407	-0.00810798
-674.21620073	-0.00798057
-674.18286740	-0.00768184
-674.14953407	-0.00708367
-674.11620073	-0.00633706
-674.08286740	-0.00560663
-674.04953407	-0.00496714
-674.01620074	-0.00424613
-673.98286740	-0.00366984
-673.94953407	-0.00319183
-673.91620074	-0.00292593
-673.88286740	-0.00271231
-673.84953407	-0.00262344
-673.81620074	-0.00257533
-673.78286740	-0.00254625
-673.74953407	-0.00245235
-673.71620074	-0.00236333
-673.68286740	-0.00222948
-673.64953407	-0.00206733
-673.61620074	-0.00175715
-673.58286741	-0.00151498
-673.54953407	-0.00115639
-673.51620074	-0.00088093
-673.48286741	-0.00057130
-673.44953407	-0.00031217
-673.41620074	-0.00018141
-673.38286741	-0.00014283
-673.34953407	-0.00023010
-673.31620074	-0.00034409
-673.28286741	-0.00065907
-673.24953407	-0.00097803
-673.21620074	-0.00125610
-673.18286741	-0.00161794
-673.14953408	-0.00180309
-673.11620074	-0.00194879
-673.08286741	-0.00209521
-673.04953408	-0.00206634
-673.01620074	-0.00201596
-672.98286741	-0.00184129
-672.94953408	-0.00151790
-672.91620074	-0.00127357
-672.88286741	-0.00095725
-672.84953408	-0.00071174
-672.81620074	-0.00056958
-672.78286741	-0.00050321
-672.74953408	-0.00059029
-672.71620075	-0.00084875
-672.68286741	-0.00122002
-672.64953408	-0.00173163
-672.61620075	-0.00223578
-672.58286741	-0.00277233
-672.54953408	-0.00335410
-672.51620075	-0.00376457
-672.48286741	-0.00406258
-672.44953408	-0.00422109
-672.41620075	-0.00423307
-672.38286741	-0.00399182
-672.34953408	-0.00346581
-672.31620075	-0.00290209
-672.28286742	-0.00222723
-672.24953408	-0.00144786
-672.21620075	-0.00070842
-672.18286742	0.00001418
-672.14953408	0.00043578
-672.11620075	0.00073010
-672.08286742	0.00079634
-672.04953408	0.00064612
-672.01620075	0.00020058
-671.98286742	-0.00049676
-671.94953408	-0.00132412
-671.91620075	-0.00227876
-671.88286742	-0.00332920
-671.84953409	-0.00422663
-671.81620075	-0.00511463
-671.78286742	-0.00570933
-671.74953409	-0.00601593
-671.71620075	-0.00611090
-671.68286742	-0.00581872
-671.64953409	-0.00528199
-671.61620075	-0.00438806
-671.58286742	-0.00339336
-671.54953409	-0.00227204
-671.51620075	-0.00098391
-671.48286742	0.00009648
-671.44953409	0.00101653
-671.41620076	0.00170451
-671.38286742	0.00205979
-671.34953409	0.00212264
-671.31620076	0.00183556
-671.28286742	0.00114808
-671.24953409	0.00014195
-671.21620076	-0.00102579
-671.18286742	-0.00231036
-671.14953409	-0.00363372
-671.11620076	-0.00487320
-671.08286742	-0.00596598
-671.04953409	-0.00675619
-671.01620076	-0.00726510
-670.98286743	-0.00733552
-670.94953409	-0.00710827
-670.91620076	-0.00652367
-670.88286743	-0.00555067
-670.84953409	-0.00439732
-670.81620076	-0.00314159
-670.78286743	-0.00181969
-670.74953409	-0.00052459
-670.71620076	0.00061986
-670.68286743	0.00145997
-670.64953409	0.00202573
-670.61620076	0.00230517
-670.58286743	0.00219903
-670.54953410	0.00163055
-670.51620076	0.00083672
-670.48286743	-0.00020543
-670.44953410	-0.00146382
-670.41620076	-0.00275163
-670.38286743	-0.00404976
-670.34953410	-0.00519804
-670.31620076	-0.00620147
-670.28286743	-0.00688135
-670.24953410	-0.00739164
-670.21620076	-0.00760583
-670.18286743	-0.00746169
-670.14953410	-0.00716660
-670.11620077	-0.00657135
-670.08286743	-0.00583043
-670.04953410	-0.00497344
-670.01620077	-0.00415398
-669.98286743	-0.00333343
-669.94953410	-0.00261542
-669.91620077	-0.00205408
-669.88286743	-0.00167877
-669.84953410	-0.00145630
-669.81620077	-0.00137963
-669.78286743	-0.00152191
-669.74953410	-0.00175249
-669.71620077	-0.00207650
-669.68286744	-0.00242145
-669.64953410	-0.00275281
-669.61620077	-0.00308328
-669.58286744	-0.00325487
-669.54953410	-0.00347020
-669.51620077	-0.00350357
-669.48286744	-0.00350427
-669.44953410	-0.00344540
-669.41620077	-0.00323355
-669.38286744	-0.00313481
-669.34953410	-0.00292452
-669.31620077	-0.00270682
-669.28286744	-0.00259318
-669.24953411	-0.00251945
-669.21620077	-0.00245633
-669.18286744	-0.00247059
-669.14953411	-0.00256610
-669.11620077	-0.00265360
-669.08286744	-0.00281170
-669.04953411	-0.00290088
-669.01620077	-0.00297255
-668.98286744	-0.00296168
-668.94953411	-0.00295975
-668.91620077	-0.00291023
-668.88286744	-0.00274629
-668.84953411	-0.00261508
-668.81620078	-0.00244675
-668.78286744	-0.00233754
-668.74953411	-0.00218588
-668.71620078	-0.00214347
-668.68286744	-0.00213241
-668.64953411	-0.00214258
-668.61620078	-0.00234162
-668.58286744	-0.00266839
-668.54953411	-0.00302667
-668.51620078	-0.00347514
-668.48286744	-0.00390613
-668.44953411	-0.00432136
-668.41620078	-0.00477595
-668.38286745	-0.00509219
-668.34953411	-0.00521188
-668.31620078	-0.00536271
-668.28286745	-0.00528905
-668.24953411	-0.00499380
-668.21620078	-0.00461348
-668.18286745	-0.00406035
-668.14953411	-0.00341667
-668.11620078	-0.00273359
-668.08286745	-0.00201599
-668.04953411	-0.00138621
-668.01620078	-0.00075176
-667.98286745	-0.00027603
-667.94953412	0.00000965
-667.91620078	0.00020427
-667.88286745	0.00017256
-667.84953412	-0.00002357
-667.81620078	-0.00035272
-667.78286745	-0.00082964
-667.74953412	-0.00140787
-667.71620078	-0.00209241
-667.68286745	-0.00281169
-667.64953412	-0.00348292
-667.61620078	-0.00405921
-667.58286745	-0.00455691
-667.54953412	-0.00492236
-667.51620079	-0.00519509
-667.48286745	-0.00520601
-667.44953412	-0.00520005
-667.41620079	-0.00496733
-667.38286745	-0.00458948
-667.34953412	-0.00418620
-667.31620079	-0.00368774
-667.28286745	-0.00314505
-667.24953412	-0.00257618
-667.21620079	-0.00202658
-667.18286745	-0.00154301
-667.14953412	-0.00113485
-667.11620079	-0.00084133
-667.08286746	-0.00060730
-667.04953412	-0.00039306
-667.01620079	-0.00033882
-666.98286746	-0.00044068
-666.94953412	-0.00059674
-666.91620079	-0.00087681
-666.88286746	-0.00114189
-666.84953412	-0.00148738
-666.81620079	-0.00191744
-666.78286746	-0.00234082
-666.74953413	-0.00275027
-666.71620079	-0.00320281
-666.68286746	-0.00358255
-666.64953413	-0.00394174
-666.61620079	-0.00434221
-666.58286746	-0.00463323
-666.54953413	-0.00483168
-666.51620079	-0.00494074
-666.48286746	-0.00499594
-666.44953413	-0.00497994
-666.41620079	-0.00491568
-666.38286746	-0.00473759
-666.34953413	-0.00452351
-666.31620080	-0.00429755
-666.28286746	-0.00404007
-666.24953413	-0.00374078
-666.21620080	-0.00348961
-666.18286746	-0.00318827
-666.14953413	-0.00297640
-666.11620080	-0.00276631
-666.08286746	-0.00267739
-666.04953413	-0.00259195
-666.01620080	-0.00260278
-665.98286746	-0.00263034
-665.94953413	-0.00271173
-665.91620080	-0.00278156
-665.88286747	-0.00286182
-665.84953413	-0.00296234
-665.81620080	-0.00295859
-665.78286747	-0.00301463
-665.74953413	-0.00294911
-665.71620080	-0.00276969
-665.68286747	-0.00255887
-665.64953413	-0.00234403
-665.61620080	-0.00209225
-665.58286747	-0.00180663
-665.54953413	-0.00141785
-665.51620080	-0.00119183
-665.48286747	-0.00091990
-665.44953414	-0.00071228
-665.41620080	-0.00052526
-665.38286747	-0.00047400
-665.34953414	-0.00049885
-665.31620080	-0.00056862
-665.28286747	-0.00076342
-665.24953414	-0.00102648
-665.21620080	-0.00130881
-665.18286747	-0.00174288
-665.14953414	-0.00214717
-665.11620080	-0.00268682
-665.08286747	-0.00304619
-665.04953414	-0.00346603
-665.01620081	-0.00381572
-664.98286747	-0.00419587
-664.94953414	-0.00461433
-664.91620081	-0.00492606
-664.88286747	-0.00530069
-664.84953414	-0.00558490
-664.81620081	-0.00592804
-664.78286747	-0.00632881
-664.74953414	-0.00666027
-664.71620081	-0.00703154
-664.68286747	-0.00750583
-664.64953414	-0.00804197
-664.61620081	-0.00861630
-664.58286748	-0.00917859
-664.54953414	-0.00986829
-664.51620081	-0.01048934
-664.48286748	-0.01123772
-664.44953414	-0.01199319
-664.41620081	-0.01283638
-664.38286748	-0.01366643
-664.34953414	-0.01444819
-664.31620081	-0.01521570
-664.28286748	-0.01604882
-664.24953414	-0.01676575
-664.21620081	-0.01755168
-664.18286748	-0.01828945
-664.14953415	-0.01886928
-664.11620081	-0.01937804
-664.08286748	-0.01984001
-664.04953415	-0.02012212
-664.01620081	-0.02040258
-663.98286748	-0.02044729
-663.94953415	-0.02027429
-663.91620081	-0.01989364
-663.88286748	-0.01929912
-663.84953415	-0.01856712
-663.81620081	-0.01756345
-663.78286748	-0.01632960
-663.74953415	-0.01484425
-663.71620082	-0.01317252
-663.68286748	-0.01129785
-663.64953415	-0.00915275
-663.61620082	-0.00685100
-663.58286748	-0.00435920
-663.54953415	-0.00168785
-663.51620082	0.00102294
-663.48286748	0.00390391
-663.44953415	0.00676098
-663.41620082	0.00971701
-663.38286748	0.01271629
-663.34953415	0.01571453
-663.31620082	0.01873797
-663.28286749	0.02169578
-663.24953415	0.02462342
-663.21620082	0.02749372
-663.18286749	0.03030382
-663.14953415	0.03297877
-663.11620082	0.03545670
-663.08286749	0.03776293
-663.04953415	0.03980963
-663.01620082	0.04161501
-662.98286749	0.04314397
-662.94953415	0.04434023
-662.91620082	0.04499965
-662.88286749	0.04526760
-662.84953416	0.04509561
-662.81620082	0.04437197
-662.78286749	0.04303945
-662.74953416	0.04121594
-662.71620082	0.03886379
-662.68286749	0.03588080
-662.64953416	0.03240165
-662.61620082	0.02846309
-662.58286749	0.02400772
-662.54953416	0.01905403
-662.51620082	0.01369308
-662.48286749	0.00809753
-662.44953416	0.00212143
-662.41620083	-0.00412528
-662.38286749	-0.01037573
-662.34953416	-0.01680950
-662.31620083	-0.02331684
-662.28286749	-0.02981709
-662.24953416	-0.03621326
-662.21620083	-0.04238612
-662.18286749	-0.04831819
-662.14953416	-0.05392759
-662.11620083	-0.05910413
-662.08286749	-0.06378639
-662.04953416	-0.06795811
-662.01620083	-0.07142672
-661.98286750	-0.07420749
-661.94953416	-0.07616175
-661.91620083	-0.07738436
-661.88286750	-0.07764944
-661.84953416	-0.07708411
-661.81620083	-0.07549820
-661.78286750	-0.07303178
-661.74953416	-0.06958136
-661.71620083	-0.06523736
-661.68286750	-0.06001148
-661.64953416	-0.05402556
-661.61620083	-0.04730020
-661.58286750	-0.03996116
-661.54953417	-0.03201232
-661.51620083	-0.02366367
-661.48286750	-0.01498871
-661.44953417	-0.00612122
-661.41620083	0.00289906
-661.38286750	0.01184520
-661.34953417	0.02059950
-661.31620083	0.02903382
-661.28286750	0.03700761
-661.24953417	0.04444193
-661.21620083	0.05125051
-661.18286750	0.05728858
-661.14953417	0.06242721
-661.11620084	0.06654684
-661.08286750	0.06970734
-661.04953417	0.07173515
-661.01620084	0.07264515
-660.98286750	0.07239699
-660.94953417	0.07092511
-660.91620084	0.06827692
-660.88286750	0.06445130
-660.84953417	0.05959931
-660.81620084	0.05371607
-660.78286750	0.04690706
-660.74953417	0.03930320
-660.71620084	0.03105027
-660.68286751	0.02208021
-660.64953417	0.01279412
-660.61620084	0.00327735
-660.58286751	-0.00633162
-660.54953417	-0.01581660
-660.51620084	-0.02507397
-660.48286751	-0.03393470
-660.44953417	-0.04219226
-660.41620084	-0.04978633
-660.38286751	-0.05646470
-660.34953417	-0.06218799
-660.31620084	-0.06682553
-660.28286751	-0.07029265
-660.24953418	-0.07245979
-660.21620084	-0.07348212
-660.18286751	-0.07314580
-660.14953418	-0.07145192
-660.11620084	-0.06844971
-660.08286751	-0.06425844
-660.04953418	-0.05891519
-660.01620084	-0.05242099
-659.98286751	-0.04506231
-659.94953418	-0.03677102
-659.91620084	-0.02793112
-659.88286751	-0.01863689
-659.84953418	-0.00890516
-659.81620085	0.00090159
-659.78286751	0.01048736
-659.74953418	0.01977699
-659.71620085	0.02854713
-659.68286751	0.03658887
-659.64953418	0.04384943
-659.61620085	0.04997405
-659.58286751	0.05487169
-659.54953418	0.05854595
-659.51620085	0.06082257
-659.48286751	0.06168013
-659.44953418	0.06115487
-659.41620085	0.05919786
-659.38286752	0.05587166
-659.34953418	0.05127671
-659.31620085	0.04558751
-659.28286752	0.03894473
-659.24953418	0.03146625
-659.21620085	0.02329068
-659.18286752	0.01464110
-659.14953418	0.00585258
-659.11620085	-0.00303063
-659.08286752	-0.01179477
-659.04953419	-0.02003992
-659.01620085	-0.02777546
-658.98286752	-0.03479317
-658.94953419	-0.04093073
-658.91620085	-0.04599278
-658.88286752	-0.04992899
-658.84953419	-0.05262875
-658.81620085	-0.05399789
-658.78286752	-0.05413909
-658.74953419	-0.05290661
-658.71620085	-0.05053941
-658.68286752	-0.04689894
-658.64953419	-0.04227404
-658.61620086	-0.03659480
-658.58286752	-0.03017242
-658.54953419	-0.02320605
-658.51620086	-0.01582211
-658.48286752	-0.00815212
-658.44953419	-0.00050438
-658.41620086	0.00703520
-658.38286752	0.01416645
-658.34953419	0.02073000
-658.31620086	0.02648350
-658.28286752	0.03142653
-658.24953419	0.03533106
-658.21620086	0.03809319
-658.18286753	0.03973937
-658.14953419	0.04017236
-658.11620086	0.03940991
-658.08286753	0.03741445
-658.04953419	0.03436134
-658.01620086	0.03034223
-657.98286753	0.02544382
-657.94953419	0.01978314
-657.91620086	0.01343168
-657.88286753	0.00684159
-657.84953419	-0.00000414
-657.81620086	-0.00692063
-657.78286753	-0.01367929
-657.74953420	-0.02008083
-657.71620086	-0.02589482
-657.68286753	-0.03110448
-657.64953420	-0.03553697
-657.61620086	-0.03889441
-657.58286753	-0.04135186
-657.54953420	-0.04270045
-657.51620086	-0.04291098
-657.48286753	-0.04195310
-657.44953420	-0.03998344
-657.41620086	-0.03686183
-657.38286753	-0.03286713
-657.34953420	-0.02809753
-657.31620087	-0.02258153
-657.28286753	-0.01664481
-657.24953420	-0.01032750
-657.21620087	-0.00386029
-657.18286753	0.00263872
-657.14953420	0.00888188
-657.11620087	0.01460012
-657.08286753	0.01972645
-657.04953420	0.02422594
-657.01620087	0.02780868
-656.98286753	0.03038104
-656.94953420	0.03189004
-656.91620087	0.03238443
-656.88286754	0.03180391
-656.84953420	0.03022472
-656.81620087	0.02753790
-656.78286754	0.02405026
-656.74953420	0.01980151
-656.71620087	0.01494362
-656.68286754	0.00964472
-656.64953420	0.00405073
-656.61620087	-0.00156596
-656.58286754	-0.00707511
-656.54953420	-0.01235260
-656.51620087	-0.01722533
-656.48286754	-0.02138706
-656.44953421	-0.02486344
-656.41620087	-0.02755502
-656.38286754	-0.02926855
-656.34953421	-0.03008032
-656.31620087	-0.03001377
-656.28286754	-0.02899617
-656.24953421	-0.02704879
-656.21620087	-0.02440281
-656.18286754	-0.02108239
-656.14953421	-0.01719018
-656.11620087	-0.01287380
-656.08286754	-0.00840158
-656.04953421	-0.00387511
-656.01620088	0.00062574
-655.98286754	0.00477503
-655.94953421	0.00857440
-655.91620088	0.01189791
-655.88286754	0.01446118
-655.84953421	0.01634464
-655.81620088	0.01743442
-655.78286754	0.01773926
-655.74953421	0.01718381
-655.71620088	0.01592580
-655.68286754	0.01395543
-655.64953421	0.01126559
-655.61620088	0.00815643
-655.58286755	0.00460524
-655.54953421	0.00088858
-655.51620088	-0.00295861
-655.48286755	-0.00684090
-655.44953421	-0.01049458
-655.41620088	-0.01381972
-655.38286755	-0.01676813
-655.34953421	-0.01910490
-655.31620088	-0.02088811
-655.28286755	-0.02199028
-655.24953421	-0.02235078
-655.21620088	-0.02210042
-655.18286755	-0.02116090
-655.14953422	-0.01953393
-655.11620088	-0.01729106
-655.08286755	-0.01465330
-655.04953422	-0.01161161
-655.01620088	-0.00831657
-654.98286755	-0.00489963
-654.94953422	-0.00145638
-654.91620088	0.00190587
-654.88286755	0.00509765
-654.84953422	0.00795360
-654.81620088	0.01040695
-654.78286755	0.01237673
-654.74953422	0.01372712
-654.71620089	0.01460498
-654.68286755	0.01492986
-654.64953422	0.01459734
-654.61620089	0.01367920
-654.58286755	0.01235361
-654.54953422	0.01049659
-654.51620089	0.00826105
-654.48286755	0.00583239
-654.44953422	0.00311656
-654.41620089	0.00034012
-654.38286755	-0.00239811
-654.34953422	-0.00504747
-654.31620089	-0.00749649
-654.28286756	-0.00959064
-654.24953422	-0.01135468
-654.21620089	-0.01272684
-654.18286756	-0.01367617
-654.14953422	-0.01402615
-654.11620089	-0.01401947
-654.08286756	-0.01351132
-654.04953422	-0.01253973
-654.01620089	-0.01128075
-653.98286756	-0.00966997
-653.94953422	-0.00781095
-653.91620089	-0.00588508
-653.88286756	-0.00387817
-653.84953423	-0.00182303
-653.81620089	0.00007207
-653.78286756	0.00189439
-653.74953423	0.00327971
-653.71620089	0.00446223
-653.68286756	0.00531792
-653.64953423	0.00579019
-653.61620089	0.00583146
-653.58286756	0.00554403
-653.54953423	0.00486229
-653.51620089	0.00385196
-653.48286756	0.00255406
-653.44953423	0.00105758
-653.41620090	-0.00057756
-653.38286756	-0.00237220
-653.34953423	-0.00410983
-653.31620090	-0.00579949
-653.28286756	-0.00726629
-653.24953423	-0.00858264
-653.21620090	-0.00965290
-653.18286756	-0.01039640
-653.14953423	-0.01086589
-653.11620090	-0.01088235
-653.08286756	-0.01059591
-653.04953423	-0.00999088
-653.01620090	-0.00899197
-652.98286757	-0.00775397
-652.94953423	-0.00623034
-652.91620090	-0.00452687
-652.88286757	-0.00275195
-652.84953423	-0.00095252
-652.81620090	0.00084946
-652.78286757	0.00253224
-652.74953423	0.00409007
-652.71620090	0.00525281
-652.68286757	0.00627587
-652.64953423	0.00693160
-652.61620090	0.00726524
-652.58286757	0.00715401
-652.54953424	0.00672111
-652.51620090	0.00598458
-652.48286757	0.00498807
-652.44953424	0.00367685
-652.41620090	0.00213839
-652.38286757	0.00050200
-652.34953424	-0.00123112
-652.31620090	-0.00298671
-652.28286757	-0.00461467
-652.24953424	-0.00616833
-652.21620090	-0.00749711
-652.18286757	-0.00860541
-652.14953424	-0.00946161
-652.11620091	-0.01011012
-652.08286757	-0.01047501
-652.04953424	-0.01060269
-652.01620091	-0.01046929
-651.98286757	-0.01010201
-651.94953424	-0.00955139
-651.91620091	-0.00888093
-651.88286757	-0.00820867
-651.84953424	-0.00747068
-651.81620091	-0.00672582
-651.78286757	-0.00606675
-651.74953424	-0.00551872
-651.71620091	-0.00500734
-651.68286758	-0.00462062
-651.64953424	-0.00448950
-651.61620091	-0.00451652
-651.58286758	-0.00463075
-651.54953424	-0.00486131
-651.51620091	-0.00513664
-651.48286758	-0.00559518
-651.44953424	-0.00602149
-651.41620091	-0.00642187
-651.38286758	-0.00676568
-651.34953424	-0.00707680
-651.31620091	-0.00715195
-651.28286758	-0.00717096
-651.24953425	-0.00698409
-651.21620091	-0.00658653
-651.18286758	-0.00617803
-651.14953425	-0.00552278
-651.11620091	-0.00481640
-651.08286758	-0.00397065
-651.04953425	-0.00307181
-651.01620091	-0.00202208
-650.98286758	-0.00115681
-650.94953425	-0.00034202
-650.91620092	0.00045523
-650.88286758	0.00108226
-650.84953425	0.00151935
-650.81620092	0.00177921
-650.78286758	0.00185923
-650.74953425	0.00170232
-650.71620092	0.00137271
-650.68286758	0.00082530
-650.64953425	0.00011078
-650.61620092	-0.00080958
-650.58286758	-0.00167702
-650.54953425	-0.00270077
-650.51620092	-0.00369644
-650.48286759	-0.00467992
-650.44953425	-0.00545950
-650.41620092	-0.00619657
-650.38286759	-0.00675069
-650.34953425	-0.00703528
-650.31620092	-0.00723010
-650.28286759	-0.00710000
-650.24953425	-0.00675137
-650.21620092	-0.00619606
-650.18286759	-0.00546390
-650.14953425	-0.00466149
-650.11620092	-0.00363809
-650.08286759	-0.00253148
-650.04953426	-0.00146695
-650.01620092	-0.00038096
-649.98286759	0.00063696
-649.94953426	0.00154477
-649.91620092	0.00233411
-649.88286759	0.00285768
-649.84953426	0.00320392
-649.81620092	0.00339362
-649.78286759	0.00335340
-649.74953426	0.00296503
-649.71620092	0.00252565
-649.68286759	0.00183216
-649.64953426	0.00105416
-649.61620093	0.00014115
-649.58286759	-0.00078789
-649.54953426	-0.00174679
-649.51620093	-0.00272294
-649.48286759	-0.00355754
-649.44953426	-0.00424709
-649.41620093	-0.00485287
-649.38286759	-0.00527789
-649.34953426	-0.00553721
-649.31620093	-0.00560756
-649.28286759	-0.00545952
-649.24953426	-0.00522453
-649.21620093	-0.00486301
-649.18286760	-0.00427196
-649.14953426	-0.00367401
-649.11620093	-0.00300940
-649.08286760	-0.00236039
-649.04953426	-0.00176451
-649.01620093	-0.00122470
-648.98286760	-0.00074621
-648.94953426	-0.00041335
-648.91620093	-0.00019263
-648.88286760	-0.00020659
-648.84953426	-0.00022777
-648.81620093	-0.00044142
-648.78286760	-0.00074167
-648.74953427	-0.00118003
-648.71620093	-0.00162609
-648.68286760	-0.00217410
-648.64953427	-0.00268129
-648.61620093	-0.00318854
-648.58286760	-0.00365248
-648.54953427	-0.00405192
-648.51620093	-0.00432095
-648.48286760	-0.00454049
-648.44953427	-0.00459728
-648.41620093	-0.00455385
-648.38286760	-0.00447726
-648.34953427	-0.00419309
-648.31620094	-0.00394663
-648.28286760	-0.00360738
-648.24953427	-0.00321326
-648.21620094	-0.00284419
-648.18286760	-0.00251347
-648.14953427	-0.00227595
-648.11620094	-0.00213627
-648.08286760	-0.00193641
-648.04953427	-0.00190926
-648.01620094	-0.00201209
-647.98286760	-0.00215387
-647.94953427	-0.00241550
-647.91620094	-0.00276685
-647.88286761	-0.00322600
-647.84953427	-0.00356948
-647.81620094	-0.00400022
-647.78286761	-0.00448183
-647.74953427	-0.00483503
-647.71620094	-0.00519093
-647.68286761	-0.00543508
-647.64953427	-0.00558999
-647.61620094	-0.00562645
-647.58286761	-0.00556839
-647.54953427	-0.00531945
-647.51620094	-0.00509233
-647.48286761	-0.00471747
-647.44953428	-0.00425271
-647.41620094	-0.00382986
-647.38286761	-0.00328266
-647.34953428	-0.00283521
-647.31620094	-0.00236968
-647.28286761	-0.00197186
-647.24953428	-0.00167084
-647.21620094	-0.00151390
-647.18286761	-0.00135991
-647.14953428	-0.00139135
-647.11620094	-0.00151565
-647.08286761	-0.00180867
-647.04953428	-0.00208614
-647.01620095	-0.00246325
-646.98286761	-0.00293402
-646.94953428	-0.00343772
-646.91620095	-0.00395636
-646.88286761	-0.00432866
-646.84953428	-0.00468409
-646.81620095	-0.00501839
-646.78286761	-0.00514931
-646.74953428	-0.00518708
-646.71620095	-0.00514689
-646.68286761	-0.00490647
-646.64953428	-0.00462487
-646.61620095	-0.00413727
-646.58286762	-0.00355876
-646.54953428	-0.00302929
-646.51620095	-0.00242085
-646.48286762	-0.00166300
-646.44953428	-0.00113654
-646.41620095	-0.00049988
-646.38286762	0.00000406
-646.34953428	0.00040665
-646.31620095	0.00067072
-646.28286762	0.00086020
-646.24953428	0.00094071
-646.21620095	0.00085629
-646.18286762	0.00064987
-646.14953429	0.00029599
-646.11620095	-0.00012795
-646.08286762	-0.00055861
-646.04953429	-0.00108607
-646.01620095	-0.00158640
-645.98286762	-0.00213076
-645.94953429	-0.00263295
-645.91620095	-0.00298385
-645.88286762	-0.00335138
-645.84953429	-0.00360103
-645.81620095	-0.00374302
-645.78286762	-0.00384601
-645.74953429	-0.00384788
-645.71620096	-0.00363628
-645.68286762	-0.00343676
-645.64953429	-0.00318239
-645.61620096	-0.00295387
-645.58286762	-0.00266420
-645.54953429	-0.00236630
-645.51620096	-0.00214161
-645.48286762	-0.00201031
-645.44953429	-0.00195637
-645.41620096	-0.00189719
-645.38286762	-0.00196419
-645.34953429	-0.00218242
-645.31620096	-0.00238890
-645.28286763	-0.00269543
-645.24953429	-0.00294338
-645.21620096	-0.00335000
-645.18286763	-0.00371599
-645.14953429	-0.00407387
-645.11620096	-0.00436931
-645.08286763	-0.00462089
-645.04953429	-0.00485528
-645.01620096	-0.00487666
-644.98286763	-0.00496402
-644.94953429	-0.00487844
-644.91620096	-0.00472976
-644.88286763	-0.00453706
-644.84953430	-0.00425137
-644.81620096	-0.00389399
-644.78286763	-0.00357578
-644.74953430	-0.00316132
-644.71620096	-0.00278163
-644.68286763	-0.00245276
-644.64953430	-0.00211813
-644.61620096	-0.00185038
-644.58286763	-0.00158451
-644.54953430	-0.00152522
-644.51620096	-0.00145058
-644.48286763	-0.00143928
-644.44953430	-0.00151016
-644.41620097	-0.00158977
-644.38286763	-0.00165751
-644.34953430	-0.00175264
-644.31620097	-0.00194973
-644.28286763	-0.00214255
-644.24953430	-0.00222649
-644.21620097	-0.00232371
-644.18286763	-0.00241142
-644.14953430	-0.00240634
-644.11620097	-0.00243276
-644.08286763	-0.00235357
-644.04953430	-0.00229478
-644.01620097	-0.00222971
-643.98286764	-0.00213709
-643.94953430	-0.00202796
-643.91620097	-0.00193426
-643.88286764	-0.00195576
-643.84953430	-0.00188144
-643.81620097	-0.00187950
-643.78286764	-0.00192940
-643.74953430	-0.00198471
-643.71620097	-0.00216971
-643.68286764	-0.00234434
-643.64953430	-0.00256373
-643.61620097	-0.00278233
-643.58286764	-0.00308197
-643.54953431	-0.00336448
-643.51620097	-0.00363876
-643.48286764	-0.00384788
-643.44953431	-0.00411559
-643.41620097	-0.00426668
-643.38286764	-0.00449283
-643.34953431	-0.00455719
-643.31620097	-0.00461623
-643.28286764	-0.00457423
-643.24953431	-0.00455111
-643.21620097	-0.00449131
-643.18286764	-0.00439807
-643.14953431	-0.00426499
-643.11620098	-0.00406773
-643.08286764	-0.00396759
-643.04953431	-0.00384072
-643.01620098	-0.00374767
-642.98286764	-0.00368092
-642.94953431	-0.00372089
-642.91620098	-0.00376153
-642.88286764	-0.00385351
-642.84953431	-0.00393518
-642.81620098	-0.00412824
-642.78286765	-0.00422955
-642.74953431	-0.00443868
-642.71620098	-0.00454074
-642.68286765	-0.00469488
-642.64953431	-0.00479854
-642.61620098	-0.00482229
-642.58286765	-0.00488766
-642.54953431	-0.00478839
-642.51620098	-0.00467172
-642.48286765	-0.00444448
-642.44953431	-0.00425851
-642.41620098	-0.00401037
-642.38286765	-0.00369935
-642.34953432	-0.00342284
-642.31620098	-0.00310279
-642.28286765	-0.00284576
-642.24953432	-0.00257810
-642.21620098	-0.00232643
-642.18286765	-0.00213821
-642.14953432	-0.00193184
-642.11620098	-0.00183589
-642.08286765	-0.00177281
-642.04953432	-0.00176058
-642.01620098	-0.00172277
-641.98286765	-0.00173663
-641.94953432	-0.00175513
-641.91620099	-0.00176610
-641.88286765	-0.00175242
-641.84953432	-0.00173046
-641.81620099	-0.00166465
-641.78286765	-0.00159064
-641.74953432	-0.00145260
-641.71620099	-0.00128983
-641.68286765	-0.00110372
-641.64953432	-0.00088698
-641.61620099	-0.00062302
-641.58286765	-0.00040233
-641.54953432	-0.00015592
-641.51620099	0.00007562
-641.48286766	0.00028325
-641.44953432	0.00046999
-641.41620099	0.00060201
-641.38286766	0.00069605
-641.34953432	0.00074675
-641.31620099	0.00074007
-641.28286766	0.00071095
-641.24953432	0.00060536
-641.21620099	0.00050890
-641.18286766	0.00037388
-641.14953432	0.00024069
-641.11620099	0.00007648
-641.08286766	-0.00006884
-641.04953433	-0.00021813
-641.01620099	-0.00033608
-640.98286766	-0.00043830
-640.94953433	-0.00052435
-640.91620099	-0.00058830
-640.88286766	-0.00061683
-640.84953433	-0.00063335
-640.81620099	-0.00062414
-640.78286766	-0.00059813
-640.74953433	-0.00056445
-640.71620099	-0.00052048
-640.68286766	-0.00047705
-640.64953433	-0.00044122
-640.61620100	-0.00038899
-640.58286766	-0.00035201
-640.54953433	-0.00031656
-640.51620100	-0.00028568
-640.48286766	-0.00026063
-640.44953433	-0.00023561
-640.41620100	-0.00021440
-640.38286766	-0.00019521
-640.34953433	-0.00017371
-640.31620100	-0.00015289
-640.28286766	-0.00013362
-640.24953433	-0.00011086
-640.21620100	-0.00008878
-640.18286767	-0.00006749
-640.14953433	-0.00004780
-640.11620100	-0.00003096
-640.08286767	-0.00001711
-640.04953433	-0.00000732
-640.01620100	-0.00000171
-639.98286767	0.00000000
