# Menlo Systems GmbH ScanControl
# Program Version 1.7.0+git.a90605a3
# Start: -710.00000000 ps, Average over 5000 waveforms. Timestamp: 2023-11-21T14:39:58
# Window type: Tukey, parameters: alpha = 0.1
# User time axis shift: 0 ps
# Time axis offset: 0 ps
# Frequency [THz]	THz Signal [a.u.]
0.00000000	-14.44410665
0.00732601	-17.18234636
0.01465201	-28.05332643
0.02197802	-29.76213092
0.02930403	-31.44510690
0.03663004	-45.91829482
0.04395604	-31.48911796
0.05128205	-31.93912393
0.05860806	-47.63575779
0.06593407	-33.59322790
0.07326007	-35.49091309
0.08058608	-39.26401446
0.08791209	-34.86675880
0.09523810	-39.03299252
0.10256410	-45.58978722
0.10989011	-37.42985735
0.11721612	-41.57815726
0.12454213	-42.85924412
0.13186813	-44.17531404
0.13919414	-40.09277004
0.14652015	-39.25426402
0.15384616	-37.26093678
0.16117216	-32.80332528
0.16849817	-34.11260576
0.17582418	-33.78440569
0.18315018	-29.71713756
0.19047619	-27.48947899
0.19780220	-25.42331457
0.20512821	-26.53685223
0.21245421	-32.33370685
0.21978022	-23.70959551
0.22710623	-20.38836097
0.23443224	-21.38900119
0.24175824	-24.24364640
0.24908425	-24.72490860
0.25641026	-22.04487653
0.26373627	-18.80710074
0.27106227	-18.09914997
0.27838828	-20.50616844
0.28571429	-21.75172327
0.29304030	-17.14124236
0.30036630	-14.39640557
0.30769231	-14.55137461
0.31501832	-17.27730889
0.32234432	-16.82754108
0.32967033	-13.28223923
0.33699634	-11.49846017
0.34432235	-11.35582933
0.35164835	-12.86020015
0.35897436	-13.66168558
0.36630037	-10.75568975
0.37362638	-8.85019388
0.38095238	-9.16502725
0.38827839	-11.19714066
0.39560440	-12.43061810
0.40293041	-9.81700445
0.41025641	-7.68401818
0.41758242	-7.95060785
0.42490843	-10.30560926
0.43223444	-10.77921238
0.43956044	-7.65399036
0.44688645	-5.56780472
0.45421246	-5.68149756
0.46153847	-8.16501910
0.46886447	-8.74544002
0.47619048	-5.21860767
0.48351649	-3.70885747
0.49084249	-4.80862404
0.49816850	-7.72852120
0.50549451	-7.30135055
0.51282052	-4.29505860
0.52014652	-3.27116119
0.52747253	-4.57358890
0.53479854	-7.00427822
0.54212455	-5.67401605
0.54945055	-2.94198181
0.55677656	-2.17215150
0.56410257	-3.56771646
0.57142858	-5.40214339
0.57875458	-3.43434757
0.58608059	-1.15903493
0.59340660	-1.00810160
0.60073261	-2.95715123
0.60805861	-4.47295725
0.61538462	-2.34375323
0.62271063	-0.77177012
0.63003663	-1.33809855
0.63736264	-3.64185881
0.64468865	-4.15383737
0.65201466	-1.74490964
0.65934066	-0.65860610
0.66666667	-1.73798611
0.67399268	-3.80316898
0.68131869	-2.76541282
0.68864469	-0.54469717
0.69597070	-0.13486203
0.70329671	-1.68186838
0.71062272	-3.03292214
0.71794872	-1.33032937
0.72527473	0.00000000
0.73260074	-0.70990826
0.73992675	-2.88706242
0.74725275	-3.27591477
0.75457876	-1.61341358
0.76190477	-1.20834104
0.76923078	-2.65345393
0.77655678	-4.13882840
0.78388279	-2.66276954
0.79120880	-1.16574550
0.79853480	-1.55575740
0.80586081	-3.23834662
0.81318682	-3.03766738
0.82051283	-1.28403498
0.82783883	-0.99848886
0.83516484	-2.45466305
0.84249085	-3.45249932
0.84981686	-2.19238792
0.85714286	-1.49768643
0.86446887	-2.50622789
0.87179488	-3.98311007
0.87912089	-3.51513559
0.88644689	-2.68436440
0.89377290	-3.29694350
0.90109891	-4.76185366
0.90842492	-4.69924114
0.91575092	-3.60743772
0.92307693	-3.57306107
0.93040294	-4.57922213
0.93772895	-4.87322925
0.94505495	-4.03252518
0.95238096	-3.89643707
0.95970697	-4.89779781
0.96703297	-5.69609850
0.97435898	-5.44771843
0.98168499	-5.57296835
0.98901100	-6.66967675
0.99633700	-7.59431050
1.00366301	-7.31805414
1.01098902	-7.10842584
1.01831503	-7.73855996
1.02564103	-8.17583412
1.03296704	-7.54946070
1.04029305	-7.18596162
1.04761906	-7.67579652
1.05494506	-7.95498880
1.06227107	-7.51431125
1.06959708	-7.46096303
1.07692309	-8.08972915
1.08424909	-8.56737762
1.09157510	-8.67522631
1.09890111	-9.20777373
1.10622711	-10.05332996
1.11355312	-10.17183523
1.12087913	-10.00508716
1.12820514	-10.50910791
1.13553114	-11.04590064
1.14285715	-10.82310720
1.15018316	-10.83693824
1.15750917	-11.51977577
1.16483517	-11.75701599
1.17216118	-11.28902536
1.17948719	-11.20149948
1.18681320	-11.52601203
1.19413920	-11.69884582
1.20146521	-11.97553169
1.20879122	-12.70337625
1.21611723	-13.44888700
1.22344323	-13.98688716
1.23076924	-14.74614815
1.23809525	-15.56755360
1.24542126	-15.94962067
1.25274726	-16.27744405
1.26007327	-16.83121128
1.26739928	-17.13904154
1.27472528	-17.21174184
1.28205129	-17.53291530
1.28937730	-18.01574003
1.29670331	-18.41680276
1.30402931	-18.93644138
1.31135532	-19.67416530
1.31868133	-20.36511758
1.32600734	-20.96225131
1.33333334	-21.71069187
1.34065935	-22.56281331
1.34798536	-23.27227763
1.35531137	-23.97488988
1.36263737	-24.87480116
1.36996338	-25.73713166
1.37728939	-26.41821666
1.38461540	-27.22241940
1.39194140	-28.24144451
1.39926741	-29.20313646
1.40659342	-29.95626571
1.41391942	-30.53542440
1.42124543	-30.90516367
1.42857144	-31.10917445
1.43589745	-31.53933880
1.44322345	-32.65138544
1.45054946	-34.50398220
1.45787547	-36.79578126
1.46520148	-39.37475089
1.47252748	-41.70941697
1.47985349	-42.23544730
1.48717950	-41.46936790
1.49450551	-40.79704079
1.50183151	-41.10887886
1.50915752	-43.24433943
1.51648353	-48.23170798
1.52380954	-59.62766786
1.53113554	-51.40634593
1.53846155	-46.47846003
1.54578756	-45.86755658
1.55311357	-48.92395197
1.56043957	-55.89292161
1.56776558	-53.99563789
1.57509159	-50.60962873
1.58241759	-49.98488987
1.58974360	-51.31335727
1.59706961	-52.73488187
1.60439562	-51.78506106
1.61172162	-51.37405005
1.61904763	-52.18142887
1.62637364	-52.23286151
1.63369965	-51.85273586
1.64102565	-52.30839297
1.64835166	-52.76117580
1.65567767	-52.49084922
1.66300368	-52.57451114
1.67032968	-53.01355146
1.67765569	-52.76007030
1.68498170	-52.69079024
1.69230771	-53.50198793
1.69963371	-53.83489317
1.70695972	-53.54997017
1.71428573	-53.70185025
1.72161174	-53.73471183
1.72893774	-53.75886786
1.73626375	-54.15858817
1.74358976	-54.32805894
1.75091576	-54.56584649
1.75824177	-54.87155655
1.76556778	-54.59416109
1.77289379	-54.68863456
1.78021979	-55.21479963
1.78754580	-55.21611721
1.79487181	-55.35681782
1.80219782	-55.65014266
1.80952382	-55.64324171
1.81684983	-56.08936074
1.82417584	-56.56627907
1.83150185	-56.50181979
1.83882785	-56.73454153
1.84615386	-56.83599117
1.85347987	-56.71981047
1.86080588	-57.48698604
1.86813188	-58.31552741
1.87545789	-58.35416873
1.88278390	-58.92966922
1.89010990	-59.50806439
1.89743591	-59.29570982
1.90476192	-59.64511174
1.91208793	-60.46707745
1.91941393	-60.55973900
1.92673994	-60.78814421
1.93406595	-61.38075088
1.94139196	-61.60993185
1.94871796	-62.06636947
1.95604397	-62.82761096
1.96336998	-62.29702329
1.97069599	-61.35330207
1.97802199	-61.84556269
1.98534800	-62.94169710
1.99267401	-63.29862299
2.00000002	-64.37034309
2.00732602	-66.39862085
2.01465203	-66.60782515
2.02197804	-65.47971171
2.02930405	-65.36668663
2.03663005	-65.56043970
2.04395606	-65.37242836
2.05128207	-65.29660483
2.05860807	-65.03346466
2.06593408	-65.37680575
2.07326009	-66.76858420
2.08058610	-66.79595200
2.08791210	-65.78511680
2.09523811	-66.30693732
2.10256412	-66.76592511
2.10989013	-65.31087866
2.11721613	-64.94443499
2.12454214	-66.58527103
2.13186815	-67.28676950
2.13919416	-65.28091154
2.14652016	-64.47859051
2.15384617	-65.43963283
2.16117218	-66.19060311
2.16849819	-65.66871308
2.17582419	-65.68777240
2.18315020	-66.30948450
2.19047621	-66.39343321
2.19780221	-66.76000942
2.20512822	-67.64775332
2.21245423	-67.94368736
2.21978024	-68.31959486
2.22710624	-69.05554917
2.23443225	-69.16204237
2.24175826	-69.06995011
2.24908427	-69.45204357
2.25641027	-70.25746607
2.26373628	-72.02332793
2.27106229	-73.33696105
2.27838830	-72.94153521
2.28571430	-73.22278715
2.29304031	-75.29858434
2.30036632	-77.81039373
2.30769233	-77.52726699
2.31501833	-78.12579927
2.32234434	-81.21697148
2.32967035	-84.84330939
2.33699636	-83.17326067
2.34432236	-77.28914949
2.35164837	-74.49996402
2.35897438	-75.73219426
2.36630038	-77.01441078
2.37362639	-73.93749998
2.38095240	-73.76577573
2.38827841	-76.13613548
2.39560441	-76.23590089
2.40293042	-73.58968737
2.41025643	-71.94638394
2.41758244	-73.31888156
2.42490844	-77.62379107
2.43223445	-75.34139257
2.43956046	-74.34180068
2.44688647	-76.50049384
2.45421247	-75.80487650
2.46153848	-73.46890158
2.46886449	-74.13306772
2.47619050	-76.87732164
2.48351650	-75.48307238
2.49084251	-76.13605212
2.49816852	-81.38324710
2.50549453	-80.51379376
2.51282053	-79.35033535
2.52014654	-81.95096488
2.52747255	-82.09924242
2.53479855	-79.77764484
2.54212456	-78.45927924
2.54945057	-77.58284102
2.55677658	-77.42407709
2.56410258	-77.61456431
2.57142859	-75.29655842
2.57875460	-73.72920663
2.58608061	-76.20088385
2.59340661	-82.03982859
2.60073262	-80.63220070
2.60805863	-80.16246700
2.61538464	-82.11179289
2.62271064	-90.53076308
2.63003665	-79.33381927
2.63736266	-77.39204137
2.64468867	-81.39177572
2.65201467	-87.94189567
2.65934068	-89.74002334
2.66666669	-94.19193799
2.67399269	-94.04645738
2.68131870	-88.59217012
2.68864471	-89.37809065
2.69597072	-95.81669822
2.70329672	-88.99381622
2.71062273	-84.02224942
2.71794874	-80.06410943
2.72527475	-78.93272712
2.73260075	-82.90244942
2.73992676	-91.78873943
2.74725277	-86.93644461
2.75457878	-87.16262457
2.76190478	-81.33079137
2.76923079	-78.52970767
2.77655680	-80.17773946
2.78388281	-90.79051768
2.79120881	-83.39291921
2.79853482	-79.20910589
2.80586083	-80.42307895
2.81318684	-82.11499375
2.82051284	-81.29144209
2.82783885	-84.61164515
2.83516486	-93.60761742
2.84249086	-82.15458147
2.84981687	-83.55519911
2.85714288	-94.26282647
2.86446889	-107.08753811
2.87179489	-88.77511880
2.87912090	-86.41006753
2.88644691	-100.09123787
2.89377292	-87.81788014
2.90109892	-87.51953766
2.90842493	-89.11068243
2.91575094	-95.32862433
2.92307695	-97.74361796
2.93040295	-90.22180662
2.93772896	-89.39238693
2.94505497	-95.81494207
2.95238098	-87.93460378
2.95970698	-85.31456455
2.96703299	-84.05784074
2.97435900	-81.51580705
2.98168500	-81.34015353
2.98901101	-82.54424939
2.99633702	-83.82476861
3.00366303	-92.07595558
3.01098903	-86.64212282
3.01831504	-83.65574537
3.02564105	-89.00823345
3.03296706	-91.47216599
3.04029306	-93.39400902
3.04761907	-82.00204246
3.05494508	-84.21282151
3.06227109	-86.98778401
3.06959709	-84.37808417
3.07692310	-88.16627406
3.08424911	-82.80789946
3.09157512	-89.95704543
3.09890112	-85.25009357
3.10622713	-81.47586792
3.11355314	-79.48951842
3.12087915	-81.31495843
3.12820515	-85.73763402
3.13553116	-84.09466143
3.14285717	-87.82532825
3.15018317	-83.82085949
3.15750918	-78.37625152
3.16483519	-79.39290800
3.17216120	-86.53139293
3.17948720	-86.28007370
3.18681321	-87.79551471
3.19413922	-91.02656407
3.20146523	-101.39996998
3.20879123	-88.95593437
3.21611724	-95.31973661
3.22344325	-90.63101680
3.23076926	-85.70078873
3.23809526	-81.49562973
3.24542127	-80.88612171
3.25274728	-83.00278789
3.26007329	-86.25239457
3.26739929	-95.41328630
3.27472530	-82.23118798
3.28205131	-77.96955626
3.28937731	-81.72451683
3.29670332	-90.01900480
3.30402933	-81.78487574
3.31135534	-85.18140553
3.31868134	-97.49933959
3.32600735	-86.66768438
3.33333336	-79.69546743
3.34065937	-80.69681309
3.34798537	-88.59541181
3.35531138	-89.39096034
3.36263739	-93.18036853
3.36996340	-108.94783419
3.37728940	-116.43938285
3.38461541	-92.52277007
3.39194142	-88.66638498
3.39926743	-91.67151011
3.40659343	-93.91421175
3.41391944	-94.98068430
3.42124545	-91.15028472
3.42857146	-84.96382309
3.43589746	-82.61737327
3.44322347	-82.40200395
3.45054948	-83.90110474
3.45787548	-85.43614398
3.46520149	-87.49950199
3.47252750	-92.25782596
3.47985351	-95.96293128
3.48717951	-88.83943278
3.49450552	-87.19197583
3.50183153	-91.90705784
3.50915754	-92.76689329
3.51648354	-83.10991299
3.52380955	-80.16712132
3.53113556	-81.29690522
3.53846157	-82.83600616
3.54578757	-80.84772509
3.55311358	-78.79822249
3.56043959	-79.64209355
3.56776560	-83.07957439
3.57509160	-80.81919651
3.58241761	-77.13595409
3.58974362	-79.83976031
3.59706963	-90.19676546
3.60439563	-94.99111762
3.61172164	-83.38658587
3.61904765	-77.85628090
3.62637365	-81.79403697
3.63369966	-97.08025190
3.64102567	-88.42101241
3.64835168	-97.41626466
3.65567768	-95.00829335
3.66300369	-96.70395055
3.67032970	-94.22604043
3.67765571	-89.79010538
3.68498171	-94.45595551
3.69230772	-89.48327064
3.69963373	-99.87037607
3.70695974	-84.85240824
3.71428574	-81.54980174
3.72161175	-87.37782343
3.72893776	-91.38828088
3.73626377	-84.55419234
3.74358977	-81.85487558
3.75091578	-85.20403374
3.75824179	-89.14258966
3.76556779	-82.82079810
3.77289380	-85.58403405
3.78021981	-97.78175622
3.78754582	-98.50785091
3.79487182	-89.49370696
3.80219783	-92.01607762
3.80952384	-89.21702468
3.81684985	-80.92245965
3.82417585	-80.78504177
3.83150186	-84.45313298
3.83882787	-86.34520445
3.84615388	-83.85509512
3.85347988	-83.89965331
3.86080589	-86.95907442
3.86813190	-84.63559023
3.87545791	-86.08361614
3.88278391	-100.75667750
3.89010992	-83.82357485
3.89743593	-83.80213439
3.90476194	-94.97562040
3.91208794	-90.32866451
3.91941395	-88.46336307
3.92673996	-93.85081045
3.93406596	-90.88342450
3.94139197	-85.99096431
3.94871798	-85.73254945
3.95604399	-90.04935266
3.96336999	-93.93913773
3.97069600	-90.29423336
3.97802201	-90.05650278
3.98534802	-99.95053003
3.99267402	-89.05559222
4.00000003	-84.45350367
4.00732604	-85.89109674
4.01465205	-86.43330605
4.02197805	-84.36354824
4.02930406	-86.64733100
4.03663007	-104.82736868
4.04395608	-87.14429464
4.05128208	-88.06870245
4.05860809	-89.12018673
4.06593410	-80.66454314
4.07326010	-81.63876329
4.08058611	-90.48627966
4.08791212	-92.85322571
4.09523813	-90.43573114
4.10256413	-81.68359051
4.10989014	-83.73324753
4.11721615	-85.44934063
4.12454216	-81.04032023
4.13186816	-86.23445001
4.13919417	-89.37421667
4.14652018	-82.54443834
4.15384619	-83.03116726
4.16117219	-87.59411080
4.16849820	-86.15437824
4.17582421	-79.82974983
4.18315022	-80.63384715
4.19047622	-88.44354173
4.19780223	-81.61624133
4.20512824	-81.49251061
4.21245425	-99.62230055
4.21978025	-81.04776861
4.22710626	-76.94694912
4.23443227	-79.03061817
4.24175827	-92.38860856
4.24908428	-80.12092766
4.25641029	-78.74922314
4.26373630	-84.77785579
4.27106230	-89.58732560
4.27838831	-92.92454473
4.28571432	-84.08123713
4.29304033	-82.30888884
4.30036633	-81.17249383
4.30769234	-81.91476491
4.31501835	-93.22244975
4.32234436	-83.28801945
4.32967036	-83.61898090
4.33699637	-87.30850675
4.34432238	-83.77539554
4.35164839	-91.27344676
4.35897439	-87.69984297
4.36630040	-83.95939169
4.37362641	-85.18654333
4.38095242	-94.78568064
4.38827842	-87.64194957
4.39560443	-87.20836943
4.40293044	-92.27769867
4.41025644	-80.64107879
4.41758245	-78.65058756
4.42490846	-81.00573428
4.43223447	-87.35922300
4.43956047	-88.09659452
4.44688648	-80.58190269
4.45421249	-78.75216118
4.46153850	-85.82380764
4.46886450	-83.73288204
4.47619051	-82.19821893
4.48351652	-88.02355809
4.49084253	-88.37754336
4.49816853	-83.48947231
4.50549454	-83.99609696
4.51282055	-90.69216632
4.52014656	-88.72282034
4.52747256	-87.90356872
4.53479857	-80.16504054
4.54212458	-79.29933227
4.54945058	-86.83086194
4.55677659	-84.38080226
4.56410260	-78.34142922
4.57142861	-81.96772494
4.57875461	-94.32375770
4.58608062	-86.21681963
4.59340663	-95.39783545
4.60073264	-90.94719589
4.60805864	-95.55050026
4.61538465	-97.06118463
4.62271066	-92.05488188
4.63003667	-94.27286968
4.63736267	-86.72961831
4.64468868	-82.57973769
4.65201469	-87.37948106
4.65934070	-84.57733801
4.66666670	-80.97389802
4.67399271	-85.35415398
4.68131872	-98.92581061
4.68864473	-86.77750117
4.69597073	-89.81130619
4.70329674	-88.37651727
4.71062275	-88.78047949
4.71794875	-99.46186015
4.72527476	-91.81502095
4.73260077	-89.06232595
4.73992678	-95.83706219
4.74725278	-85.27040820
4.75457879	-79.47494613
4.76190480	-81.10421298
4.76923081	-101.39369061
4.77655681	-82.38122064
4.78388282	-80.08631045
4.79120883	-82.77751232
4.79853484	-84.60911232
4.80586084	-84.16658088
4.81318685	-84.80858388
4.82051286	-86.44376602
4.82783887	-92.82470398
4.83516487	-85.99425150
4.84249088	-81.25916812
4.84981689	-83.76361012
4.85714289	-88.59669527
4.86446890	-84.45529120
4.87179491	-86.94696919
4.87912092	-85.86635929
4.88644692	-82.20033797
4.89377293	-81.82740439
4.90109894	-86.39183185
4.90842495	-103.89455000
4.91575095	-91.28444248
4.92307696	-94.23065984
4.93040297	-82.34624047
4.93772898	-82.85608328
4.94505498	-89.28700931
4.95238099	-82.84647692
4.95970700	-87.36824783
4.96703301	-93.18557513
4.97435901	-89.16350024
4.98168502	-98.52019765
4.98901103	-88.24640141
4.99633704	-91.72231101
5.00366304	-88.60832524
5.01098905	-92.47072408
5.01831506	-90.37394738
5.02564106	-84.89786458
5.03296707	-81.66784676
5.04029308	-80.84509646
5.04761909	-83.82319566
5.05494509	-87.58249865
5.06227110	-89.37646105
5.06959711	-86.47518501
5.07692312	-81.67157649
5.08424912	-78.42542825
5.09157513	-78.88912906
5.09890114	-81.20237828
5.10622715	-81.21226708
5.11355315	-82.61373040
5.12087916	-85.75753200
5.12820517	-88.86546278
5.13553118	-94.32280190
5.14285718	-88.04888890
5.15018319	-82.72997565
5.15750920	-85.47669049
5.16483521	-90.58835881
5.17216121	-83.96774145
5.17948722	-83.81113906
5.18681323	-89.33055452
5.19413923	-105.00719631
5.20146524	-87.83127652
5.20879125	-82.57910962
5.21611726	-80.84084753
5.22344326	-83.89828473
5.23076927	-91.83338638
5.23809528	-88.07361680
5.24542129	-94.64862463
5.25274729	-88.82648939
5.26007330	-88.95367036
5.26739931	-85.64899801
5.27472532	-83.91547021
5.28205132	-86.64965114
5.28937733	-108.92091759
5.29670334	-85.23118707
5.30402935	-88.07433251
5.31135535	-88.94986026
5.31868136	-82.92354244
5.32600737	-86.58643865
5.33333337	-88.09212932
5.34065938	-98.29785201
5.34798539	-92.28626687
5.35531140	-92.48451413
5.36263740	-89.97697921
5.36996341	-84.55482576
5.37728942	-81.27442399
5.38461543	-83.66417653
5.39194143	-89.05297531
5.39926744	-90.02469148
5.40659345	-86.69142138
5.41391946	-90.36711320
5.42124546	-84.83453412
5.42857147	-78.86044451
5.43589748	-82.23348809
5.44322349	-91.43225678
5.45054949	-90.51910345
5.45787550	-89.21223174
5.46520151	-86.09206596
5.47252752	-86.57451336
5.47985352	-84.10289782
5.48717953	-90.35554130
5.49450554	-91.08602995
5.50183154	-85.63117764
5.50915755	-84.80828901
5.51648356	-85.00777194
5.52380957	-85.31424340
5.53113557	-84.25553277
5.53846158	-87.70133428
5.54578759	-105.53339312
5.55311360	-91.27994103
5.56043960	-91.24374232
5.56776561	-94.67549326
5.57509162	-89.70951174
5.58241763	-82.59657792
5.58974363	-80.97779977
5.59706964	-86.19356397
5.60439565	-102.32846424
5.61172166	-89.97060358
5.61904766	-89.06189872
5.62637367	-94.17531502
5.63369968	-87.98977343
5.64102568	-82.45360412
5.64835169	-81.67923431
5.65567770	-81.70707336
5.66300371	-86.60880057
5.67032971	-89.03747666
5.67765572	-80.08084123
5.68498173	-81.09215470
5.69230774	-86.15258221
5.69963374	-79.65467431
5.70695975	-79.70848370
5.71428576	-88.13558631
5.72161177	-91.68671184
5.72893777	-89.01320393
5.73626378	-97.87656328
5.74358979	-96.00408903
5.75091580	-101.34050493
5.75824180	-98.07054022
5.76556781	-96.81911475
5.77289382	-100.61627569
5.78021983	-93.74258366
5.78754583	-86.06047726
5.79487184	-84.08233538
5.80219785	-93.71941561
5.80952385	-84.74143984
5.81684986	-80.93565950
5.82417587	-88.57622671
5.83150188	-88.11960247
5.83882788	-87.84575972
5.84615389	-96.64540020
5.85347990	-90.03100133
5.86080591	-96.55467074
5.86813191	-84.50901274
5.87545792	-82.71756962
5.88278393	-82.25721610
5.89010994	-86.12327059
5.89743594	-98.54132833
5.90476195	-90.02603795
5.91208796	-88.47503061
5.91941397	-94.77581713
5.92673997	-96.93127926
5.93406598	-100.00225651
5.94139199	-86.16060869
5.94871800	-84.83338149
5.95604400	-90.69871230
5.96337001	-89.04847695
5.97069602	-89.91490629
5.97802202	-99.95759156
5.98534803	-92.31593489
5.99267404	-86.14353791
6.00000005	-85.00598624
6.00732605	-87.97546085
6.01465206	-91.75097452
6.02197807	-88.85889031
6.02930408	-86.72791686
6.03663008	-87.03416037
6.04395609	-87.83280282
6.05128210	-89.93907934
6.05860811	-85.51986381
6.06593411	-82.69827290
6.07326012	-84.66686645
6.08058613	-89.01506224
6.08791214	-85.92025397
6.09523814	-79.48710989
6.10256415	-77.28228235
6.10989016	-81.99347503
6.11721616	-90.22742646
6.12454217	-83.60685769
6.13186818	-91.82878464
6.13919419	-87.03725739
6.14652019	-87.58265192
6.15384620	-81.55938993
6.16117221	-84.34406006
6.16849822	-93.56906245
6.17582422	-85.13950337
6.18315023	-84.02930088
6.19047624	-79.30866676
6.19780225	-79.31300271
6.20512825	-78.86811609
6.21245426	-80.22326434
6.21978027	-83.29791840
6.22710628	-84.96881415
6.23443228	-87.05983236
6.24175829	-83.13263253
6.24908430	-88.03942899
6.25641031	-96.26417446
6.26373631	-91.57400924
6.27106232	-89.14656428
6.27838833	-85.08571952
6.28571433	-85.07366004
6.29304034	-82.01462111
6.30036635	-79.26148062
6.30769236	-84.84486478
6.31501836	-86.64427865
6.32234437	-81.35868760
6.32967038	-84.29244224
6.33699639	-76.80467086
6.34432239	-76.67696925
6.35164840	-86.78620082
6.35897441	-84.85462433
6.36630042	-83.43862663
6.37362642	-81.33846191
6.38095243	-79.95503774
6.38827844	-84.90036396
6.39560445	-85.10562982
6.40293045	-81.87130824
6.41025646	-85.99868034
6.41758247	-115.05328612
6.42490847	-94.68316979
6.43223448	-88.93409673
6.43956049	-86.16861992
6.44688650	-83.86991593
6.45421250	-82.11256006
6.46153851	-86.19690621
6.46886452	-109.73445194
6.47619053	-86.44235987
6.48351653	-85.02283980
6.49084254	-97.07121495
6.49816855	-82.28345050
6.50549456	-79.06432880
6.51282056	-79.65242010
6.52014657	-81.65480475
6.52747258	-88.17469684
6.53479859	-88.09951611
6.54212459	-81.55375430
6.54945060	-85.37624517
6.55677661	-92.39257564
6.56410262	-84.69460041
6.57142862	-90.83068358
6.57875463	-92.15382569
6.58608064	-83.80788967
6.59340664	-85.28425040
6.60073265	-93.42631688
6.60805866	-89.76895351
6.61538467	-89.43431630
6.62271067	-81.69128842
6.63003668	-83.10924210
6.63736269	-81.81779673
6.64468870	-82.00797457
6.65201470	-84.86752527
6.65934071	-88.18955420
6.66666672	-91.48105802
6.67399273	-86.06443682
6.68131873	-101.67850702
6.68864474	-85.84059602
6.69597075	-85.80342501
6.70329676	-84.29661693
6.71062276	-85.01068408
6.71794877	-87.44607065
6.72527478	-90.21970321
6.73260079	-109.19754290
6.73992679	-102.77166174
6.74725280	-84.88192349
6.75457881	-82.00805156
6.76190481	-90.14490281
6.76923082	-93.60792057
6.77655683	-91.41843331
6.78388284	-80.04871672
6.79120884	-77.69274674
6.79853485	-81.17466976
6.80586086	-88.14288626
6.81318687	-98.11144601
6.82051287	-92.02967033
6.82783888	-87.51297100
6.83516489	-86.32199592
6.84249090	-87.83334713
6.84981690	-89.18392607
6.85714291	-86.91805620
6.86446892	-85.17016635
6.87179493	-90.79026645
6.87912093	-93.42275785
6.88644694	-87.55589559
6.89377295	-84.58698991
6.90109895	-81.04331188
6.90842496	-83.28919291
6.91575097	-95.13141406
6.92307698	-89.77263991
6.93040298	-88.39314661
6.93772899	-89.37166528
6.94505500	-92.78456105
6.95238101	-93.28939143
6.95970701	-84.54684716
6.96703302	-85.16136626
6.97435903	-93.49505501
6.98168504	-82.93478597
6.98901104	-80.98938415
6.99633705	-82.97699785
7.00366306	-86.67405578
7.01098907	-92.90007428
7.01831507	-86.81974586
7.02564108	-83.76888614
7.03296709	-83.98382785
7.04029310	-86.95409567
7.04761910	-94.27338026
7.05494511	-93.09755142
7.06227112	-82.30588872
7.06959712	-80.24486860
7.07692313	-84.28580642
7.08424914	-99.44354976
7.09157515	-93.24263182
7.09890115	-90.20400680
7.10622716	-82.32323712
7.11355317	-79.96055344
7.12087918	-83.68084354
7.12820518	-88.31184383
7.13553119	-83.58561925
7.14285720	-86.70609920
7.15018321	-101.47687850
7.15750921	-89.71729629
7.16483522	-89.36540850
7.17216123	-97.02751350
7.17948724	-82.81226502
7.18681324	-81.23449133
7.19413925	-83.00504221
7.20146526	-82.19364284
7.20879126	-82.55457551
7.21611727	-82.71289522
7.22344328	-82.92284726
7.23076929	-85.30005009
7.23809529	-90.72805690
7.24542130	-89.93465250
7.25274731	-92.87549572
7.26007332	-87.04594303
7.26739932	-79.36997946
7.27472533	-77.23081667
7.28205134	-79.19061572
7.28937735	-85.90810566
7.29670335	-81.23366644
7.30402936	-80.19185272
7.31135537	-90.77571881
7.31868138	-85.32022371
7.32600738	-83.74399443
7.33333339	-96.63233611
7.34065940	-89.20159354
7.34798541	-85.70334799
7.35531141	-84.68150423
7.36263742	-87.47117565
7.36996343	-90.54619961
7.37728943	-86.73025992
7.38461544	-84.61654697
7.39194145	-89.06469998
7.39926746	-94.77010455
7.40659346	-94.39901009
7.41391947	-87.74008792
7.42124548	-93.74244482
7.42857149	-90.23698133
7.43589749	-93.99395527
7.44322350	-85.12004377
7.45054951	-82.54731308
7.45787552	-90.31145847
7.46520152	-79.29020229
7.47252753	-86.01746518
7.47985354	-82.46932986
7.48717955	-85.77239189
7.49450555	-76.59535729
7.50183156	-71.63913310
7.50915757	-76.37451644
7.51648358	-88.48287826
7.52380958	-81.81105144
7.53113559	-85.81048559
7.53846160	-82.27573100
7.54578760	-81.56714734
7.55311361	-76.60950808
7.56043962	-80.01474365
7.56776563	-82.34785750
7.57509163	-83.09727267
7.58241764	-89.70141747
7.58974365	-86.34837266
7.59706966	-93.88233843
7.60439566	-93.66929467
7.61172167	-84.47795698
7.61904768	-87.67257797
7.62637369	-86.31990711
7.63369969	-79.32877977
7.64102570	-81.25066197
7.64835171	-85.10398810
7.65567772	-88.52420019
7.66300372	-99.18935866
7.67032973	-88.07408924
7.67765574	-87.02528519
7.68498174	-88.89953503
7.69230775	-99.36165440
7.69963376	-86.71521529
7.70695977	-84.37655126
7.71428577	-82.62505838
7.72161178	-82.64480542
7.72893779	-87.63417540
7.73626380	-100.24819664
7.74358980	-93.76936331
7.75091581	-88.17423927
7.75824182	-86.34268830
7.76556783	-90.42325756
7.77289383	-90.83624559
7.78021984	-84.14818278
7.78754585	-83.46856648
7.79487186	-85.01453612
7.80219786	-92.84720318
7.80952387	-88.81165997
7.81684988	-82.92986238
7.82417589	-85.63512653
7.83150189	-100.44597624
7.83882790	-85.69444150
7.84615391	-87.34285915
7.85347991	-89.94012315
7.86080592	-84.58278331
7.86813193	-91.46086991
7.87545794	-82.20729614
7.88278394	-79.08264852
7.89010995	-80.65480522
7.89743596	-83.93761087
7.90476197	-86.36545971
7.91208797	-81.71322952
7.91941398	-81.87492512
7.92673999	-78.94569082
7.93406600	-79.55287461
7.94139200	-86.89847207
7.94871801	-89.51688102
7.95604402	-84.55903974
7.96337003	-84.57775387
7.97069603	-87.19148123
7.97802204	-83.07845470
7.98534805	-83.86608820
7.99267405	-86.85125401
8.00000006	-85.99814879
8.00732607	-83.07224804
8.01465208	-86.55385769
8.02197808	-97.46535405
8.02930409	-88.97171556
8.03663010	-82.44015392
8.04395611	-82.14741104
8.05128211	-89.43442361
8.05860812	-86.89859902
8.06593413	-79.30751306
8.07326014	-79.50722228
8.08058614	-80.03874767
8.08791215	-80.70809493
8.09523816	-85.31105689
8.10256417	-82.13676721
8.10989017	-84.72776105
8.11721618	-85.61982256
8.12454219	-83.86881966
8.13186820	-89.16201603
8.13919420	-92.74038734
8.14652021	-89.65099791
8.15384622	-89.37604803
8.16117222	-88.87164253
8.16849823	-91.53018909
8.17582424	-93.18309352
8.18315025	-87.69676027
8.19047625	-84.42567911
8.19780226	-87.20926355
8.20512827	-95.09905083
8.21245428	-90.19980064
8.21978028	-85.76299100
8.22710629	-86.19657037
8.23443230	-86.22967614
8.24175831	-80.42895003
8.24908431	-81.58889546
8.25641032	-89.62788209
8.26373633	-97.60171805
8.27106234	-91.12796247
8.27838834	-93.71771837
8.28571435	-89.77001554
8.29304036	-84.87737808
8.30036637	-92.00709981
8.30769237	-91.88038325
8.31501838	-90.02931521
8.32234439	-85.07879128
8.32967039	-82.89993181
8.33699640	-87.20302155
8.34432241	-89.36719338
8.35164842	-87.67135690
8.35897442	-86.97243563
8.36630043	-84.55899330
8.37362644	-84.14429325
8.38095245	-86.49840290
8.38827845	-85.22464792
8.39560446	-83.43172520
8.40293047	-85.22951450
8.41025648	-85.90071744
8.41758248	-86.43059295
8.42490849	-90.83079416
8.43223450	-98.82830564
8.43956051	-96.56406808
8.44688651	-88.86371921
8.45421252	-82.86948287
8.46153853	-83.07618651
8.46886453	-88.89943979
8.47619054	-85.84607021
8.48351655	-83.48943961
8.49084256	-85.51362265
8.49816856	-87.25203222
8.50549457	-86.60120751
8.51282058	-94.27624072
8.52014659	-85.88917830
8.52747259	-83.08925416
8.53479860	-86.64286758
8.54212461	-105.19438380
8.54945062	-94.80221165
8.55677662	-101.75090302
8.56410263	-91.19652600
8.57142864	-90.91316606
8.57875465	-92.00265062
8.58608065	-97.31851769
8.59340666	-86.34631096
8.60073267	-82.53543425
8.60805868	-92.38594608
8.61538468	-83.93615031
8.62271069	-80.18219240
8.63003670	-85.64779981
8.63736270	-89.87799091
8.64468871	-85.44756485
8.65201472	-92.22379155
8.65934073	-91.77220590
8.66666673	-88.17656358
8.67399274	-96.50223125
8.68131875	-91.47046159
8.68864476	-90.18299342
8.69597076	-96.62840592
8.70329677	-90.71564959
8.71062278	-88.40411521
8.71794879	-88.34081326
8.72527479	-94.23887796
8.73260080	-88.78864693
8.73992681	-84.42481810
8.74725282	-87.89627334
8.75457882	-95.74812707
8.76190483	-87.73004804
8.76923084	-95.48616495
8.77655684	-87.95558338
8.78388285	-83.52253822
8.79120886	-90.35009650
8.79853487	-88.22159115
8.80586087	-84.42412429
8.81318688	-97.21354578
8.82051289	-85.20513840
8.82783890	-84.33461422
8.83516490	-93.26333221
8.84249091	-88.74419276
8.84981692	-96.35208110
8.85714293	-92.33748788
8.86446893	-93.49193253
8.87179494	-88.61304142
8.87912095	-85.20815042
8.88644696	-91.26842780
8.89377296	-89.66953551
8.90109897	-89.54849717
8.90842498	-87.68259357
8.91575099	-83.20044754
8.92307699	-80.46029032
8.93040300	-81.87457503
8.93772901	-98.80698980
8.94505501	-82.32681001
8.95238102	-81.70514539
8.95970703	-94.79983203
8.96703304	-83.73788082
8.97435904	-79.09227453
8.98168505	-81.41029536
8.98901106	-92.20464382
8.99633707	-81.59394328
9.00366307	-81.47781212
9.01098908	-85.51841737
9.01831509	-91.68711457
9.02564110	-85.51058087
9.03296710	-86.53337440
9.04029311	-109.45904886
9.04761912	-94.56701975
9.05494513	-90.07175551
9.06227113	-84.03884625
9.06959714	-93.49221944
9.07692315	-85.05350404
9.08424915	-82.59958630
9.09157516	-82.74666261
9.09890117	-84.00446478
9.10622718	-89.22438108
9.11355318	-83.85916133
9.12087919	-84.62476639
9.12820520	-87.81678171
9.13553121	-86.14728047
9.14285721	-84.28783241
9.15018322	-85.32288289
9.15750923	-86.43270512
9.16483524	-85.29110433
9.17216124	-87.88727227
9.17948725	-87.59000829
9.18681326	-79.36542868
9.19413927	-80.21866658
9.20146527	-84.49595207
9.20879128	-79.63227338
9.21611729	-81.79657510
9.22344330	-82.55938448
9.23076930	-80.96099124
9.23809531	-89.23184091
9.24542132	-90.16705226
9.25274732	-87.96966874
9.26007333	-94.80752580
9.26739934	-93.40484764
9.27472535	-89.44741998
9.28205135	-86.10839667
9.28937736	-86.24477475
9.29670337	-84.52070026
9.30402938	-85.30849724
9.31135538	-88.86024245
9.31868139	-85.49523292
9.32600740	-84.00274356
9.33333341	-86.72763648
9.34065941	-99.78380504
9.34798542	-86.86902709
9.35531143	-82.80626150
9.36263744	-84.48466471
9.36996344	-88.74427132
9.37728945	-83.48371947
9.38461546	-79.19383572
9.39194147	-79.70302835
9.39926747	-85.93486398
9.40659348	-89.54833916
9.41391949	-95.94026894
9.42124549	-90.18635065
9.42857150	-88.67777952
9.43589751	-83.98405523
9.44322352	-81.86402380
9.45054952	-83.57294284
9.45787553	-86.58619920
9.46520154	-89.73832010
9.47252755	-85.59553551
9.47985355	-89.80440088
9.48717956	-96.46925934
9.49450557	-87.81938797
9.50183158	-83.24040399
9.50915758	-81.49997550
9.51648359	-82.85987309
9.52380960	-84.26226348
9.53113561	-91.64594384
9.53846161	-91.05180746
9.54578762	-89.09231066
9.55311363	-93.96745859
9.56043963	-90.42842194
9.56776564	-84.52827560
9.57509165	-84.64731046
9.58241766	-94.71993464
9.58974366	-92.79685661
9.59706967	-102.32286733
9.60439568	-84.47591971
9.61172169	-81.63313117
9.61904769	-84.54766425
9.62637370	-86.22454825
9.63369971	-83.32550201
9.64102572	-84.91560922
9.64835172	-88.08875201
9.65567773	-86.24670635
9.66300374	-87.55748673
9.67032975	-90.15719850
9.67765575	-87.66884127
9.68498176	-89.05644766
9.69230777	-91.00032959
9.69963378	-86.51743236
9.70695978	-88.14775981
9.71428579	-90.40036889
9.72161180	-85.27981869
9.72893780	-85.45201372
9.73626381	-92.79740315
9.74358982	-86.70892768
9.75091583	-86.70789278
9.75824183	-93.05832407
9.76556784	-85.57768774
9.77289385	-91.04738340
9.78021986	-85.37478180
9.78754586	-81.88150745
9.79487187	-84.69367162
9.80219788	-84.80531443
9.80952389	-88.84777675
9.81684989	-83.45409273
9.82417590	-80.64785796
9.83150191	-80.32821511
9.83882792	-79.09684580
9.84615392	-79.90556696
9.85347993	-81.66666584
9.86080594	-79.40913624
9.86813194	-81.06821744
9.87545795	-87.39425503
9.88278396	-88.28307024
9.89010997	-100.61446539
9.89743597	-86.28743173
9.90476198	-88.98228238
9.91208799	-94.02314844
9.91941400	-87.32355674
9.92674000	-84.92302506
9.93406601	-93.76908171
9.94139202	-83.97450560
9.94871803	-85.02319663
9.95604403	-96.21384165
9.96337004	-84.76087256
9.97069605	-84.60757417
9.97802206	-87.51636257
9.98534806	-86.22633582
9.99267407	-87.27933298
10.00000008	-91.64192430
10.00732609	-90.81319094
10.01465209	-92.30032426
10.02197810	-94.95375883
10.02930411	-94.99116814
10.03663011	-89.65044935
10.04395612	-89.97304078
10.05128213	-86.06231635
10.05860814	-90.48623818
10.06593414	-93.16530833
10.07326015	-95.36221782
10.08058616	-101.96359084
10.08791217	-92.85746635
10.09523817	-88.01470286
10.10256418	-88.59077027
10.10989019	-88.23627606
10.11721620	-91.40578646
10.12454220	-90.54543857
10.13186821	-83.21846960
10.13919422	-87.61399488
10.14652023	-94.21234601
10.15384623	-88.91751943
10.16117224	-97.13426698
10.16849825	-82.98332362
10.17582426	-84.09931568
10.18315026	-94.95876591
10.19047627	-81.87468078
10.19780228	-84.20208406
10.20512828	-88.86131419
10.21245429	-81.49725890
10.21978030	-82.73093280
10.22710631	-84.53665017
10.23443231	-81.11067067
10.24175832	-78.06464912
10.24908433	-79.64008212
10.25641034	-89.76992913
10.26373634	-87.36420713
10.27106235	-86.63756383
10.27838836	-88.49036499
10.28571437	-89.01234824
10.29304037	-90.45765046
10.30036638	-89.47137794
10.30769239	-87.17630578
10.31501840	-88.90195612
10.32234440	-83.94715899
10.32967041	-82.22803860
10.33699642	-87.85941652
10.34432242	-93.30339771
10.35164843	-83.33350700
10.35897444	-83.23601981
10.36630045	-92.72499519
10.37362645	-87.97334533
10.38095246	-87.24381014
10.38827847	-90.66666283
10.39560448	-91.29760367
10.40293048	-112.46495994
10.41025649	-93.09844698
10.41758250	-85.26655499
10.42490851	-81.55597459
10.43223451	-85.09358795
10.43956052	-91.72791047
10.44688653	-80.77741179
10.45421254	-81.18794571
10.46153854	-88.44006248
10.46886455	-98.27722584
10.47619056	-89.39027824
10.48351657	-84.19721116
10.49084257	-86.41513828
10.49816858	-93.97968974
10.50549459	-81.66198874
10.51282059	-81.68599108
10.52014660	-96.49907406
10.52747261	-85.87673144
10.53479862	-91.02586669
10.54212462	-87.78838179
10.54945063	-86.53148659
10.55677664	-101.89472877
10.56410265	-94.65599925
10.57142865	-91.21110570
10.57875466	-85.37847255
10.58608067	-87.08342298
10.59340668	-86.36218150
10.60073268	-86.15151976
10.60805869	-84.69720395
10.61538470	-84.41363461
10.62271071	-90.62134511
10.63003671	-93.08587320
10.63736272	-96.80147066
10.64468873	-87.25329664
10.65201473	-85.32359187
10.65934074	-100.34460677
10.66666675	-86.90898842
10.67399276	-86.05215924
10.68131876	-94.32727063
10.68864477	-82.01957161
10.69597078	-80.38263216
10.70329679	-86.85030780
10.71062279	-85.23812796
10.71794880	-82.99995452
10.72527481	-89.84883336
10.73260082	-85.72595782
10.73992682	-89.38540381
10.74725283	-91.63040870
10.75457884	-85.90762839
10.76190485	-91.48748756
10.76923085	-87.90116524
10.77655686	-88.42271215
10.78388287	-91.59464341
10.79120888	-97.80712125
10.79853488	-89.62982011
10.80586089	-82.81734986
10.81318690	-84.88165040
10.82051290	-97.37187035
10.82783891	-83.59995976
10.83516492	-85.54253164
10.84249093	-99.81136528
10.84981693	-87.16394370
10.85714294	-89.86862882
10.86446895	-83.80301554
10.87179496	-86.33629323
10.87912096	-86.06827615
10.88644697	-82.32978576
10.89377298	-85.89500652
10.90109899	-83.91215440
10.90842499	-85.57786832
10.91575100	-87.84762057
10.92307701	-84.89153118
10.93040302	-88.89847237
10.93772902	-87.28107203
10.94505503	-86.88823854
10.95238104	-91.38693949
10.95970705	-87.43006899
10.96703305	-90.09931755
10.97435906	-86.64317349
10.98168507	-88.67067953
10.98901107	-94.17410299
10.99633708	-85.77415761
11.00366309	-87.61645418
11.01098910	-91.69014179
11.01831510	-89.00625404
11.02564111	-87.00751633
11.03296712	-90.94100668
11.04029313	-96.34562871
11.04761913	-94.55864992
11.05494514	-84.70062839
11.06227115	-82.25911240
11.06959716	-86.07910749
11.07692316	-91.90190403
11.08424917	-97.70428398
11.09157518	-85.15571423
11.09890119	-84.94371965
11.10622719	-93.98141400
11.11355320	-82.68679347
11.12087921	-81.13387436
11.12820521	-81.38473238
11.13553122	-80.99120866
11.14285723	-85.65748211
11.15018324	-93.70384830
11.15750924	-91.82246562
11.16483525	-98.31328715
11.17216126	-86.87511989
11.17948727	-89.20909850
11.18681327	-101.32225253
11.19413928	-88.24555654
11.20146529	-87.43778118
11.20879130	-82.44904527
11.21611730	-80.81807302
11.22344331	-83.83640173
11.23076932	-88.10755892
11.23809533	-91.89770915
11.24542133	-85.80213159
11.25274734	-88.49806439
11.26007335	-92.47052076
11.26739936	-83.10007953
11.27472536	-84.27407517
11.28205137	-90.73415177
11.28937738	-86.72455221
11.29670338	-85.77456760
11.30402939	-84.58942582
11.31135540	-84.47408471
11.31868141	-85.91585186
11.32600741	-88.12104570
11.33333342	-91.56404374
11.34065943	-86.83967670
11.34798544	-92.40440197
11.35531144	-92.52459629
11.36263745	-89.15055151
11.36996346	-90.79899325
11.37728947	-85.40549654
11.38461547	-84.00907387
11.39194148	-83.88919690
11.39926749	-86.08689427
11.40659350	-83.16104459
11.41391950	-82.09380495
11.42124551	-89.10874835
11.42857152	-88.86592377
11.43589752	-90.10745107
11.44322353	-90.87597812
11.45054954	-82.32166968
11.45787555	-83.07966231
11.46520155	-91.68951260
11.47252756	-96.32447422
11.47985357	-104.84419091
11.48717958	-87.03686567
11.49450558	-81.49467783
11.50183159	-82.54675093
11.50915760	-87.75029970
11.51648361	-85.64284857
11.52380961	-82.60513141
11.53113562	-82.08813416
11.53846163	-88.82232347
11.54578764	-88.64600185
11.55311364	-82.72959278
11.56043965	-86.57501550
11.56776566	-98.76176283
11.57509167	-87.06368739
11.58241767	-88.53800077
11.58974368	-87.38291608
11.59706969	-85.34844979
11.60439569	-86.06017032
11.61172170	-86.17338635
11.61904771	-88.80135740
11.62637372	-96.52359128
11.63369972	-112.22239524
11.64102573	-93.63489421
11.64835174	-88.58813690
11.65567775	-87.49486244
11.66300375	-90.88075301
11.67032976	-96.27906395
11.67765577	-89.19838206
11.68498178	-84.22364978
11.69230778	-82.26736755
11.69963379	-85.39102837
11.70695980	-104.87260812
11.71428581	-90.82987617
11.72161181	-94.74327525
11.72893782	-87.90012830
11.73626383	-88.73057462
11.74358984	-96.51975242
11.75091584	-86.51680277
11.75824185	-94.27893550
11.76556786	-91.31127803
11.77289386	-89.86439499
11.78021987	-99.60165669
11.78754588	-94.95757588
11.79487189	-91.46558005
11.80219789	-100.63474709
11.80952390	-86.62095374
11.81684991	-83.03437946
11.82417592	-85.55629226
11.83150192	-89.31053713
11.83882793	-90.51873420
11.84615394	-84.09744592
11.85347995	-85.33145661
11.86080595	-90.76219981
11.86813196	-86.50078498
11.87545797	-91.60788310
11.88278398	-91.47322828
11.89010998	-87.50744146
11.89743599	-87.27884022
11.90476200	-81.41278818
11.91208800	-82.12512628
11.91941401	-95.13608098
11.92674002	-90.11871131
11.93406603	-89.91844041
11.94139203	-84.08077300
11.94871804	-80.93006879
11.95604405	-80.18522746
11.96337006	-81.15183632
11.97069606	-89.96558224
11.97802207	-88.05606489
11.98534808	-85.17938012
11.99267409	-98.51118846
12.00000009	-85.98063267
12.00732610	-88.23684681
12.01465211	-92.31891284
12.02197812	-83.39317824
12.02930412	-84.82205548
12.03663013	-92.71089092
12.04395614	-96.73779152
12.05128215	-101.97726778
12.05860815	-95.77514828
12.06593416	-90.13954461
12.07326017	-88.80533956
12.08058617	-92.05285358
12.08791218	-95.49488742
12.09523819	-95.72752703
12.10256420	-89.39069001
12.10989020	-83.93620583
12.11721621	-84.51558976
12.12454222	-86.29086994
12.13186823	-83.16106976
12.13919423	-84.92651650
12.14652024	-97.24301583
12.15384625	-86.61697013
12.16117226	-87.42969513
12.16849826	-100.95173093
12.17582427	-86.00838165
12.18315028	-88.27305277
12.19047629	-90.13664751
12.19780229	-84.14036010
12.20512830	-89.76024453
12.21245431	-90.01871970
12.21978031	-85.28708284
12.22710632	-89.82441196
12.23443233	-90.42550107
12.24175834	-84.70667214
12.24908434	-84.57054397
12.25641035	-97.30503777
12.26373636	-88.11415867
12.27106237	-85.43050529
12.27838837	-88.39278427
12.28571438	-87.12270973
12.29304039	-87.47154981
12.30036640	-96.40587126
12.30769240	-88.16591115
12.31501841	-87.37586367
12.32234442	-80.62317566
12.32967043	-79.86435702
12.33699643	-86.89576283
12.34432244	-88.73306416
12.35164845	-89.37753074
12.35897446	-89.08081280
12.36630046	-85.63670872
12.37362647	-84.40586319
12.38095248	-83.63326488
12.38827848	-87.76991148
12.39560449	-95.18908581
12.40293050	-86.31812678
12.41025651	-91.42124217
12.41758251	-87.40435737
12.42490852	-88.04345633
12.43223453	-84.91522207
12.43956054	-84.16669642
12.44688654	-89.61655316
12.45421255	-90.32390885
12.46153856	-85.94156575
12.46886457	-84.94430915
12.47619057	-95.44280590
12.48351658	-89.16416680
12.49084259	-85.15349927
12.49816860	-86.60244195
12.50549460	-89.25562347
12.51282061	-87.57320860
12.52014662	-84.14957420
12.52747263	-84.91844941
12.53479863	-93.12881656
12.54212464	-102.20522080
12.54945065	-91.76545823
12.55677665	-85.51429412
12.56410266	-87.62544770
12.57142867	-114.95474683
12.57875468	-90.90891076
12.58608068	-93.38766830
12.59340669	-86.68826941
12.60073270	-84.11186829
12.60805871	-95.71869157
12.61538471	-86.90972984
12.62271072	-84.62781108
12.63003673	-88.37955135
12.63736274	-88.50345280
12.64468874	-84.88566905
12.65201475	-85.95846478
12.65934076	-84.07679110
12.66666677	-83.92416488
12.67399277	-93.53817892
12.68131878	-98.52958588
12.68864479	-97.40080444
12.69597079	-98.93673772
12.70329680	-86.57622406
12.71062281	-85.70206520
12.71794882	-106.94292616
12.72527482	-88.19887562
12.73260083	-91.02297008
12.73992684	-81.19601946
12.74725285	-81.44361303
12.75457885	-89.19610190
12.76190486	-83.49618418
12.76923087	-84.44516156
12.77655688	-92.18776891
12.78388288	-88.34182903
12.79120889	-92.42488025
12.79853490	-87.56656962
12.80586091	-84.07336577
12.81318691	-88.01092046
12.82051292	-98.74366058
12.82783893	-91.85819453
12.83516494	-86.69766113
12.84249094	-86.37834871
12.84981695	-85.80821245
12.85714296	-87.07764464
12.86446896	-90.10430547
12.87179497	-99.62105540
12.87912098	-90.87005499
12.88644699	-93.42042771
12.89377299	-96.07740114
12.90109900	-87.86838975
12.90842501	-81.14212077
12.91575102	-82.54872458
12.92307702	-88.94419617
12.93040303	-84.44890746
12.93772904	-89.75935845
12.94505505	-79.41049586
12.95238105	-79.53106334
12.95970706	-85.10772669
12.96703307	-85.60942305
12.97435908	-86.45327751
12.98168508	-83.22714315
12.98901109	-86.55677641
12.99633710	-85.68121266
13.00366310	-92.13663322
13.01098911	-86.92533478
13.01831512	-83.12141976
13.02564113	-89.10714222
13.03296713	-87.11808409
13.04029314	-86.82831544
13.04761915	-91.86581456
13.05494516	-92.79192701
13.06227116	-93.83500562
13.06959717	-84.54670274
13.07692318	-84.48723505
13.08424919	-92.65219619
13.09157519	-102.02346348
13.09890120	-93.53429337
13.10622721	-87.87651551
13.11355322	-89.13279558
13.12087922	-88.58813473
13.12820523	-86.84892592
13.13553124	-92.69259882
13.14285725	-86.78829056
13.15018325	-89.07338862
13.15750926	-98.86946984
13.16483527	-88.99593565
13.17216127	-87.58505385
13.17948728	-92.70933293
13.18681329	-84.66020382
13.19413930	-83.05309329
13.20146530	-96.62304962
13.20879131	-88.34909853
13.21611732	-89.45588404
13.22344333	-89.03282173
13.23076933	-92.30842712
13.23809534	-89.35838423
13.24542135	-86.84148742
13.25274736	-89.30645363
13.26007336	-92.54288294
13.26739937	-91.22363751
13.27472538	-89.09807469
13.28205139	-98.90304648
13.28937739	-84.42810521
13.29670340	-84.72534474
13.30402941	-88.90200263
13.31135542	-87.27687855
13.31868142	-87.76029322
13.32600743	-100.39754245
13.33333344	-93.71186814
13.34065944	-93.16888491
13.34798545	-86.05319869
13.35531146	-86.64633654
13.36263747	-90.45139369
13.36996347	-86.59726814
13.37728948	-91.91237864
13.38461549	-108.17461262
13.39194150	-94.73694180
13.39926750	-87.49035140
13.40659351	-89.42602929
13.41391952	-95.09850072
13.42124553	-90.64310147
13.42857153	-89.48858882
13.43589754	-104.09563027
13.44322355	-87.96055631
13.45054956	-84.04809607
13.45787556	-87.39966152
13.46520157	-91.09130727
13.47252758	-84.26688717
13.47985358	-86.18330501
13.48717959	-93.44146228
13.49450560	-84.83076600
13.50183161	-87.32198411
13.50915761	-93.24194758
13.51648362	-87.37333926
13.52380963	-88.71743784
13.53113564	-94.54479804
13.53846164	-87.80271072
13.54578765	-87.98007214
13.55311366	-94.99330810
13.56043967	-83.63363019
13.56776567	-86.30665597
13.57509168	-83.73776834
13.58241769	-85.03312383
13.58974370	-95.50634401
13.59706970	-86.14610802
13.60439571	-100.41405303
13.61172172	-83.85313225
13.61904773	-86.22775912
13.62637373	-91.82729622
13.63369974	-90.05018646
13.64102575	-94.48601859
13.64835175	-96.95554530
13.65567776	-93.81197965
13.66300377	-101.30275585
13.67032978	-88.53306011
13.67765578	-94.27228483
13.68498179	-86.27045952
13.69230780	-89.45052596
13.69963381	-87.33227049
13.70695981	-82.92250261
13.71428582	-88.96962809
13.72161183	-85.73256872
13.72893784	-92.52732341
13.73626384	-89.60618884
13.74358985	-90.27264524
13.75091586	-93.99965726
13.75824187	-103.10566057
13.76556787	-88.30141685
13.77289388	-92.01145197
13.78021989	-86.16523583
13.78754589	-86.93183434
13.79487190	-87.62555146
13.80219791	-88.20248577
13.80952392	-83.96746389
13.81684992	-79.01752979
13.82417593	-84.42624632
13.83150194	-89.72347885
13.83882795	-83.45160483
13.84615395	-87.71106190
13.85347996	-93.30632981
13.86080597	-91.65924951
13.86813198	-93.40727254
13.87545798	-88.39359163
13.88278399	-92.09879497
13.89011000	-92.10247826
13.89743601	-86.39245944
13.90476201	-94.82120101
13.91208802	-88.86976735
13.91941403	-84.35358349
13.92674004	-87.91447249
13.93406604	-96.68469327
13.94139205	-97.20638974
13.94871806	-87.15572067
13.95604406	-86.84791901
13.96337007	-93.76179737
13.97069608	-83.89528524
13.97802209	-88.24244941
13.98534809	-93.43451676
13.99267410	-89.01507769
14.00000011	-95.25723959
14.00732612	-88.89560589
14.01465212	-90.50079023
14.02197813	-84.66453147
14.02930414	-84.48761275
14.03663015	-89.61604700
14.04395615	-86.44072664
14.05128216	-84.08976032
14.05860817	-87.11282362
14.06593418	-95.78913311
14.07326018	-83.50111210
14.08058619	-87.47053604
14.08791220	-85.20893677
14.09523821	-80.59404825
14.10256421	-86.36664597
14.10989022	-95.23596334
14.11721623	-100.09586758
14.12454223	-89.08772574
14.13186824	-82.81693382
14.13919425	-80.90034427
14.14652026	-84.09588318
14.15384626	-100.67658395
14.16117227	-102.02505179
14.16849828	-90.73417348
14.17582429	-87.91684087
14.18315029	-94.17198807
14.19047630	-94.59925387
14.19780231	-95.34501917
14.20512832	-88.96999925
14.21245432	-88.55808566
14.21978033	-88.74403260
14.22710634	-93.91250292
14.23443235	-96.54315786
14.24175835	-88.15166220
14.24908436	-90.51199084
14.25641037	-90.05751593
14.26373637	-84.48376373
14.27106238	-86.75838056
14.27838839	-92.37701780
14.28571440	-105.30966646
14.29304040	-87.76050233
14.30036641	-88.05709811
14.30769242	-91.31964596
14.31501843	-82.32415704
14.32234443	-82.03169255
14.32967044	-103.09485149
14.33699645	-82.57007631
14.34432246	-84.53217549
14.35164846	-87.50477554
14.35897447	-80.16808698
14.36630048	-86.52470249
14.37362649	-87.16207762
14.38095249	-83.90764810
14.38827850	-92.84777802
14.39560451	-89.65997207
14.40293052	-89.49439922
14.41025652	-103.55062451
14.41758253	-86.98240484
14.42490854	-83.50649320
14.43223454	-84.40562654
14.43956055	-88.84970059
14.44688656	-94.84060662
14.45421257	-88.87551089
14.46153857	-85.48822612
14.46886458	-84.48989372
14.47619059	-85.85572930
14.48351660	-88.51695383
14.49084260	-92.55506136
14.49816861	-101.74161879
14.50549462	-91.51769666
14.51282063	-91.49891541
14.52014663	-86.70997382
14.52747264	-85.94618084
14.53479865	-93.36020771
14.54212466	-87.59990739
14.54945066	-84.65443405
14.55677667	-89.06603040
14.56410268	-96.02747471
14.57142868	-89.38730338
14.57875469	-92.53632056
14.58608070	-92.59246696
14.59340671	-99.50929817
14.60073271	-89.15854801
14.60805872	-90.34128399
14.61538473	-95.15758411
14.62271074	-99.43455637
14.63003674	-87.48276195
14.63736275	-90.54014389
14.64468876	-86.32788100
14.65201477	-83.49409555
14.65934077	-84.54726495
14.66666678	-79.62651971
14.67399279	-79.56377493
14.68131880	-83.48952005
14.68864480	-87.22632132
14.69597081	-90.74098891
14.70329682	-92.07375399
14.71062283	-84.52344876
14.71794883	-85.35864062
14.72527484	-109.99388836
14.73260085	-85.76441090
14.73992685	-84.65577700
14.74725286	-86.57643051
14.75457887	-86.87995642
14.76190488	-87.73619634
14.76923088	-90.49418528
14.77655689	-95.18857723
14.78388290	-91.95624745
14.79120891	-92.42164519
14.79853491	-91.56220961
14.80586092	-93.62320857
14.81318693	-85.53305308
14.82051294	-81.94928730
14.82783894	-84.88972146
14.83516495	-93.39999622
14.84249096	-91.44384039
14.84981697	-84.93862377
14.85714297	-84.76533472
14.86446898	-93.65991150
14.87179499	-92.69695798
14.87912099	-88.24336518
14.88644700	-94.66646257
14.89377301	-90.17895401
14.90109902	-86.04788829
14.90842502	-89.67493924
14.91575103	-86.09825716
14.92307704	-82.46488146
14.93040305	-86.00085598
14.93772905	-85.85167016
14.94505506	-84.29204720
14.95238107	-86.71802354
14.95970708	-90.90003411
14.96703308	-93.12813774
14.97435909	-85.84190917
14.98168510	-86.59143987
14.98901111	-90.51966167
14.99633711	-97.71211219
