# Menlo Systems GmbH ScanControl
# Program Version 1.7.0+git.a90605a3
# Start: -710.00000000 ps, Average over 5000 waveforms. Timestamp: 2023-11-21T14:56:41
# Window type: Tukey, parameters: alpha = 0.1
# User time axis shift: 0 ps
# Time axis offset: 0 ps
# Frequency [THz]	THz Signal [a.u.]
0.00000000	-15.80204799
0.00732601	-18.60177106
0.01465201	-30.99437692
0.02197802	-30.53733350
0.02930403	-30.23249183
0.03663004	-37.22820477
0.04395604	-31.18944024
0.05128205	-30.72227497
0.05860806	-37.08445870
0.06593407	-33.12502352
0.07326007	-33.41172985
0.08058608	-37.39800885
0.08791209	-34.81387416
0.09523810	-35.68403680
0.10256410	-39.53692502
0.10989011	-35.97347291
0.11721612	-38.77923467
0.12454213	-49.42393587
0.13186813	-41.56068417
0.13919414	-41.08524156
0.14652015	-41.91909195
0.15384616	-40.77660158
0.16117216	-37.18427374
0.16849817	-37.63016859
0.17582418	-37.38644400
0.18315018	-32.34819176
0.19047619	-29.31899748
0.19780220	-27.98119025
0.20512821	-29.69065653
0.21245421	-34.00647505
0.21978022	-26.20328257
0.22710623	-22.81723139
0.23443224	-23.57455967
0.24175824	-26.72452291
0.24908425	-26.66748508
0.25641026	-23.57518461
0.26373627	-20.69398343
0.27106227	-19.83171046
0.27838828	-21.92971219
0.28571429	-23.29555759
0.29304030	-18.36387682
0.30036630	-15.68037502
0.30769231	-16.12655368
0.31501832	-18.98738665
0.32234432	-18.15108161
0.32967033	-14.63438028
0.33699634	-12.87452076
0.34432235	-12.80844175
0.35164835	-14.34386035
0.35897436	-14.88760110
0.36630037	-12.01648476
0.37362638	-10.17257204
0.38095238	-10.52016711
0.38827839	-12.69970534
0.39560440	-13.78371883
0.40293041	-10.90422004
0.41025641	-8.84664372
0.41758242	-9.14044655
0.42490843	-11.32863278
0.43223444	-11.53817186
0.43956044	-8.48550501
0.44688645	-6.47028728
0.45421246	-6.56267403
0.46153847	-8.83449302
0.46886447	-9.20889893
0.47619048	-5.82008862
0.48351649	-4.34660143
0.49084249	-5.46152379
0.49816850	-8.24506537
0.50549451	-7.62902524
0.51282052	-4.77816692
0.52014652	-3.82143813
0.52747253	-5.11532473
0.53479854	-7.40290502
0.54212455	-5.92494805
0.54945055	-3.29957740
0.55677656	-2.62854743
0.56410257	-4.05030567
0.57142858	-5.77574523
0.57875458	-3.74391324
0.58608059	-1.52717463
0.59340660	-1.44158138
0.60073261	-3.35291966
0.60805861	-4.60828971
0.61538462	-2.52940353
0.62271063	-1.02828282
0.63003664	-1.57262716
0.63736264	-3.85527183
0.64468865	-4.37900545
0.65201466	-1.93108069
0.65934066	-0.83458982
0.66666667	-1.92210486
0.67399268	-3.94204526
0.68131869	-2.78529327
0.68864469	-0.56362750
0.69597070	-0.21884749
0.70329671	-1.87375936
0.71062272	-3.17937757
0.71794872	-1.30809096
0.72527473	0.00000000
0.73260074	-0.80453120
0.73992675	-2.99482512
0.74725275	-3.11082888
0.75457876	-1.38506751
0.76190477	-1.03626075
0.76923078	-2.49749358
0.77655678	-3.82782020
0.78388279	-2.25727835
0.79120880	-0.85391284
0.79853480	-1.35380069
0.80586081	-2.97502926
0.81318682	-2.57456430
0.82051283	-0.91663173
0.82783883	-0.74125018
0.83516484	-2.20399956
0.84249085	-3.10889653
0.84981686	-1.83480169
0.85714286	-1.17877287
0.86446887	-2.24229874
0.87179488	-3.71935993
0.87912089	-3.14841402
0.88644689	-2.28637912
0.89377290	-2.90190740
0.90109891	-4.32688825
0.90842492	-4.15957434
0.91575092	-3.05119067
0.92307693	-3.10079978
0.93040294	-4.18016402
0.93772895	-4.31741842
0.94505495	-3.36819342
0.95238096	-3.29967820
0.95970697	-4.33942035
0.96703297	-4.98458291
0.97435898	-4.62582503
0.98168499	-4.79502170
0.98901100	-5.96363246
0.99633700	-6.82309205
1.00366301	-6.41211526
1.01098902	-6.20886644
1.01831503	-6.87738860
1.02564103	-7.21000830
1.03296704	-6.49660403
1.04029305	-6.16798158
1.04761906	-6.68408396
1.05494506	-6.92872644
1.06227107	-6.47643602
1.06959708	-6.45641510
1.07692309	-7.10832193
1.08424909	-7.54026721
1.09157510	-7.60202698
1.09890111	-8.13904891
1.10622712	-8.92647785
1.11355312	-8.94073005
1.12087913	-8.80945626
1.12820514	-9.37741500
1.13553114	-9.87719872
1.14285715	-9.65626708
1.15018316	-9.70618137
1.15750917	-10.29846562
1.16483517	-10.43367038
1.17216118	-10.01122091
1.17948719	-9.92823857
1.18681320	-10.21234840
1.19413920	-10.44545239
1.20146521	-10.77960109
1.20879122	-11.43811615
1.21611723	-12.11762595
1.22344323	-12.66649729
1.23076924	-13.36497642
1.23809525	-14.10524764
1.24542126	-14.53624347
1.25274726	-14.87492664
1.26007327	-15.33676902
1.26739928	-15.65390953
1.27472528	-15.81437884
1.28205129	-16.13612736
1.28937730	-16.58888540
1.29670331	-16.99726574
1.30402931	-17.49724751
1.31135532	-18.20021723
1.31868133	-18.91084669
1.32600734	-19.52285259
1.33333334	-20.23804541
1.34065935	-21.11688466
1.34798536	-21.92170944
1.35531137	-22.61516299
1.36263737	-23.43128917
1.36996338	-24.32429143
1.37728939	-25.07450026
1.38461540	-25.82137302
1.39194140	-26.78184497
1.39926741	-27.79684399
1.40659342	-28.54168115
1.41391943	-28.95438756
1.42124543	-29.22879544
1.42857144	-29.56312838
1.43589745	-30.15426031
1.44322345	-31.28030930
1.45054946	-33.14915691
1.45787547	-35.70141097
1.46520148	-38.53646396
1.47252748	-40.45039241
1.47985349	-40.22140063
1.48717950	-39.34872490
1.49450551	-39.03273754
1.50183151	-39.62571078
1.50915752	-41.86782964
1.51648353	-47.47356424
1.52380954	-58.05131855
1.53113554	-47.81982983
1.53846155	-44.38513202
1.54578756	-44.32560650
1.55311357	-47.44901330
1.56043957	-53.71631648
1.56776558	-50.98073080
1.57509159	-48.15608773
1.58241760	-48.09728175
1.58974360	-49.29647224
1.59706961	-50.24947247
1.60439562	-49.83758860
1.61172162	-49.44594590
1.61904763	-49.93370819
1.62637364	-50.24232948
1.63369965	-49.93246397
1.64102565	-49.80647010
1.64835166	-49.87411302
1.65567767	-49.99087249
1.66300368	-50.18789357
1.67032968	-50.37381875
1.67765569	-50.44421232
1.68498170	-50.36322250
1.69230771	-50.48258319
1.69963371	-50.81456180
1.70695972	-50.81760763
1.71428573	-50.91584508
1.72161174	-51.41403118
1.72893774	-51.53527531
1.73626375	-51.53292129
1.74358976	-51.89261901
1.75091577	-51.98759175
1.75824177	-52.05144043
1.76556778	-52.45130339
1.77289379	-52.45088752
1.78021979	-52.37412001
1.78754580	-52.68417318
1.79487181	-52.67059576
1.80219782	-52.61026352
1.80952382	-53.09402137
1.81684983	-53.37938535
1.82417584	-53.28269846
1.83150185	-53.50597149
1.83882785	-53.87712351
1.84615386	-54.20886154
1.85347987	-54.71963425
1.86080588	-55.06526638
1.86813188	-55.08326114
1.87545789	-55.33105248
1.88278390	-55.86460182
1.89010991	-56.25476172
1.89743591	-56.52686204
1.90476192	-56.86041737
1.91208793	-57.05518621
1.91941393	-57.18940761
1.92673994	-57.56704404
1.93406595	-57.84533202
1.94139196	-57.83628697
1.94871796	-58.12427962
1.95604397	-58.65219864
1.96336998	-58.85909008
1.97069599	-59.09283303
1.97802199	-59.65670127
1.98534800	-60.17516347
1.99267401	-60.61765819
2.00000002	-60.88893225
2.00732602	-60.67190597
2.01465203	-60.68717086
2.02197804	-61.37643314
2.02930405	-61.76682019
2.03663005	-61.62414872
2.04395606	-61.73240718
2.05128207	-61.84357651
2.05860808	-61.45386378
2.06593408	-61.16054400
2.07326009	-61.53376402
2.08058610	-62.09035656
2.08791210	-61.88676660
2.09523811	-61.26735559
2.10256412	-61.13278847
2.10989013	-61.32695511
2.11721613	-61.26161489
2.12454214	-61.26662179
2.13186815	-61.43811018
2.13919416	-61.45992813
2.14652016	-61.54579462
2.15384617	-61.58214746
2.16117218	-61.28734824
2.16849819	-61.32217039
2.17582419	-61.80185485
2.18315020	-62.09778519
2.19047621	-62.50846615
2.19780222	-63.14041384
2.20512822	-63.13084587
2.21245423	-63.05223066
2.21978024	-63.77956138
2.22710625	-64.42806815
2.23443225	-64.45622527
2.24175826	-64.96618641
2.24908427	-65.92080057
2.25641027	-66.69295663
2.26373628	-67.83227564
2.27106229	-68.92525163
2.27838830	-68.94558216
2.28571430	-69.82898023
2.29304031	-73.75739851
2.30036632	-76.98585909
2.30769233	-75.40348409
2.31501833	-74.10990629
2.32234434	-73.27236994
2.32967035	-75.24589938
2.33699636	-77.16273367
2.34432236	-75.15027874
2.35164837	-73.27857304
2.35897438	-71.60290686
2.36630039	-69.94386287
2.37362639	-69.77501811
2.38095240	-70.39600625
2.38827841	-70.32882966
2.39560441	-69.86062553
2.40293042	-69.12082563
2.41025643	-68.64643727
2.41758244	-69.11317674
2.42490844	-69.08209104
2.43223445	-68.28474372
2.43956046	-68.74702037
2.44688647	-70.12536750
2.45421247	-71.12088568
2.46153848	-73.37077506
2.46886449	-76.52534572
2.47619050	-76.20086140
2.48351650	-78.29761331
2.49084251	-87.52453597
2.49816852	-82.48279852
2.50549453	-83.55670769
2.51282053	-86.55852766
2.52014654	-77.09804844
2.52747255	-76.53283522
2.53479856	-80.56201584
2.54212456	-79.48946542
2.54945057	-79.11772091
2.55677658	-80.59525576
2.56410258	-77.62500734
2.57142859	-77.03114006
2.57875460	-78.57102728
2.58608061	-76.46650292
2.59340661	-75.06994925
2.60073262	-76.71616833
2.60805863	-77.52252338
2.61538464	-76.71978245
2.62271064	-77.79341275
2.63003665	-80.37080425
2.63736266	-82.89973968
2.64468867	-83.60118078
2.65201467	-80.30958102
2.65934068	-78.96646227
2.66666669	-81.15135618
2.67399270	-83.45827207
2.68131870	-81.10763407
2.68864471	-77.75716923
2.69597072	-76.27175538
2.70329673	-77.32678416
2.71062273	-80.01473146
2.71794874	-80.43757622
2.72527475	-77.97820111
2.73260075	-78.77472480
2.73992676	-85.32230933
2.74725277	-84.65314708
2.75457878	-81.38196855
2.76190478	-81.91116068
2.76923079	-84.91480912
2.77655680	-96.84711258
2.78388281	-83.14177411
2.79120881	-78.89318328
2.79853482	-79.14698877
2.80586083	-81.46277403
2.81318684	-84.34448318
2.82051284	-83.60347701
2.82783885	-77.55173935
2.83516486	-74.84826897
2.84249087	-76.16376545
2.84981687	-82.86623502
2.85714288	-108.79165039
2.86446889	-90.76581281
2.87179489	-91.05982889
2.87912090	-88.75230930
2.88644691	-87.33545001
2.89377292	-87.51464334
2.90109892	-89.10608295
2.90842493	-92.37882073
2.91575094	-89.37153689
2.92307695	-81.78105445
2.93040295	-79.08454731
2.93772896	-81.24505753
2.94505497	-90.74660104
2.95238098	-95.76522926
2.95970698	-86.64534025
2.96703299	-84.03296793
2.97435900	-91.78041989
2.98168501	-85.86966866
2.98901101	-81.45974730
2.99633702	-87.04085723
3.00366303	-91.07567281
3.01098904	-84.06288269
3.01831504	-84.89937508
3.02564105	-84.14047561
3.03296706	-85.10675813
3.04029306	-88.66957897
3.04761907	-92.97007298
3.05494508	-91.32183522
3.06227109	-81.49517931
3.06959709	-79.49754410
3.07692310	-82.39076272
3.08424911	-83.43154536
3.09157512	-86.51306344
3.09890112	-87.32821594
3.10622713	-80.90587812
3.11355314	-84.71667094
3.12087915	-94.12549770
3.12820515	-88.09576276
3.13553116	-112.26909444
3.14285717	-85.88248678
3.15018318	-82.99371812
3.15750918	-82.12675095
3.16483519	-80.73795242
3.17216120	-80.13379685
3.17948721	-83.88375835
3.18681321	-86.97410230
3.19413922	-87.16346705
3.20146523	-93.12515607
3.20879123	-84.97607112
3.21611724	-89.49652554
3.22344325	-90.84110999
3.23076926	-86.00142083
3.23809526	-89.25476017
3.24542127	-92.45224061
3.25274728	-86.53182926
3.26007329	-85.90433842
3.26739929	-87.49597335
3.27472530	-98.25378695
3.28205131	-85.14385993
3.28937732	-86.03650383
3.29670332	-93.00603141
3.30402933	-83.39833104
3.31135534	-83.07323493
3.31868135	-87.37797946
3.32600735	-86.73817398
3.33333336	-82.59525190
3.34065937	-87.23734323
3.34798537	-90.21870266
3.35531138	-84.12845723
3.36263739	-94.29336234
3.36996340	-84.49967136
3.37728940	-84.94489019
3.38461541	-118.32848139
3.39194142	-94.28941068
3.39926743	-87.10182166
3.40659343	-82.19662293
3.41391944	-87.75987361
3.42124545	-91.38010492
3.42857146	-86.73965320
3.43589746	-92.87778283
3.44322347	-91.30278451
3.45054948	-87.18016904
3.45787549	-83.66111729
3.46520149	-81.23530268
3.47252750	-83.14482484
3.47985351	-92.16150658
3.48717952	-94.42902399
3.49450552	-93.44910343
3.50183153	-96.37275752
3.50915754	-88.65076444
3.51648354	-87.67807405
3.52380955	-90.61426616
3.53113556	-90.47072900
3.53846157	-88.52136173
3.54578757	-84.05349742
3.55311358	-84.26028469
3.56043959	-92.64542872
3.56776560	-93.99983826
3.57509160	-88.78113741
3.58241761	-90.40199696
3.58974362	-97.95895138
3.59706963	-97.60065464
3.60439563	-90.59338533
3.61172164	-87.68521936
3.61904765	-86.94235947
3.62637366	-90.20293421
3.63369966	-84.65265593
3.64102567	-85.33760307
3.64835168	-91.35120191
3.65567769	-84.98025858
3.66300369	-85.53385266
3.67032970	-88.03655298
3.67765571	-87.90099189
3.68498171	-88.37417919
3.69230772	-84.75458382
3.69963373	-83.19007049
3.70695974	-89.82652611
3.71428574	-85.28746711
3.72161175	-82.91079913
3.72893776	-92.99886714
3.73626377	-87.91708538
3.74358977	-83.81250819
3.75091578	-86.14999867
3.75824179	-94.34106280
3.76556780	-89.22649249
3.77289380	-87.19454670
3.78021981	-87.49420484
3.78754582	-85.67493774
3.79487183	-82.09732839
3.80219783	-82.02047583
3.80952384	-92.90727821
3.81684985	-88.67222039
3.82417585	-92.33347731
3.83150186	-87.02711485
3.83882787	-84.24647789
3.84615388	-102.29523700
3.85347988	-86.13151811
3.86080589	-93.10114389
3.86813190	-89.57105106
3.87545791	-89.91984423
3.88278391	-86.65675448
3.89010992	-83.73715622
3.89743593	-94.81662652
3.90476194	-84.77840738
3.91208794	-80.90608741
3.91941395	-82.21380894
3.92673996	-84.71583390
3.93406597	-85.69988271
3.94139197	-85.64711934
3.94871798	-84.86869900
3.95604399	-87.77404966
3.96337000	-90.43277819
3.97069600	-93.18697597
3.97802201	-102.66266190
3.98534802	-88.70452992
3.99267402	-84.53988654
4.00000003	-88.67044129
4.00732604	-83.68157854
4.01465205	-81.33455815
4.02197805	-85.03992077
4.02930406	-90.18165794
4.03663007	-84.77636158
4.04395608	-83.45275537
4.05128208	-89.84346438
4.05860809	-92.79864231
4.06593410	-94.16238855
4.07326011	-89.63240641
4.08058611	-85.40005886
4.08791212	-87.90245139
4.09523813	-86.11687121
4.10256414	-87.57712803
4.10989014	-81.46418897
4.11721615	-79.30052283
4.12454216	-84.94210096
4.13186817	-92.30760948
4.13919417	-83.02858793
4.14652018	-83.61867451
4.15384619	-92.47451752
4.16117219	-89.72540152
4.16849820	-83.96845074
4.17582421	-84.98274758
4.18315022	-93.46540777
4.19047622	-83.93805078
4.19780223	-80.55653652
4.20512824	-83.84051598
4.21245425	-90.94990222
4.21978025	-90.73232567
4.22710626	-92.88462886
4.23443227	-82.49809848
4.24175828	-83.50996755
4.24908428	-94.69859859
4.25641029	-95.45868881
4.26373630	-99.83805099
4.27106231	-87.71170593
4.27838831	-87.26237073
4.28571432	-89.71010709
4.29304033	-95.27669123
4.30036634	-95.53819708
4.30769234	-89.20170674
4.31501835	-91.60959784
4.32234436	-99.53707362
4.32967036	-90.16105654
4.33699637	-93.12357543
4.34432238	-91.85563101
4.35164839	-85.62701185
4.35897439	-87.20297510
4.36630040	-94.33091095
4.37362641	-90.76758550
4.38095242	-90.43071797
4.38827842	-89.68202105
4.39560443	-85.93520579
4.40293044	-84.33904539
4.41025645	-87.45521909
4.41758245	-94.70860015
4.42490846	-87.32302672
4.43223447	-90.78435806
4.43956048	-98.38269713
4.44688648	-89.90407154
4.45421249	-92.62084651
4.46153850	-88.10329609
4.46886450	-86.16909395
4.47619051	-90.33560332
4.48351652	-104.00601045
4.49084253	-108.60203292
4.49816853	-91.38720221
4.50549454	-88.09374919
4.51282055	-92.40610666
4.52014656	-92.61678034
4.52747256	-88.88508631
4.53479857	-93.26341407
4.54212458	-96.61616902
4.54945059	-89.22798966
4.55677659	-91.56893557
4.56410260	-85.95391129
4.57142861	-85.86122747
4.57875462	-93.71150326
4.58608062	-89.98518081
4.59340663	-92.48316007
4.60073264	-79.20752868
4.60805865	-77.01287757
4.61538465	-82.48900633
4.62271066	-83.00900065
4.63003667	-79.80693321
4.63736267	-85.27314428
4.64468868	-92.01107331
4.65201469	-88.96718907
4.65934070	-86.59850645
4.66666670	-92.66704862
4.67399271	-87.98336581
4.68131872	-86.28010683
4.68864473	-94.25939326
4.69597073	-96.13705416
4.70329674	-93.07933289
4.71062275	-88.45479517
4.71794876	-85.81053683
4.72527476	-83.59631446
4.73260077	-91.39925321
4.73992678	-92.36353412
4.74725279	-97.96607654
4.75457879	-85.43346187
4.76190480	-82.66995378
4.76923081	-86.87726810
4.77655682	-85.02017912
4.78388282	-90.17284004
4.79120883	-93.59569802
4.79853484	-87.24435786
4.80586084	-89.02727535
4.81318685	-105.95144119
4.82051286	-87.12454071
4.82783887	-85.03854281
4.83516487	-92.50592493
4.84249088	-99.81446940
4.84981689	-92.58399111
4.85714290	-90.56709266
4.86446890	-99.79815495
4.87179491	-90.27733785
4.87912092	-91.29945106
4.88644693	-89.58810732
4.89377293	-80.80971519
4.90109894	-81.28390727
4.90842495	-88.61169824
4.91575096	-100.69238156
4.92307696	-91.86479203
4.93040297	-89.33343732
4.93772898	-88.45099715
4.94505498	-89.35948263
4.95238099	-94.65388980
4.95970700	-81.48507323
4.96703301	-78.90619114
4.97435901	-81.02343696
4.98168502	-88.77858124
4.98901103	-82.68662494
4.99633704	-83.52599860
5.00366304	-88.00934746
5.01098905	-84.78920825
5.01831506	-88.20104013
5.02564107	-89.91863148
5.03296707	-86.12011125
5.04029308	-82.96409571
5.04761909	-83.19046069
5.05494510	-88.32839695
5.06227110	-95.05721510
5.06959711	-85.50916116
5.07692312	-85.67091286
5.08424913	-88.66191397
5.09157513	-94.40906280
5.09890114	-88.29235804
5.10622715	-85.04650174
5.11355315	-89.47219118
5.12087916	-123.16728091
5.12820517	-100.29602534
5.13553118	-91.31520877
5.14285718	-89.35909282
5.15018319	-92.94464957
5.15750920	-91.29411790
5.16483521	-99.82884048
5.17216121	-88.78002612
5.17948722	-89.26097610
5.18681323	-89.84739084
5.19413924	-91.45581007
5.20146524	-92.18922661
5.20879125	-82.22810275
5.21611726	-81.30477614
5.22344327	-85.33695607
5.23076927	-93.04984472
5.23809528	-85.61984062
5.24542129	-81.04525629
5.25274730	-82.73029005
5.26007330	-97.78878111
5.26739931	-91.46340176
5.27472532	-89.40653966
5.28205132	-85.29292107
5.28937733	-90.90888836
5.29670334	-91.32338268
5.30402935	-87.38741004
5.31135535	-90.91273770
5.31868136	-89.42574292
5.32600737	-89.09941704
5.33333338	-87.82554119
5.34065938	-90.97403847
5.34798539	-86.06867472
5.35531140	-88.89355545
5.36263741	-98.02019606
5.36996341	-89.85885265
5.37728942	-97.36442506
5.38461543	-88.75173118
5.39194144	-86.37907882
5.39926744	-85.96667716
5.40659345	-86.21215961
5.41391946	-88.61190050
5.42124546	-95.27014997
5.42857147	-97.34111916
5.43589748	-99.14877709
5.44322349	-96.61619643
5.45054949	-92.60050494
5.45787550	-97.42898461
5.46520151	-96.79202605
5.47252752	-99.18122817
5.47985352	-86.64653364
5.48717953	-84.21277782
5.49450554	-85.20337812
5.50183155	-90.32404905
5.50915755	-93.74541194
5.51648356	-88.67226660
5.52380957	-92.34521583
5.53113558	-90.76303511
5.53846158	-91.79386267
5.54578759	-88.20154093
5.55311360	-84.73844109
5.56043961	-85.82709459
5.56776561	-88.03937803
5.57509162	-89.24259507
5.58241763	-92.93130718
5.58974363	-90.53954474
5.59706964	-87.08113477
5.60439565	-89.55203719
5.61172166	-88.37397433
5.61904766	-84.81574752
5.62637367	-87.19761312
5.63369968	-85.07444770
5.64102569	-82.92476741
5.64835169	-84.01940543
5.65567770	-87.71604063
5.66300371	-92.61931546
5.67032972	-88.44482608
5.67765572	-84.82954793
5.68498173	-83.54992686
5.69230774	-85.36604524
5.69963375	-89.90673297
5.70695975	-96.54742314
5.71428576	-104.89673748
5.72161177	-103.33876035
5.72893778	-103.69098526
5.73626378	-98.39007063
5.74358979	-94.62379051
5.75091580	-87.54564213
5.75824180	-88.00230982
5.76556781	-93.00875581
5.77289382	-87.86707084
5.78021983	-86.70039539
5.78754583	-83.58185614
5.79487184	-85.05091143
5.80219785	-97.89493995
5.80952386	-85.50161080
5.81684986	-83.78613814
5.82417587	-86.93033255
5.83150188	-85.41506959
5.83882789	-83.03384989
5.84615389	-85.34732569
5.85347990	-94.79968923
5.86080591	-90.99774058
5.86813192	-90.45710541
5.87545792	-91.04569094
5.88278393	-92.06095299
5.89010994	-95.97249740
5.89743594	-88.51783366
5.90476195	-95.31988467
5.91208796	-90.88045029
5.91941397	-87.42859123
5.92673997	-99.77174201
5.93406598	-92.48922151
5.94139199	-95.62149913
5.94871800	-98.45256535
5.95604400	-94.38920393
5.96337001	-100.54780344
5.97069602	-96.20525456
5.97802203	-96.30504344
5.98534803	-98.59236612
5.99267404	-90.99748289
6.00000005	-84.94929287
6.00732606	-85.58741889
6.01465206	-101.79790961
6.02197807	-87.66065454
6.02930408	-86.64003674
6.03663009	-91.10030774
6.04395609	-90.36658657
6.05128210	-101.76177340
6.05860811	-89.30990284
6.06593411	-88.10175906
6.07326012	-90.38000856
6.08058613	-89.54767216
6.08791214	-90.13305811
6.09523814	-118.69996336
6.10256415	-88.54565547
6.10989016	-90.45964682
6.11721617	-88.15210328
6.12454217	-81.22915400
6.13186818	-83.65895377
6.13919419	-100.89900598
6.14652020	-87.94925199
6.15384620	-85.29507013
6.16117221	-80.34114744
6.16849822	-82.64527815
6.17582423	-90.29013963
6.18315023	-85.02146432
6.19047624	-90.93564440
6.19780225	-84.28366163
6.20512826	-85.12828769
6.21245426	-89.79381318
6.21978027	-79.06763043
6.22710628	-79.33301077
6.23443228	-84.74640307
6.24175829	-85.27130463
6.24908430	-113.42621131
6.25641031	-83.03496422
6.26373631	-81.50489125
6.27106232	-87.25596226
6.27838833	-85.22496403
6.28571434	-81.16816614
6.29304034	-84.55759789
6.30036635	-92.07592640
6.30769236	-85.41025703
6.31501837	-92.80286407
6.32234437	-87.76352127
6.32967038	-84.16725492
6.33699639	-88.11545525
6.34432240	-92.75221240
6.35164840	-90.87329305
6.35897441	-95.02694137
6.36630042	-92.51209611
6.37362642	-88.36224964
6.38095243	-89.94343077
6.38827844	-86.32493029
6.39560445	-82.20831456
6.40293045	-81.52078429
6.41025646	-82.48429952
6.41758247	-84.55587114
6.42490848	-83.79065656
6.43223448	-88.53847524
6.43956049	-88.27290541
6.44688650	-80.82629133
6.45421251	-82.94556274
6.46153851	-100.12790533
6.46886452	-91.50794581
6.47619053	-98.78932269
6.48351654	-93.95676401
6.49084254	-90.59508263
6.49816855	-92.72498305
6.50549456	-93.40132878
6.51282057	-92.35187342
6.52014657	-89.66469008
6.52747258	-87.52834689
6.53479859	-88.62489051
6.54212459	-96.59524699
6.54945060	-93.50809592
6.55677661	-91.14610681
6.56410262	-91.09758078
6.57142862	-87.34907760
6.57875463	-86.70145242
6.58608064	-86.83392738
6.59340665	-90.22039144
6.60073265	-100.74690206
6.60805866	-89.33784983
6.61538467	-86.39445851
6.62271068	-89.99046557
6.63003668	-95.65996057
6.63736269	-88.47193235
6.64468870	-85.40106641
6.65201471	-85.41433410
6.65934071	-93.77296062
6.66666672	-85.48936845
6.67399273	-84.07115584
6.68131874	-89.93203352
6.68864474	-99.44994577
6.69597075	-95.45672927
6.70329676	-88.04950854
6.71062276	-83.36659055
6.71794877	-84.19384624
6.72527478	-89.70342941
6.73260079	-87.25771156
6.73992679	-85.87259235
6.74725280	-86.19493088
6.75457881	-85.57777942
6.76190482	-86.48889255
6.76923082	-91.67362316
6.77655683	-90.43144808
6.78388284	-103.93613143
6.79120885	-86.08059706
6.79853485	-81.33034616
6.80586086	-82.32351274
6.81318687	-87.53093358
6.82051288	-94.28979156
6.82783888	-92.38180497
6.83516489	-94.10651404
6.84249090	-92.89228759
6.84981691	-90.02098166
6.85714291	-88.77299431
6.86446892	-92.62708390
6.87179493	-95.44475040
6.87912093	-84.55586414
6.88644694	-82.92399155
6.89377295	-87.92022670
6.90109896	-103.76191668
6.90842496	-96.25580886
6.91575097	-88.66270435
6.92307698	-83.79517864
6.93040299	-82.20505436
6.93772899	-82.68697330
6.94505500	-85.48187414
6.95238101	-94.01197001
6.95970702	-92.85374345
6.96703302	-86.63738227
6.97435903	-90.34205369
6.98168504	-87.62897920
6.98901105	-82.57852153
6.99633705	-84.33681817
7.00366306	-89.24799481
7.01098907	-91.40282022
7.01831507	-105.70390871
7.02564108	-88.13778803
7.03296709	-83.47989407
7.04029310	-82.67289306
7.04761910	-90.13695449
7.05494511	-85.54395657
7.06227112	-84.35600817
7.06959713	-86.63900728
7.07692313	-84.26290034
7.08424914	-90.16694526
7.09157515	-89.59885268
7.09890116	-88.70643400
7.10622716	-98.16488612
7.11355317	-101.11191117
7.12087918	-88.50744262
7.12820519	-85.75538245
7.13553119	-91.18694663
7.14285720	-84.26308341
7.15018321	-81.66730163
7.15750922	-87.76230895
7.16483522	-89.71057270
7.17216123	-83.90237018
7.17948724	-87.84602423
7.18681324	-92.33167562
7.19413925	-86.29601940
7.20146526	-82.32454085
7.20879127	-83.43177440
7.21611727	-92.27159877
7.22344328	-95.01458188
7.23076929	-91.77406746
7.23809530	-81.98661112
7.24542130	-81.49936285
7.25274731	-85.66680439
7.26007332	-99.70664929
7.26739933	-88.15262960
7.27472533	-88.99012666
7.28205134	-90.94720022
7.28937735	-84.74114834
7.29670336	-88.54851774
7.30402936	-92.23421882
7.31135537	-99.52998198
7.31868138	-90.73523210
7.32600739	-84.39335586
7.33333339	-83.60979612
7.34065940	-88.13147870
7.34798541	-101.60418070
7.35531141	-103.44667880
7.36263742	-92.84609198
7.36996343	-96.32703287
7.37728944	-93.80910297
7.38461544	-86.69296179
7.39194145	-87.76647714
7.39926746	-94.00624754
7.40659347	-92.09651337
7.41391947	-86.74569667
7.42124548	-90.16718572
7.42857149	-98.38356536
7.43589750	-87.27137495
7.44322350	-84.58324896
7.45054951	-84.23803517
7.45787552	-86.37145722
7.46520153	-92.20793189
7.47252753	-87.46380150
7.47985354	-80.58715157
7.48717955	-85.60293118
7.49450555	-87.35449650
7.50183156	-83.11357503
7.50915757	-96.03555819
7.51648358	-82.29807149
7.52380958	-83.04079238
7.53113559	-90.52314605
7.53846160	-91.21064561
7.54578761	-94.68395391
7.55311361	-102.37208138
7.56043962	-88.97322747
7.56776563	-85.29851971
7.57509164	-85.32473913
7.58241764	-92.13044530
7.58974365	-90.90501789
7.59706966	-84.93286551
7.60439567	-89.42050761
7.61172167	-98.75384476
7.61904768	-92.19687258
7.62637369	-91.33766256
7.63369970	-86.98400694
7.64102570	-89.37019803
7.64835171	-88.84830781
7.65567772	-90.14506274
7.66300372	-88.20661208
7.67032973	-86.57994504
7.67765574	-84.56573519
7.68498175	-84.29208380
7.69230775	-90.97041509
7.69963376	-93.83647159
7.70695977	-105.55361164
7.71428578	-92.42129970
7.72161178	-88.27871705
7.72893779	-88.16371538
7.73626380	-94.32829332
7.74358981	-93.02475460
7.75091581	-94.34417243
7.75824182	-90.27320101
7.76556783	-89.91116320
7.77289384	-111.33137794
7.78021984	-93.18814475
7.78754585	-101.99102435
7.79487186	-87.10048915
7.80219787	-83.72856223
7.80952387	-87.20049825
7.81684988	-92.22937905
7.82417589	-84.31243457
7.83150189	-86.45242880
7.83882790	-99.24908901
7.84615391	-85.31467168
7.85347992	-87.08021912
7.86080592	-95.29585107
7.86813193	-93.22052228
7.87545794	-94.09172536
7.88278395	-86.17440028
7.89010995	-89.63021261
7.89743596	-83.09440317
7.90476197	-80.25882508
7.91208798	-84.07920875
7.91941398	-87.58760074
7.92673999	-87.72048237
7.93406600	-94.98102324
7.94139201	-93.12793272
7.94871801	-96.32257892
7.95604402	-91.02243718
7.96337003	-89.90241368
7.97069603	-90.07203050
7.97802204	-88.17716290
7.98534805	-89.22176046
7.99267406	-100.34163353
8.00000006	-91.56325142
8.00732607	-97.15846844
8.01465208	-90.71919287
8.02197809	-92.63079186
8.02930409	-98.19655523
8.03663010	-99.19250658
8.04395611	-89.42159842
8.05128212	-86.07054042
8.05860812	-93.39895680
8.06593413	-85.66261972
8.07326014	-86.06813243
8.08058615	-92.89715144
8.08791215	-92.71821192
8.09523816	-90.26197167
8.10256417	-90.76549624
8.10989018	-88.37200522
8.11721618	-87.09816595
8.12454219	-84.54999508
8.13186820	-82.96201239
8.13919420	-87.08257744
8.14652021	-105.16748857
8.15384622	-90.40489284
8.16117223	-95.13751320
8.16849823	-85.48791071
8.17582424	-84.39868879
8.18315025	-90.31550920
8.19047626	-104.30644743
8.19780226	-94.70341420
8.20512827	-91.26793617
8.21245428	-99.93838680
8.21978029	-93.04525274
8.22710629	-102.05268928
8.23443230	-93.63806883
8.24175831	-97.45483200
8.24908432	-85.01394763
8.25641032	-82.64159911
8.26373633	-90.13502636
8.27106234	-88.82872888
8.27838835	-84.80154045
8.28571435	-92.42325684
8.29304036	-88.50471422
8.30036637	-87.10665398
8.30769237	-94.27120879
8.31501838	-91.85926352
8.32234439	-94.05394728
8.32967040	-90.64068295
8.33699640	-91.63978017
8.34432241	-87.13876229
8.35164842	-89.30247445
8.35897443	-89.72534597
8.36630043	-87.55478101
8.37362644	-97.24815855
8.38095245	-89.98620112
8.38827846	-89.26490150
8.39560446	-98.86445461
8.40293047	-95.53329253
8.41025648	-92.00907486
8.41758249	-87.83570954
8.42490849	-85.93757862
8.43223450	-95.08347541
8.43956051	-91.63441674
8.44688651	-84.99914193
8.45421252	-83.64242413
8.46153853	-89.94867353
8.46886454	-87.14700887
8.47619054	-89.22732496
8.48351655	-90.28088156
8.49084256	-84.39502082
8.49816857	-88.71146248
8.50549457	-85.95497008
8.51282058	-90.03005456
8.52014659	-88.94664010
8.52747260	-82.82755530
8.53479860	-84.07383075
8.54212461	-89.32455029
8.54945062	-93.34920084
8.55677663	-83.62209383
8.56410263	-81.99438097
8.57142864	-89.94859338
8.57875465	-90.83759715
8.58608066	-85.91222731
8.59340666	-84.54534311
8.60073267	-87.53417873
8.60805868	-91.38538486
8.61538468	-94.11201061
8.62271069	-90.92142850
8.63003670	-83.19889479
8.63736271	-80.79441171
8.64468871	-81.64228699
8.65201472	-93.12360830
8.65934073	-86.30900289
8.66666674	-89.77665894
8.67399274	-84.61532122
8.68131875	-83.89407203
8.68864476	-114.33141672
8.69597077	-87.03185923
8.70329677	-90.06872633
8.71062278	-87.69729687
8.71794879	-88.70200357
8.72527480	-105.48543655
8.73260080	-91.29829761
8.73992681	-88.26717118
8.74725282	-95.76810046
8.75457883	-88.61355513
8.76190483	-84.77546587
8.76923084	-87.33528103
8.77655685	-96.74272577
8.78388285	-95.33358865
8.79120886	-87.90055307
8.79853487	-87.77207910
8.80586088	-87.41315150
8.81318688	-84.01907676
8.82051289	-86.91075571
8.82783890	-92.49347774
8.83516491	-88.74577150
8.84249091	-92.47479026
8.84981692	-85.69973545
8.85714293	-90.91638178
8.86446894	-88.31294215
8.87179494	-84.95454538
8.87912095	-84.25202593
8.88644696	-84.84316219
8.89377297	-108.06829639
8.90109897	-86.70693326
8.90842498	-88.87134659
8.91575099	-87.52575042
8.92307699	-85.17583892
8.93040300	-89.48002640
8.93772901	-85.38973349
8.94505502	-82.49283531
8.95238102	-83.71489190
8.95970703	-91.81208856
8.96703304	-91.26119620
8.97435905	-85.99206505
8.98168505	-92.83315367
8.98901106	-89.19479911
8.99633707	-85.70026676
9.00366308	-91.90746764
9.01098908	-90.31588827
9.01831509	-89.17249980
9.02564110	-110.69400719
9.03296711	-91.48422443
9.04029311	-93.49197066
9.04761912	-102.41265084
9.05494513	-94.45848876
9.06227114	-89.85419548
9.06959714	-89.74329496
9.07692315	-93.95431240
9.08424916	-93.33962554
9.09157516	-96.58578090
9.09890117	-84.34903006
9.10622718	-83.12342833
9.11355319	-89.69665225
9.12087919	-91.06472115
9.12820520	-86.93290257
9.13553121	-92.46419791
9.14285722	-91.15426638
9.15018322	-90.50819233
9.15750923	-88.88322433
9.16483524	-84.16810095
9.17216125	-87.45313757
9.17948725	-93.52984335
9.18681326	-87.02418942
9.19413927	-86.46518457
9.20146528	-87.50344761
9.20879128	-89.28040268
9.21611729	-88.50154656
9.22344330	-86.18413600
9.23076931	-87.50817053
9.23809531	-94.11661372
9.24542132	-93.96049011
9.25274733	-86.24501511
9.26007333	-82.28476277
9.26739934	-83.73904843
9.27472535	-95.78204243
9.28205136	-92.02779959
9.28937736	-91.47540813
9.29670337	-97.90633448
9.30402938	-96.27009219
9.31135539	-98.85733185
9.31868139	-93.94748142
9.32600740	-86.94297405
9.33333341	-84.07744589
9.34065942	-84.56669849
9.34798542	-87.03019864
9.35531143	-90.89528168
9.36263744	-96.52537296
9.36996345	-100.64938711
9.37728945	-108.07959168
9.38461546	-97.96006238
9.39194147	-91.33990707
9.39926747	-89.30649990
9.40659348	-87.00193012
9.41391949	-89.46906713
9.42124550	-93.74979501
9.42857150	-88.19125546
9.43589751	-89.20937397
9.44322352	-88.43475898
9.45054953	-88.14560138
9.45787553	-97.33358870
9.46520154	-84.70183601
9.47252755	-82.50522728
9.47985356	-84.64016016
9.48717956	-85.02027197
9.49450557	-88.95332439
9.50183158	-92.23556633
9.50915759	-94.85106638
9.51648359	-90.02001265
9.52380960	-87.97818393
9.53113561	-92.47714600
9.53846162	-91.30460637
9.54578762	-89.79674252
9.55311363	-92.41309526
9.56043964	-92.69657266
9.56776564	-93.65650633
9.57509165	-88.15859268
9.58241766	-90.26917084
9.58974367	-88.44191546
9.59706967	-83.29481537
9.60439568	-88.47646495
9.61172169	-88.26681119
9.61904770	-83.26193178
9.62637370	-84.51039935
9.63369971	-89.78655361
9.64102572	-91.57623346
9.64835173	-89.15764744
9.65567773	-90.60878773
9.66300374	-108.05441885
9.67032975	-88.83739556
9.67765576	-84.45930941
9.68498176	-85.57945911
9.69230777	-89.59518901
9.69963378	-91.54739174
9.70695979	-86.77808602
9.71428579	-83.43210073
9.72161180	-84.82658450
9.72893781	-100.65329076
9.73626381	-88.24633696
9.74358982	-86.89275076
9.75091583	-93.64187256
9.75824184	-96.44856116
9.76556784	-104.27387399
9.77289385	-97.31883767
9.78021986	-86.69066887
9.78754587	-83.50448279
9.79487187	-86.51619200
9.80219788	-84.86619545
9.80952389	-83.41897274
9.81684990	-89.22204221
9.82417590	-87.85260593
9.83150191	-85.20650802
9.83882792	-85.39586012
9.84615393	-88.62837537
9.85347993	-101.37362170
9.86080594	-93.71188391
9.86813195	-87.98309887
9.87545796	-87.75083022
9.88278396	-89.41871828
9.89010997	-91.41793309
9.89743598	-88.22113114
9.90476198	-87.94866652
9.91208799	-91.50572692
9.91941400	-92.82538050
9.92674001	-98.55990396
9.93406601	-85.43563427
9.94139202	-83.00647393
9.94871803	-87.38211550
9.95604404	-97.31101798
9.96337004	-89.54254248
9.97069605	-89.90288943
9.97802206	-90.09330120
9.98534807	-88.41848607
9.99267407	-88.32100569
10.00000008	-86.32298543
10.00732609	-84.49041532
10.01465210	-89.25372044
10.02197810	-97.65790142
10.02930411	-86.98251972
10.03663012	-85.46908737
10.04395612	-88.81417435
10.05128213	-93.59277189
10.05860814	-85.73461520
10.06593415	-89.10954435
10.07326015	-94.99409803
10.08058616	-86.26313826
10.08791217	-90.00787796
10.09523818	-101.33378776
10.10256418	-95.25536483
10.10989019	-85.58890836
10.11721620	-83.64162601
10.12454221	-87.59593634
10.13186821	-92.62322860
10.13919422	-99.09587865
10.14652023	-90.60081530
10.15384624	-105.84885531
10.16117224	-85.80915698
10.16849825	-84.38668489
10.17582426	-102.55294731
10.18315027	-86.89839629
10.19047627	-96.10506942
10.19780228	-86.19742914
10.20512829	-84.67129999
10.21245429	-92.76108736
10.21978030	-90.19335638
10.22710631	-90.63461021
10.23443232	-82.59507918
10.24175832	-86.18170633
10.24908433	-97.13178212
10.25641034	-92.74027469
10.26373635	-92.96138084
10.27106235	-88.37627915
10.27838836	-93.88578536
10.28571437	-82.79901606
10.29304038	-83.90540236
10.30036638	-92.90405679
10.30769239	-92.77999391
10.31501840	-99.09596257
10.32234441	-87.44272785
10.32967041	-85.27750105
10.33699642	-82.96230988
10.34432243	-82.26352644
10.35164844	-89.89243798
10.35897444	-91.53558388
10.36630045	-92.50868718
10.37362646	-90.34856984
10.38095246	-83.52295380
10.38827847	-86.12939506
10.39560448	-98.70593547
10.40293049	-99.05757017
10.41025649	-96.62155483
10.41758250	-91.53646787
10.42490851	-87.51114949
10.43223452	-87.80700864
10.43956052	-89.04399967
10.44688653	-88.47314637
10.45421254	-94.04322820
10.46153855	-92.80295710
10.46886455	-92.11920179
10.47619056	-90.11173575
10.48351657	-81.36243317
10.49084258	-83.53423748
10.49816858	-105.27778026
10.50549459	-88.87855414
10.51282060	-88.11750388
10.52014660	-83.16819214
10.52747261	-84.79990542
10.53479862	-90.43194950
10.54212463	-88.72212683
10.54945063	-88.94065837
10.55677664	-103.60568304
10.56410265	-85.88331182
10.57142866	-87.51491399
10.57875466	-90.74702307
10.58608067	-88.41463303
10.59340668	-101.93107301
10.60073269	-104.41089102
10.60805869	-89.51557816
10.61538470	-82.94741504
10.62271071	-83.18112102
10.63003672	-85.03087007
10.63736272	-87.88004695
10.64468873	-94.30815497
10.65201474	-92.69645968
10.65934075	-88.21953879
10.66666675	-89.27183356
10.67399276	-93.39456577
10.68131877	-89.72680485
10.68864477	-88.30413560
10.69597078	-94.50345371
10.70329679	-95.27197739
10.71062280	-92.43679081
10.71794880	-98.80341963
10.72527481	-87.06746853
10.73260082	-87.74936945
10.73992683	-98.35273101
10.74725283	-93.76466075
10.75457884	-90.66388924
10.76190485	-94.42124988
10.76923086	-108.93444920
10.77655686	-97.91246363
10.78388287	-91.60515086
10.79120888	-90.49105883
10.79853489	-87.61363748
10.80586089	-84.17653088
10.81318690	-82.89879501
10.82051291	-83.48840596
10.82783892	-87.72874638
10.83516492	-94.01489228
10.84249093	-101.62172600
10.84981694	-88.89071713
10.85714294	-86.90042026
10.86446895	-84.43623431
10.87179496	-85.42664511
10.87912097	-88.74007394
10.88644697	-90.11840293
10.89377298	-91.20018536
10.90109899	-82.83664201
10.90842500	-84.19550150
10.91575100	-90.05962504
10.92307701	-87.65220219
10.93040302	-82.67659356
10.93772903	-84.05079285
10.94505503	-95.96540489
10.95238104	-88.41791523
10.95970705	-98.69839567
10.96703306	-88.97233182
10.97435906	-89.97457086
10.98168507	-90.83312982
10.98901108	-88.43245111
10.99633708	-87.29677902
11.00366309	-84.17142545
11.01098910	-87.61985859
11.01831511	-90.08518547
11.02564111	-89.60378773
11.03296712	-91.16484697
11.04029313	-88.42849212
11.04761914	-90.29011910
11.05494514	-91.03447139
11.06227115	-92.36969681
11.06959716	-98.00798976
11.07692317	-94.72110649
11.08424917	-92.47652619
11.09157518	-92.88372975
11.09890119	-103.95313598
11.10622720	-99.63681110
11.11355320	-94.30711368
11.12087921	-86.33725902
11.12820522	-85.81654694
11.13553123	-88.32094097
11.14285723	-88.91876004
11.15018324	-89.43047809
11.15750925	-90.21543682
11.16483525	-97.53586576
11.17216126	-104.49113185
11.17948727	-91.58911103
11.18681328	-87.07407452
11.19413928	-87.89064848
11.20146529	-88.74025206
11.20879130	-90.30830596
11.21611731	-86.16391758
11.22344331	-87.79495588
11.23076932	-89.51781136
11.23809533	-85.73933413
11.24542134	-89.39582844
11.25274734	-96.48380615
11.26007335	-99.05056901
11.26739936	-98.53765835
11.27472537	-96.76199334
11.28205137	-88.06152641
11.28937738	-88.76307284
11.29670339	-89.36709806
11.30402940	-86.95599535
11.31135540	-88.45637604
11.31868141	-88.74129405
11.32600742	-85.93849055
11.33333342	-90.32654372
11.34065943	-94.40175991
11.34798544	-86.50276558
11.35531145	-90.55112727
11.36263745	-95.23097366
11.36996346	-90.44943259
11.37728947	-93.77236875
11.38461548	-88.03258302
11.39194148	-86.79007012
11.39926749	-91.17852987
11.40659350	-87.86007924
11.41391951	-86.85268255
11.42124551	-89.71685464
11.42857152	-88.05033381
11.43589753	-84.05209423
11.44322354	-82.92025949
11.45054954	-89.49455535
11.45787555	-89.84682779
11.46520156	-84.00616521
11.47252756	-86.35981800
11.47985357	-93.29407608
11.48717958	-88.70080283
11.49450559	-88.05811620
11.50183159	-91.84879553
11.50915760	-89.03203668
11.51648361	-89.32616652
11.52380962	-86.81167282
11.53113562	-83.06288169
11.53846163	-82.07939818
11.54578764	-84.49055393
11.55311365	-92.55819825
11.56043965	-93.49261347
11.56776566	-88.21056062
11.57509167	-89.95112343
11.58241768	-99.35671480
11.58974368	-89.43747264
11.59706969	-90.49629491
11.60439570	-111.13589090
11.61172171	-90.11713680
11.61904771	-90.74523403
11.62637372	-99.32522942
11.63369973	-89.21576873
11.64102573	-87.96668462
11.64835174	-87.38404735
11.65567775	-88.05436249
11.66300376	-92.31845837
11.67032976	-90.92529102
11.67765577	-93.59815944
11.68498178	-91.24203715
11.69230779	-88.60332971
11.69963379	-92.58959267
11.70695980	-100.03048116
11.71428581	-103.35885402
11.72161182	-95.82563669
11.72893782	-87.09689853
11.73626383	-85.24578782
11.74358984	-89.64489454
11.75091585	-93.12330618
11.75824185	-86.74868535
11.76556786	-90.50779684
11.77289387	-97.14609445
11.78021988	-92.92229451
11.78754588	-96.89996274
11.79487189	-86.40502008
11.80219790	-87.16511669
11.80952390	-94.36694034
11.81684991	-89.46896751
11.82417592	-89.04002243
11.83150193	-93.26280250
11.83882793	-109.26719672
11.84615394	-97.02104710
11.85347995	-90.56268899
11.86080596	-87.39243542
11.86813196	-88.94202789
11.87545797	-99.00852994
11.88278398	-97.91718245
11.89010999	-91.48598632
11.89743599	-91.09696916
11.90476200	-100.39653596
11.91208801	-96.27343804
11.91941402	-90.52366698
11.92674002	-88.05770724
11.93406603	-89.02352815
11.94139204	-93.71452770
11.94871804	-98.32687910
11.95604405	-87.54238715
11.96337006	-81.80027123
11.97069607	-83.33577587
11.97802207	-104.12508852
11.98534808	-87.85343860
11.99267409	-90.52164095
12.00000010	-86.30008535
12.00732610	-89.38951253
12.01465211	-92.70819833
12.02197812	-86.72180821
12.02930413	-89.56354755
12.03663013	-85.96998898
12.04395614	-88.90995665
12.05128215	-86.69041712
12.05860816	-86.95623696
12.06593416	-93.02117236
12.07326017	-92.60176793
12.08058618	-87.07144859
12.08791219	-87.61983000
12.09523819	-96.10016060
12.10256420	-101.07630401
12.10989021	-93.49957179
12.11721621	-93.42601758
12.12454222	-89.20424522
12.13186823	-86.79748026
12.13919424	-98.99978191
12.14652024	-90.41196908
12.15384625	-97.99146000
12.16117226	-89.63644588
12.16849827	-88.26470242
12.17582427	-91.26959711
12.18315028	-86.56446317
12.19047629	-91.48023135
12.19780230	-94.09956253
12.20512830	-97.40019294
12.21245431	-95.32934613
12.21978032	-85.50388585
12.22710633	-83.78204149
12.23443233	-89.50980577
12.24175834	-86.92570899
12.24908435	-86.32664428
12.25641036	-89.65097103
12.26373636	-86.05451922
12.27106237	-93.14278686
12.27838838	-91.59598872
12.28571438	-86.45612011
12.29304039	-87.05597460
12.30036640	-88.52947651
12.30769241	-91.65417310
12.31501841	-98.08153343
12.32234442	-88.46523053
12.32967043	-87.36668986
12.33699644	-94.02135983
12.34432244	-104.27055159
12.35164845	-94.58933071
12.35897446	-93.92769214
12.36630047	-101.53988567
12.37362647	-99.91576148
12.38095248	-101.40593729
12.38827849	-90.98087587
12.39560450	-94.00353710
12.40293050	-98.38928305
12.41025651	-93.81143547
12.41758252	-97.42771164
12.42490853	-96.43901182
12.43223453	-95.69809456
12.43956054	-113.07501381
12.44688655	-94.46210183
12.45421255	-93.79834516
12.46153856	-97.99135803
12.46886457	-87.82255111
12.47619058	-86.20687038
12.48351658	-92.11379238
12.49084259	-96.30903327
12.49816860	-86.83546841
12.50549461	-84.51274416
12.51282061	-86.30912562
12.52014662	-98.69628364
12.52747263	-88.76927295
12.53479864	-83.88575577
12.54212464	-82.09950453
12.54945065	-82.87574865
12.55677666	-89.29823576
12.56410267	-95.47351581
12.57142867	-92.89206934
12.57875468	-94.34062004
12.58608069	-88.14592620
12.59340669	-91.28637068
12.60073270	-102.08138960
12.60805871	-89.90928109
12.61538472	-88.50192752
12.62271072	-87.69498570
12.63003673	-85.32575571
12.63736274	-92.64372849
12.64468875	-86.69778249
12.65201475	-84.39254947
12.65934076	-91.53796178
12.66666677	-86.49648335
12.67399278	-85.45552825
12.68131878	-86.02853315
12.68864479	-85.30646823
12.69597080	-86.89182117
12.70329681	-93.14628993
12.71062281	-90.37834815
12.71794882	-87.77093514
12.72527483	-89.08710911
12.73260084	-92.55483555
12.73992684	-101.57050271
12.74725285	-90.02376405
12.75457886	-88.48587129
12.76190486	-97.61821060
12.76923087	-86.16101654
12.77655688	-87.81234420
12.78388289	-88.49346519
12.79120889	-84.38210965
12.79853490	-92.32838525
12.80586091	-90.81128294
12.81318692	-90.66522419
12.82051292	-89.55727365
12.82783893	-87.57546025
12.83516494	-111.03129117
12.84249095	-85.00058333
12.84981695	-83.02358149
12.85714296	-88.72737284
12.86446897	-100.67528388
12.87179498	-90.37826929
12.87912098	-89.48893989
12.88644699	-87.59139253
12.89377300	-89.00400415
12.90109901	-92.04264503
12.90842501	-96.50478912
12.91575102	-98.43097851
12.92307703	-91.77440965
12.93040303	-94.66206379
12.93772904	-93.12513064
12.94505505	-94.87002262
12.95238106	-92.33434486
12.95970706	-91.73150739
12.96703307	-89.08244621
12.97435908	-93.32375545
12.98168509	-96.75518925
12.98901109	-92.73287506
12.99633710	-89.25885810
13.00366311	-86.21421179
13.01098912	-92.75172485
13.01831512	-90.53446299
13.02564113	-99.82862731
13.03296714	-87.53406591
13.04029315	-91.05762504
13.04761915	-91.93239991
13.05494516	-89.52819548
13.06227117	-97.15139220
13.06959717	-89.93634967
13.07692318	-98.88641622
13.08424919	-89.96860975
13.09157520	-95.36334234
13.09890120	-83.13460398
13.10622721	-86.75927782
13.11355322	-90.57694523
13.12087923	-84.66172820
13.12820523	-94.17162251
13.13553124	-90.25742725
13.14285725	-91.10146147
13.15018326	-95.11208834
13.15750926	-92.40248092
13.16483527	-93.23815726
13.17216128	-96.91653862
13.17948729	-88.39014412
13.18681329	-91.71442190
13.19413930	-88.39284843
13.20146531	-90.70709016
13.20879132	-96.77367525
13.21611732	-88.69862592
13.22344333	-92.35494737
13.23076934	-93.65452877
13.23809534	-99.88248790
13.24542135	-91.92884295
13.25274736	-91.16597898
13.26007337	-97.67615422
13.26739937	-96.68089866
13.27472538	-88.83201257
13.28205139	-84.09963282
13.28937740	-85.15202398
13.29670340	-94.59358742
13.30402941	-86.71675847
13.31135542	-87.00714935
13.31868143	-92.55437106
13.32600743	-98.78946462
13.33333344	-97.70791389
13.34065945	-92.85981834
13.34798546	-99.25791311
13.35531146	-99.64304348
13.36263747	-97.28091424
13.36996348	-96.08563150
13.37728949	-91.38649427
13.38461549	-93.31130902
13.39194150	-90.55363498
13.39926751	-86.01140418
13.40659351	-89.59759680
13.41391952	-93.86458418
13.42124553	-92.27587957
13.42857154	-92.62839349
13.43589754	-95.36526998
13.44322355	-95.55656981
13.45054956	-91.31599010
13.45787557	-101.39636393
13.46520157	-92.96460515
13.47252758	-90.11427989
13.47985359	-96.65890877
13.48717960	-89.23281869
13.49450560	-87.14072309
13.50183161	-88.93257451
13.50915762	-91.06090189
13.51648363	-90.97779139
13.52380963	-104.81915579
13.53113564	-90.24668246
13.53846165	-89.84934774
13.54578765	-90.16825188
13.55311366	-87.85841380
13.56043967	-89.56067070
13.56776568	-84.50639682
13.57509168	-88.01306790
13.58241769	-99.73482610
13.58974370	-93.72144202
13.59706971	-88.95035398
13.60439571	-94.49838045
13.61172172	-90.71450934
13.61904773	-87.42948201
13.62637374	-114.57398764
13.63369974	-89.20720636
13.64102575	-92.36709088
13.64835176	-94.11294784
13.65567777	-91.48269208
13.66300377	-101.97139509
13.67032978	-92.66332980
13.67765579	-87.61380185
13.68498180	-91.44181846
13.69230780	-94.38789936
13.69963381	-90.18908921
13.70695982	-93.34561583
13.71428582	-96.34248147
13.72161183	-100.97773098
13.72893784	-87.21956543
13.73626385	-82.26509685
13.74358985	-81.23511179
13.75091586	-83.09191281
13.75824187	-89.83890100
13.76556788	-97.74471419
13.77289388	-101.05245248
13.78021989	-90.70299172
13.78754590	-85.37303034
13.79487191	-87.64242497
13.80219791	-98.08597393
13.80952392	-93.13223350
13.81684993	-87.80095461
13.82417594	-91.86051228
13.83150194	-90.62148879
13.83882795	-84.86396474
13.84615396	-86.92890115
13.85347997	-87.55415893
13.86080597	-86.65300558
13.86813198	-93.59479087
13.87545799	-91.43026966
13.88278399	-91.91139349
13.89011000	-97.04783895
13.89743601	-89.25451398
13.90476202	-86.67430368
13.91208802	-84.75446401
13.91941403	-84.94359852
13.92674004	-87.85730764
13.93406605	-95.90047234
13.94139205	-97.17355429
13.94871806	-89.03919036
13.95604407	-91.03706939
13.96337008	-89.41156870
13.97069608	-85.10541211
13.97802209	-88.07192550
13.98534810	-86.07958724
13.99267411	-89.77555186
14.00000011	-89.88165470
14.00732612	-84.05192364
14.01465213	-93.36729202
14.02197813	-85.43377436
14.02930414	-83.88087729
14.03663015	-88.27943544
14.04395616	-90.99602189
14.05128216	-94.35412916
14.05860817	-94.11811759
14.06593418	-91.81941535
14.07326019	-88.95558134
14.08058619	-88.65239448
14.08791220	-93.65125809
14.09523821	-86.70533494
14.10256422	-85.86933237
14.10989022	-89.62941749
14.11721623	-89.48029531
14.12454224	-91.15129774
14.13186825	-95.42095972
14.13919425	-93.61495148
14.14652026	-86.23534673
14.15384627	-91.31343751
14.16117228	-93.36579503
14.16849828	-91.12325120
14.17582429	-94.85204656
14.18315030	-90.72959184
14.19047630	-89.91463663
14.19780231	-89.32145384
14.20512832	-94.08664814
14.21245433	-100.04890864
14.21978033	-98.63815130
14.22710634	-111.77358569
14.23443235	-94.96807793
14.24175836	-91.26452366
14.24908436	-91.59221701
14.25641037	-88.67217389
14.26373638	-91.41228087
14.27106239	-101.06605406
14.27838839	-88.56229785
14.28571440	-88.36759969
14.29304041	-91.90752541
14.30036642	-92.35363439
14.30769242	-90.59783832
14.31501843	-88.49984228
14.32234444	-87.98924154
14.32967045	-93.55314387
14.33699645	-95.29610991
14.34432246	-86.46367157
14.35164847	-85.74064933
14.35897447	-88.91050271
14.36630048	-93.75268561
14.37362649	-96.95898840
14.38095250	-96.27173879
14.38827850	-92.98863678
14.39560451	-91.19678672
14.40293052	-91.14397087
14.41025653	-93.51852089
14.41758253	-96.19438212
14.42490854	-90.69788931
14.43223455	-89.16538233
14.43956056	-93.71223562
14.44688656	-96.12682644
14.45421257	-90.96354851
14.46153858	-87.28067636
14.46886459	-90.67273065
14.47619059	-94.80461059
14.48351660	-89.02326171
14.49084261	-95.37939616
14.49816861	-100.55264685
14.50549462	-96.73380864
14.51282063	-98.18100268
14.52014664	-104.25125131
14.52747264	-89.19107346
14.53479865	-87.93660924
14.54212466	-92.86409060
14.54945067	-93.70316323
14.55677667	-101.09422738
14.56410268	-97.09741646
14.57142869	-94.86514797
14.57875470	-98.63674045
14.58608070	-91.10006495
14.59340671	-94.16313491
14.60073272	-96.56029374
14.60805873	-86.76004545
14.61538473	-85.81293370
14.62271074	-90.90160009
14.63003675	-101.36748549
14.63736276	-94.89073548
14.64468876	-93.32162047
14.65201477	-84.70092469
14.65934078	-87.81742111
14.66666678	-90.81134854
14.67399279	-84.39624199
14.68131880	-89.54940797
14.68864481	-103.98482143
14.69597081	-96.18187365
14.70329682	-88.10378470
14.71062283	-88.58137633
14.71794884	-98.47407624
14.72527484	-90.42140739
14.73260085	-94.89072870
14.73992686	-96.65666600
14.74725287	-88.82741373
14.75457887	-91.04906186
14.76190488	-102.18288511
14.76923089	-89.58198683
14.77655690	-92.02672162
14.78388290	-92.91336381
14.79120891	-94.36419726
14.79853492	-96.51867424
14.80586093	-90.86438000
14.81318693	-85.61521514
14.82051294	-86.12719531
14.82783895	-89.87074728
14.83516495	-86.81785404
14.84249096	-95.88950188
14.84981697	-88.93659998
14.85714298	-91.23166753
14.86446898	-92.25991782
14.87179499	-85.96532857
14.87912100	-92.73738680
14.88644701	-99.15764020
14.89377301	-93.62119343
14.90109902	-88.02587742
14.90842503	-89.11128613
14.91575104	-95.84510243
14.92307704	-88.43264372
14.93040305	-91.03699404
14.93772906	-98.06172611
14.94505507	-85.55315079
14.95238107	-84.14091244
14.95970708	-89.36963589
14.96703309	-97.89929205
14.97435910	-94.92763728
14.98168510	-102.24756185
14.98901111	-101.64691632
14.99633712	-108.21619754
