# Menlo Systems GmbH ScanControl
# Program Version 1.7.0+git.a90605a3
# Start: -710.00000000 ps, Average over 5000 waveforms. Timestamp: 2023-11-21T14:56:41
# Window type: Tukey, parameters: alpha = 0.1
# User time axis shift: 0 ps
# Time axis offset: 0 ps
# Time [ps]	THz Signal [a.u.]
-710.08286712	0.00000000
-710.04953379	0.00000000
-710.01620045	0.00000002
-709.98286712	0.00000000
-709.94953379	0.00000011
-709.91620046	0.00000029
-709.88286712	0.00000046
-709.84953379	0.00000098
-709.81620046	0.00000121
-709.78286712	0.00000168
-709.74953379	0.00000267
-709.71620046	0.00000290
-709.68286712	0.00000369
-709.64953379	0.00000376
-709.61620046	0.00000206
-709.58286712	0.00000489
-709.54953379	0.00000437
-709.51620046	-0.00000132
-709.48286713	0.00000234
-709.44953379	-0.00000027
-709.41620046	-0.00000059
-709.38286713	-0.00000724
-709.34953379	0.00000089
-709.31620046	-0.00001000
-709.28286713	-0.00001220
-709.24953379	-0.00001114
-709.21620046	-0.00002404
-709.18286713	-0.00003672
-709.14953379	-0.00003086
-709.11620046	-0.00003517
-709.08286713	-0.00002880
-709.04953380	-0.00004267
-709.01620046	-0.00004896
-708.98286713	-0.00006202
-708.94953380	-0.00005572
-708.91620046	-0.00005582
-708.88286713	-0.00006311
-708.84953380	-0.00007217
-708.81620046	-0.00007900
-708.78286713	-0.00007404
-708.74953380	-0.00009441
-708.71620047	-0.00008975
-708.68286713	-0.00008654
-708.64953380	-0.00009591
-708.61620047	-0.00007958
-708.58286713	-0.00009275
-708.54953380	-0.00008404
-708.51620047	-0.00010885
-708.48286713	-0.00012131
-708.44953380	-0.00012018
-708.41620047	-0.00013352
-708.38286713	-0.00014586
-708.34953380	-0.00013902
-708.31620047	-0.00020060
-708.28286714	-0.00016859
-708.24953380	-0.00016634
-708.21620047	-0.00018985
-708.18286714	-0.00022015
-708.14953380	-0.00023322
-708.11620047	-0.00021954
-708.08286714	-0.00023207
-708.04953380	-0.00023049
-708.01620047	-0.00028621
-707.98286714	-0.00029759
-707.94953380	-0.00029887
-707.91620047	-0.00033653
-707.88286714	-0.00037445
-707.84953381	-0.00035260
-707.81620047	-0.00038503
-707.78286714	-0.00042163
-707.74953381	-0.00043355
-707.71620047	-0.00039673
-707.68286714	-0.00043892
-707.64953381	-0.00047661
-707.61620047	-0.00046247
-707.58286714	-0.00051393
-707.54953381	-0.00051132
-707.51620047	-0.00058198
-707.48286714	-0.00057349
-707.44953381	-0.00057693
-707.41620048	-0.00062523
-707.38286714	-0.00063960
-707.34953381	-0.00065662
-707.31620048	-0.00058968
-707.28286714	-0.00061616
-707.24953381	-0.00070358
-707.21620048	-0.00064668
-707.18286714	-0.00074747
-707.14953381	-0.00068253
-707.11620048	-0.00065661
-707.08286714	-0.00066668
-707.04953381	-0.00072084
-707.01620048	-0.00070693
-706.98286715	-0.00071877
-706.94953381	-0.00073286
-706.91620048	-0.00076788
-706.88286715	-0.00079854
-706.84953381	-0.00076703
-706.81620048	-0.00075865
-706.78286715	-0.00077327
-706.74953381	-0.00079303
-706.71620048	-0.00078038
-706.68286715	-0.00081464
-706.64953382	-0.00080082
-706.61620048	-0.00082438
-706.58286715	-0.00089421
-706.54953382	-0.00091967
-706.51620048	-0.00087460
-706.48286715	-0.00082331
-706.44953382	-0.00083903
-706.41620048	-0.00084904
-706.38286715	-0.00083836
-706.34953382	-0.00084481
-706.31620048	-0.00084285
-706.28286715	-0.00081685
-706.24953382	-0.00077646
-706.21620049	-0.00076498
-706.18286715	-0.00079955
-706.14953382	-0.00075087
-706.11620049	-0.00076885
-706.08286715	-0.00073710
-706.04953382	-0.00073633
-706.01620049	-0.00072213
-705.98286715	-0.00071659
-705.94953382	-0.00075391
-705.91620049	-0.00074454
-705.88286715	-0.00073086
-705.84953382	-0.00070383
-705.81620049	-0.00067627
-705.78286716	-0.00065487
-705.74953382	-0.00072729
-705.71620049	-0.00069963
-705.68286716	-0.00065025
-705.64953382	-0.00062308
-705.61620049	-0.00068676
-705.58286716	-0.00066723
-705.54953382	-0.00068924
-705.51620049	-0.00068726
-705.48286716	-0.00066625
-705.44953382	-0.00070523
-705.41620049	-0.00067488
-705.38286716	-0.00069337
-705.34953383	-0.00075508
-705.31620049	-0.00070940
-705.28286716	-0.00076274
-705.24953383	-0.00070644
-705.21620049	-0.00068210
-705.18286716	-0.00068810
-705.14953383	-0.00073210
-705.11620049	-0.00074210
-705.08286716	-0.00074018
-705.04953383	-0.00077172
-705.01620049	-0.00071842
-704.98286716	-0.00073463
-704.94953383	-0.00079742
-704.91620050	-0.00082073
-704.88286716	-0.00083959
-704.84953383	-0.00080785
-704.81620050	-0.00087060
-704.78286716	-0.00081315
-704.74953383	-0.00084720
-704.71620050	-0.00085067
-704.68286716	-0.00086516
-704.64953383	-0.00084228
-704.61620050	-0.00085143
-704.58286717	-0.00084919
-704.54953383	-0.00084182
-704.51620050	-0.00085235
-704.48286717	-0.00082433
-704.44953383	-0.00081613
-704.41620050	-0.00082092
-704.38286717	-0.00075542
-704.34953383	-0.00074572
-704.31620050	-0.00073391
-704.28286717	-0.00073050
-704.24953383	-0.00072962
-704.21620050	-0.00071252
-704.18286717	-0.00066026
-704.14953384	-0.00067832
-704.11620050	-0.00068761
-704.08286717	-0.00058090
-704.04953384	-0.00062015
-704.01620050	-0.00061370
-703.98286717	-0.00059107
-703.94953384	-0.00058565
-703.91620050	-0.00051278
-703.88286717	-0.00051011
-703.84953384	-0.00041168
-703.81620050	-0.00037818
-703.78286717	-0.00041528
-703.74953384	-0.00038338
-703.71620051	-0.00027737
-703.68286717	-0.00032559
-703.64953384	-0.00033656
-703.61620051	-0.00029243
-703.58286717	-0.00029904
-703.54953384	-0.00018502
-703.51620051	-0.00024086
-703.48286717	-0.00021293
-703.44953384	-0.00019351
-703.41620051	-0.00012525
-703.38286717	-0.00016691
-703.34953384	-0.00020346
-703.31620051	-0.00021112
-703.28286718	-0.00023755
-703.24953384	-0.00026579
-703.21620051	-0.00027665
-703.18286718	-0.00034467
-703.14953384	-0.00042363
-703.11620051	-0.00049001
-703.08286718	-0.00058994
-703.04953384	-0.00068013
-703.01620051	-0.00076094
-702.98286718	-0.00093574
-702.94953384	-0.00106292
-702.91620051	-0.00118355
-702.88286718	-0.00129862
-702.84953385	-0.00148730
-702.81620051	-0.00164804
-702.78286718	-0.00181359
-702.74953385	-0.00198017
-702.71620051	-0.00215779
-702.68286718	-0.00238031
-702.64953385	-0.00253612
-702.61620051	-0.00263246
-702.58286718	-0.00283043
-702.54953385	-0.00294970
-702.51620052	-0.00306772
-702.48286718	-0.00318648
-702.44953385	-0.00321842
-702.41620052	-0.00324392
-702.38286718	-0.00325740
-702.34953385	-0.00324651
-702.31620052	-0.00312935
-702.28286718	-0.00301553
-702.24953385	-0.00282678
-702.21620052	-0.00263702
-702.18286718	-0.00241740
-702.14953385	-0.00205327
-702.11620052	-0.00175292
-702.08286719	-0.00135233
-702.04953385	-0.00090439
-702.01620052	-0.00047708
-701.98286719	0.00001368
-701.94953385	0.00044706
-701.91620052	0.00100371
-701.88286719	0.00149947
-701.84953385	0.00192742
-701.81620052	0.00244550
-701.78286719	0.00286016
-701.74953385	0.00326970
-701.71620052	0.00364007
-701.68286719	0.00394313
-701.64953386	0.00418956
-701.61620052	0.00436852
-701.58286719	0.00440045
-701.54953386	0.00444726
-701.51620052	0.00432893
-701.48286719	0.00414401
-701.44953386	0.00383852
-701.41620052	0.00344850
-701.38286719	0.00296448
-701.34953386	0.00244608
-701.31620052	0.00183601
-701.28286719	0.00120759
-701.24953386	0.00039287
-701.21620053	-0.00036922
-701.18286719	-0.00124190
-701.14953386	-0.00203344
-701.11620053	-0.00283643
-701.08286719	-0.00355663
-701.04953386	-0.00422118
-701.01620053	-0.00494873
-700.98286719	-0.00551396
-700.94953386	-0.00594325
-700.91620053	-0.00634050
-700.88286719	-0.00654143
-700.84953386	-0.00662573
-700.81620053	-0.00659165
-700.78286720	-0.00642822
-700.74953386	-0.00608374
-700.71620053	-0.00572311
-700.68286720	-0.00518559
-700.64953386	-0.00448375
-700.61620053	-0.00378304
-700.58286720	-0.00294499
-700.54953386	-0.00211228
-700.51620053	-0.00120856
-700.48286720	-0.00024471
-700.44953387	0.00057861
-700.41620053	0.00139689
-700.38286720	0.00216627
-700.34953387	0.00286335
-700.31620053	0.00333674
-700.28286720	0.00384588
-700.24953387	0.00417811
-700.21620053	0.00426913
-700.18286720	0.00430918
-700.14953387	0.00415966
-700.11620053	0.00380710
-700.08286720	0.00337707
-700.04953387	0.00279973
-700.01620054	0.00213739
-699.98286720	0.00145048
-699.94953387	0.00057320
-699.91620054	-0.00028288
-699.88286720	-0.00112986
-699.84953387	-0.00193740
-699.81620054	-0.00273772
-699.78286720	-0.00336130
-699.74953387	-0.00404552
-699.71620054	-0.00445984
-699.68286720	-0.00487143
-699.64953387	-0.00506027
-699.61620054	-0.00512185
-699.58286721	-0.00505650
-699.54953387	-0.00479976
-699.51620054	-0.00445632
-699.48286721	-0.00402209
-699.44953387	-0.00349452
-699.41620054	-0.00283870
-699.38286721	-0.00207401
-699.34953387	-0.00131660
-699.31620054	-0.00062296
-699.28286721	0.00004148
-699.24953387	0.00069444
-699.21620054	0.00128875
-699.18286721	0.00172650
-699.14953388	0.00207278
-699.11620054	0.00232129
-699.08286721	0.00239307
-699.04953388	0.00238424
-699.01620054	0.00223442
-698.98286721	0.00200417
-698.94953388	0.00156523
-698.91620054	0.00114487
-698.88286721	0.00066810
-698.84953388	0.00007936
-698.81620054	-0.00053029
-698.78286721	-0.00109526
-698.74953388	-0.00160130
-698.71620055	-0.00200567
-698.68286721	-0.00244129
-698.64953388	-0.00269504
-698.61620055	-0.00294924
-698.58286721	-0.00303907
-698.54953388	-0.00299778
-698.51620055	-0.00292187
-698.48286721	-0.00272264
-698.44953388	-0.00237936
-698.41620055	-0.00205753
-698.38286722	-0.00168205
-698.34953388	-0.00119012
-698.31620055	-0.00084627
-698.28286722	-0.00047380
-698.24953388	-0.00015604
-698.21620055	0.00017870
-698.18286722	0.00023520
-698.14953388	0.00035591
-698.11620055	0.00033422
-698.08286722	0.00018821
-698.04953388	-0.00003489
-698.01620055	-0.00034266
-697.98286722	-0.00069825
-697.94953389	-0.00115920
-697.91620055	-0.00164716
-697.88286722	-0.00211795
-697.84953389	-0.00257365
-697.81620055	-0.00301195
-697.78286722	-0.00342818
-697.74953389	-0.00375558
-697.71620055	-0.00394183
-697.68286722	-0.00392988
-697.64953389	-0.00389270
-697.61620055	-0.00375921
-697.58286722	-0.00347370
-697.54953389	-0.00309970
-697.51620056	-0.00266232
-697.48286722	-0.00218490
-697.44953389	-0.00155154
-697.41620056	-0.00091310
-697.38286722	-0.00029863
-697.34953389	0.00024934
-697.31620056	0.00079209
-697.28286722	0.00126728
-697.24953389	0.00157035
-697.21620056	0.00185169
-697.18286722	0.00200565
-697.14953389	0.00203033
-697.11620056	0.00187222
-697.08286723	0.00164860
-697.04953389	0.00134349
-697.01620056	0.00101183
-696.98286723	0.00054832
-696.94953389	0.00001612
-696.91620056	-0.00046896
-696.88286723	-0.00101218
-696.84953389	-0.00144473
-696.81620056	-0.00190027
-696.78286723	-0.00219269
-696.74953389	-0.00249507
-696.71620056	-0.00264785
-696.68286723	-0.00272316
-696.64953390	-0.00274206
-696.61620056	-0.00271005
-696.58286723	-0.00260211
-696.54953390	-0.00245245
-696.51620056	-0.00218009
-696.48286723	-0.00190501
-696.44953390	-0.00171150
-696.41620056	-0.00145404
-696.38286723	-0.00123980
-696.34953390	-0.00102772
-696.31620057	-0.00095293
-696.28286723	-0.00094409
-696.24953390	-0.00091846
-696.21620057	-0.00092471
-696.18286723	-0.00101246
-696.14953390	-0.00114814
-696.11620057	-0.00127810
-696.08286723	-0.00139394
-696.04953390	-0.00151619
-696.01620057	-0.00168895
-695.98286723	-0.00176063
-695.94953390	-0.00180096
-695.91620057	-0.00176445
-695.88286724	-0.00174551
-695.84953390	-0.00163154
-695.81620057	-0.00143971
-695.78286724	-0.00124188
-695.74953390	-0.00099117
-695.71620057	-0.00073300
-695.68286724	-0.00054263
-695.64953390	-0.00031338
-695.61620057	-0.00011259
-695.58286724	0.00005788
-695.54953390	0.00016065
-695.51620057	0.00017860
-695.48286724	0.00014257
-695.44953391	-0.00000732
-695.41620057	-0.00017779
-695.38286724	-0.00039311
-695.34953391	-0.00071489
-695.31620057	-0.00104610
-695.28286724	-0.00139984
-695.24953391	-0.00177256
-695.21620057	-0.00202566
-695.18286724	-0.00229906
-695.14953391	-0.00260534
-695.11620057	-0.00271010
-695.08286724	-0.00284004
-695.04953391	-0.00282013
-695.01620058	-0.00279457
-694.98286724	-0.00265121
-694.94953391	-0.00241564
-694.91620058	-0.00213755
-694.88286724	-0.00182276
-694.84953391	-0.00146814
-694.81620058	-0.00109484
-694.78286724	-0.00071640
-694.74953391	-0.00038103
-694.71620058	-0.00012778
-694.68286724	0.00010323
-694.64953391	0.00026079
-694.61620058	0.00033978
-694.58286725	0.00031059
-694.54953391	0.00022665
-694.51620058	0.00003856
-694.48286725	-0.00014563
-694.44953391	-0.00037148
-694.41620058	-0.00070400
-694.38286725	-0.00096745
-694.34953391	-0.00133050
-694.31620058	-0.00160173
-694.28286725	-0.00191585
-694.24953392	-0.00210255
-694.21620058	-0.00228558
-694.18286725	-0.00232764
-694.14953392	-0.00235344
-694.11620058	-0.00236703
-694.08286725	-0.00225882
-694.04953392	-0.00222805
-694.01620058	-0.00211786
-693.98286725	-0.00194040
-693.94953392	-0.00176475
-693.91620058	-0.00165069
-693.88286725	-0.00152539
-693.84953392	-0.00153278
-693.81620059	-0.00145323
-693.78286725	-0.00140373
-693.74953392	-0.00147994
-693.71620059	-0.00157519
-693.68286725	-0.00175778
-693.64953392	-0.00195366
-693.61620059	-0.00213926
-693.58286725	-0.00233859
-693.54953392	-0.00246422
-693.51620059	-0.00267005
-693.48286725	-0.00288626
-693.44953392	-0.00295375
-693.41620059	-0.00303179
-693.38286726	-0.00306300
-693.34953392	-0.00301603
-693.31620059	-0.00296790
-693.28286726	-0.00284301
-693.24953392	-0.00269186
-693.21620059	-0.00248461
-693.18286726	-0.00229144
-693.14953392	-0.00206890
-693.11620059	-0.00175723
-693.08286726	-0.00150255
-693.04953392	-0.00119271
-693.01620059	-0.00094256
-692.98286726	-0.00068491
-692.94953393	-0.00050014
-692.91620059	-0.00033105
-692.88286726	-0.00011000
-692.84953393	0.00010136
-692.81620059	0.00018447
-692.78286726	0.00028273
-692.74953393	0.00043946
-692.71620059	0.00054263
-692.68286726	0.00051592
-692.64953393	0.00054191
-692.61620059	0.00051123
-692.58286726	0.00041203
-692.54953393	0.00037603
-692.51620060	0.00021143
-692.48286726	-0.00008573
-692.44953393	-0.00034749
-692.41620060	-0.00063213
-692.38286726	-0.00108983
-692.34953393	-0.00149075
-692.31620060	-0.00203369
-692.28286726	-0.00264228
-692.24953393	-0.00328762
-692.21620060	-0.00387080
-692.18286726	-0.00454471
-692.14953393	-0.00527537
-692.11620060	-0.00587599
-692.08286727	-0.00648203
-692.04953393	-0.00695314
-692.01620060	-0.00739207
-691.98286727	-0.00763281
-691.94953393	-0.00773003
-691.91620060	-0.00777205
-691.88286727	-0.00753615
-691.84953393	-0.00712211
-691.81620060	-0.00646868
-691.78286727	-0.00555524
-691.74953394	-0.00448472
-691.71620060	-0.00315502
-691.68286727	-0.00159398
-691.64953394	0.00023891
-691.61620060	0.00227572
-691.58286727	0.00455179
-691.54953394	0.00701508
-691.51620060	0.00980786
-691.48286727	0.01261743
-691.44953394	0.01563773
-691.41620060	0.01885627
-691.38286727	0.02216448
-691.34953394	0.02560762
-691.31620061	0.02915640
-691.28286727	0.03266415
-691.24953394	0.03626288
-691.21620061	0.03974867
-691.18286727	0.04322428
-691.14953394	0.04652184
-691.11620061	0.04964822
-691.08286727	0.05256344
-691.04953394	0.05510350
-691.01620061	0.05731386
-690.98286727	0.05902265
-690.94953394	0.06021506
-690.91620061	0.06087130
-690.88286728	0.06076169
-690.84953394	0.05993035
-690.81620061	0.05826398
-690.78286728	0.05565997
-690.74953394	0.05207841
-690.71620061	0.04742532
-690.68286728	0.04168813
-690.64953394	0.03474303
-690.61620061	0.02665117
-690.58286728	0.01727714
-690.54953394	0.00673727
-690.51620061	-0.00513842
-690.48286728	-0.01832615
-690.44953395	-0.03264127
-690.41620061	-0.04815178
-690.38286728	-0.06469038
-690.34953395	-0.08223361
-690.31620061	-0.10053542
-690.28286728	-0.11953268
-690.24953395	-0.13899510
-690.21620061	-0.15863780
-690.18286728	-0.17826988
-690.14953395	-0.19740083
-690.11620061	-0.21577941
-690.08286728	-0.23312610
-690.04953395	-0.24886593
-690.01620062	-0.26269531
-689.98286728	-0.27421941
-689.94953395	-0.28281934
-689.91620062	-0.28815288
-689.88286728	-0.28983973
-689.84953395	-0.28737681
-689.81620062	-0.28050662
-689.78286728	-0.26885431
-689.74953395	-0.25225425
-689.71620062	-0.23061911
-689.68286729	-0.20370331
-689.64953395	-0.17172639
-689.61620062	-0.13467074
-689.58286729	-0.09297671
-689.54953395	-0.04703264
-689.51620062	0.00273902
-689.48286729	0.05559645
-689.44953395	0.11083767
-689.41620062	0.16755059
-689.38286729	0.22477979
-689.34953395	0.28158170
-689.31620062	0.33666845
-689.28286729	0.38906449
-689.24953396	0.43749010
-689.21620062	0.48091083
-689.18286729	0.51806628
-689.14953396	0.54802417
-689.11620062	0.56969642
-689.08286729	0.58233529
-689.04953396	0.58517578
-689.01620062	0.57779656
-688.98286729	0.55974042
-688.94953396	0.53098430
-688.91620062	0.49154743
-688.88286729	0.44181413
-688.84953396	0.38237715
-688.81620063	0.31396364
-688.78286729	0.23756835
-688.74953396	0.15459234
-688.71620063	0.06638763
-688.68286729	-0.02555678
-688.64953396	-0.11914447
-688.61620063	-0.21264220
-688.58286729	-0.30402221
-688.54953396	-0.39113598
-688.51620063	-0.47182388
-688.48286729	-0.54413753
-688.44953396	-0.60603733
-688.41620063	-0.65571099
-688.38286730	-0.69174342
-688.34953396	-0.71277898
-688.31620063	-0.71800417
-688.28286730	-0.70686935
-688.24953396	-0.67947602
-688.21620063	-0.63610163
-688.18286730	-0.57782166
-688.14953396	-0.50584302
-688.11620063	-0.42193221
-688.08286730	-0.32821491
-688.04953396	-0.22719089
-688.01620063	-0.12143779
-687.98286730	-0.01380901
-687.94953397	0.09285025
-687.91620063	0.19572360
-687.88286730	0.29186133
-687.84953397	0.37867178
-687.81620063	0.45391633
-687.78286730	0.51533600
-687.74953397	0.56133713
-687.71620063	0.59072045
-687.68286730	0.60270068
-687.64953397	0.59701014
-687.61620064	0.57404591
-687.58286730	0.53442178
-687.54953397	0.47939023
-687.51620064	0.41091397
-687.48286730	0.33099636
-687.44953397	0.24213832
-687.41620064	0.14716589
-687.38286730	0.04898860
-687.34953397	-0.04924348
-687.31620064	-0.14443934
-687.28286730	-0.23348092
-687.24953397	-0.31337500
-687.21620064	-0.38157464
-687.18286731	-0.43580622
-687.14953397	-0.47432894
-687.11620064	-0.49580611
-687.08286731	-0.49969138
-687.04953397	-0.48610477
-687.01620064	-0.45562785
-686.98286731	-0.40975759
-686.94953397	-0.35036209
-686.91620064	-0.27984170
-686.88286731	-0.20109553
-686.84953397	-0.11718071
-686.81620064	-0.03143690
-686.78286731	0.05297981
-686.74953398	0.13278662
-686.71620064	0.20509034
-686.68286731	0.26730186
-686.64953398	0.31718722
-686.61620064	0.35322576
-686.58286731	0.37407680
-686.54953398	0.37954586
-686.51620064	0.36950710
-686.48286731	0.34487014
-686.44953398	0.30678759
-686.41620064	0.25712724
-686.38286731	0.19814797
-686.34953398	0.13247381
-686.31620065	0.06287531
-686.28286731	-0.00760112
-686.24953398	-0.07607320
-686.21620065	-0.13941950
-686.18286731	-0.19516874
-686.14953398	-0.24102738
-686.11620065	-0.27508883
-686.08286731	-0.29598682
-686.04953398	-0.30306704
-686.01620065	-0.29625420
-685.98286731	-0.27626092
-685.94953398	-0.24416647
-685.91620065	-0.20185070
-685.88286732	-0.15135050
-685.84953398	-0.09529239
-685.81620065	-0.03651925
-685.78286732	0.02210968
-685.74953398	0.07800399
-685.71620065	0.12852163
-685.68286732	0.17126698
-685.64953398	0.20444986
-685.61620065	0.22667093
-685.58286732	0.23717968
-685.54953399	0.23569947
-685.51620065	0.22246797
-685.48286732	0.19838552
-685.44953399	0.16487242
-685.41620065	0.12367923
-685.38286732	0.07699721
-685.34953399	0.02724665
-685.31620065	-0.02305310
-685.28286732	-0.07139113
-685.24953399	-0.11533192
-685.21620065	-0.15282389
-685.18286732	-0.18204109
-685.14953399	-0.20151649
-685.11620066	-0.21041437
-685.08286732	-0.20858125
-685.04953399	-0.19620466
-685.01620066	-0.17416516
-684.98286732	-0.14386888
-684.94953399	-0.10702369
-684.91620066	-0.06566742
-684.88286732	-0.02219073
-684.84953399	0.02113386
-684.81620066	0.06196581
-684.78286732	0.09821500
-684.74953399	0.12803625
-684.71620066	0.15001696
-684.68286733	0.16308071
-684.64953399	0.16683385
-684.61620066	0.16123408
-684.58286733	0.14675835
-684.54953399	0.12448690
-684.51620066	0.09563433
-684.48286733	0.06209179
-684.44953399	0.02578417
-684.41620066	-0.01131019
-684.38286733	-0.04697222
-684.34953399	-0.07929790
-684.31620066	-0.10631252
-684.28286733	-0.12684638
-684.24953400	-0.13960064
-684.21620066	-0.14413768
-684.18286733	-0.14022933
-684.14953400	-0.12825520
-684.11620066	-0.10913671
-684.08286733	-0.08403351
-684.04953400	-0.05464287
-684.01620066	-0.02274993
-683.98286733	0.00986461
-683.94953400	0.04097079
-683.91620066	0.06896108
-683.88286733	0.09216272
-683.84953400	0.10929382
-683.81620067	0.11945492
-683.78286733	0.12205904
-683.74953400	0.11726322
-683.71620067	0.10523438
-683.68286733	0.08690206
-683.64953400	0.06347411
-683.61620067	0.03651700
-683.58286733	0.00759374
-683.54953400	-0.02136062
-683.51620067	-0.04872277
-683.48286734	-0.07273054
-683.44953400	-0.09176606
-683.41620067	-0.10493785
-683.38286734	-0.11130722
-683.34953400	-0.11049646
-683.31620067	-0.10273099
-683.28286734	-0.08844513
-683.24953400	-0.06860786
-683.21620067	-0.04459340
-683.18286734	-0.01773342
-683.14953400	0.01018231
-683.11620067	0.03736378
-683.08286734	0.06215866
-683.04953401	0.08312180
-683.01620067	0.09884803
-682.98286734	0.10846223
-682.94953401	0.11151728
-682.91620067	0.10772663
-682.88286734	0.09744872
-682.84953401	0.08141355
-682.81620067	0.06062007
-682.78286734	0.03625810
-682.74953401	0.01001417
-682.71620067	-0.01652081
-682.68286734	-0.04165211
-682.64953401	-0.06389378
-682.61620068	-0.08178324
-682.58286734	-0.09437464
-682.54953401	-0.10083053
-682.51620068	-0.10082415
-682.48286734	-0.09448291
-682.44953401	-0.08221169
-682.41620068	-0.06487299
-682.38286734	-0.04366484
-682.34953401	-0.02002448
-682.31620068	0.00465867
-682.28286734	0.02858789
-682.24953401	0.05033105
-682.21620068	0.06849948
-682.18286735	0.08201496
-682.14953401	0.09006540
-682.11620068	0.09219622
-682.08286735	0.08828209
-682.04953401	0.07861732
-682.01620068	0.06392870
-681.98286735	0.04525815
-681.94953401	0.02360293
-681.91620068	0.00047964
-681.88286735	-0.02253717
-681.84953401	-0.04419993
-681.81620068	-0.06304469
-681.78286735	-0.07807450
-681.74953402	-0.08841583
-681.71620068	-0.09338856
-681.68286735	-0.09299200
-681.64953402	-0.08728374
-681.61620068	-0.07688440
-681.58286735	-0.06257785
-681.54953402	-0.04539257
-681.51620068	-0.02657538
-681.48286735	-0.00754850
-681.44953402	0.01046956
-681.41620069	0.02632328
-681.38286735	0.03904131
-681.34953402	0.04774785
-681.31620069	0.05209702
-681.28286735	0.05193750
-681.24953402	0.04735843
-681.21620069	0.03893475
-681.18286735	0.02744863
-681.14953402	0.01380774
-681.11620069	-0.00091500
-681.08286735	-0.01542409
-681.04953402	-0.02854941
-681.01620069	-0.03947587
-680.98286736	-0.04718036
-680.94953402	-0.05090608
-680.91620069	-0.05043548
-680.88286736	-0.04573654
-680.84953402	-0.03703938
-680.81620069	-0.02490638
-680.78286736	-0.01006537
-680.74953402	0.00645219
-680.71620069	0.02353475
-680.68286736	0.04006851
-680.64953402	0.05479924
-680.61620069	0.06682625
-680.58286736	0.07545454
-680.54953403	0.08000850
-680.51620069	0.08009971
-680.48286736	0.07584042
-680.44953403	0.06734319
-680.41620069	0.05529726
-680.38286736	0.04034170
-680.34953403	0.02346151
-680.31620069	0.00572922
-680.28286736	-0.01192795
-680.24953403	-0.02827368
-680.21620069	-0.04256949
-680.18286736	-0.05409272
-680.14953403	-0.06212835
-680.11620070	-0.06645961
-680.08286736	-0.06707719
-680.04953403	-0.06411189
-680.01620070	-0.05822752
-679.98286736	-0.04977202
-679.94953403	-0.03962481
-679.91620070	-0.02869697
-679.88286736	-0.01776961
-679.84953403	-0.00772465
-679.81620070	0.00086139
-679.78286736	0.00738917
-679.74953403	0.01164631
-679.71620070	0.01333162
-679.68286737	0.01270651
-679.64953403	0.00999517
-679.61620070	0.00559883
-679.58286737	0.00019975
-679.54953403	-0.00552735
-679.51620070	-0.01096866
-679.48286737	-0.01540356
-679.44953403	-0.01830129
-679.41620070	-0.01931905
-679.38286737	-0.01807841
-679.34953404	-0.01469117
-679.31620070	-0.00919794
-679.28286737	-0.00206956
-679.24953404	0.00632798
-679.21620070	0.01523734
-679.18286737	0.02404723
-679.14953404	0.03195220
-679.11620070	0.03835193
-679.08286737	0.04259404
-679.04953404	0.04429821
-679.01620070	0.04323409
-678.98286737	0.03919432
-678.94953404	0.03245245
-678.91620071	0.02330746
-678.88286737	0.01234638
-678.84953404	0.00012633
-678.81620071	-0.01237875
-678.78286737	-0.02457919
-678.74953404	-0.03568418
-678.71620071	-0.04471839
-678.68286737	-0.05133047
-678.64953404	-0.05498879
-678.61620071	-0.05544042
-678.58286737	-0.05260253
-678.54953404	-0.04684131
-678.51620071	-0.03838716
-678.48286738	-0.02785650
-678.44953404	-0.01590516
-678.41620071	-0.00334056
-678.38286738	0.00903407
-678.34953404	0.02046772
-678.31620071	0.03032665
-678.28286738	0.03793527
-678.24953404	0.04293552
-678.21620071	0.04510204
-678.18286738	0.04437101
-678.14953404	0.04104677
-678.11620071	0.03529695
-678.08286738	0.02770214
-678.04953405	0.01878807
-678.01620071	0.00927912
-677.98286738	-0.00032535
-677.94953405	-0.00927784
-677.91620071	-0.01688979
-677.88286738	-0.02299594
-677.84953405	-0.02718204
-677.81620071	-0.02927864
-677.78286738	-0.02938689
-677.74953405	-0.02753522
-677.71620071	-0.02407505
-677.68286738	-0.01939790
-677.64953405	-0.01394649
-677.61620072	-0.00811457
-677.58286738	-0.00250738
-677.54953405	0.00258202
-677.51620072	0.00687761
-677.48286738	0.00998050
-677.44953405	0.01193292
-677.41620072	0.01258873
-677.38286738	0.01202989
-677.34953405	0.01051477
-677.31620072	0.00813389
-677.28286739	0.00532191
-677.24953405	0.00230613
-677.21620072	-0.00057779
-677.18286739	-0.00314921
-677.14953405	-0.00513273
-677.11620072	-0.00655127
-677.08286739	-0.00725897
-677.04953405	-0.00738250
-677.01620072	-0.00710584
-676.98286739	-0.00649763
-676.94953405	-0.00574577
-676.91620072	-0.00503491
-676.88286739	-0.00460535
-676.84953406	-0.00450635
-676.81620072	-0.00500089
-676.78286739	-0.00597547
-676.74953406	-0.00742768
-676.71620072	-0.00928142
-676.68286739	-0.01139895
-676.64953406	-0.01347339
-676.61620072	-0.01528098
-676.58286739	-0.01670506
-676.54953406	-0.01738842
-676.51620072	-0.01715682
-676.48286739	-0.01592110
-676.44953406	-0.01376760
-676.41620073	-0.01058843
-676.38286739	-0.00664934
-676.34953406	-0.00214136
-676.31620073	0.00277559
-676.28286739	0.00758263
-676.24953406	0.01205963
-676.21620073	0.01581821
-676.18286739	0.01857483
-676.14953406	0.02007881
-676.11620073	0.02021171
-676.08286739	0.01901904
-676.04953406	0.01633649
-676.01620073	0.01248603
-675.98286740	0.00777919
-675.94953406	0.00241346
-675.91620073	-0.00314847
-675.88286740	-0.00856298
-675.84953406	-0.01344896
-675.81620073	-0.01736544
-675.78286740	-0.02003391
-675.74953406	-0.02128046
-675.71620073	-0.02113803
-675.68286740	-0.01941112
-675.64953406	-0.01627887
-675.61620073	-0.01203266
-675.58286740	-0.00708920
-675.54953407	-0.00158920
-675.51620073	0.00386840
-675.48286740	0.00895813
-675.44953407	0.01327657
-675.41620073	0.01646179
-675.38286740	0.01839316
-675.34953407	0.01877905
-675.31620073	0.01767271
-675.28286740	0.01513342
-675.24953407	0.01149077
-675.21620074	0.00687807
-675.18286740	0.00166057
-675.14953407	-0.00371431
-675.11620074	-0.00892800
-675.08286740	-0.01357577
-675.04953407	-0.01725358
-675.01620074	-0.01983064
-674.98286740	-0.02115468
-674.94953407	-0.02108596
-674.91620074	-0.01964704
-674.88286740	-0.01711133
-674.84953407	-0.01357886
-674.81620074	-0.00936208
-674.78286741	-0.00485643
-674.74953407	-0.00035561
-674.71620074	0.00379160
-674.68286741	0.00733404
-674.64953407	0.01001757
-674.61620074	0.01167378
-674.58286741	0.01229017
-674.54953407	0.01166520
-674.51620074	0.01017584
-674.48286741	0.00783826
-674.44953407	0.00491111
-674.41620074	0.00161616
-674.38286741	-0.00168505
-674.34953408	-0.00476939
-674.31620074	-0.00747411
-674.28286741	-0.00955549
-674.24953408	-0.01090654
-674.21620074	-0.01145993
-674.18286741	-0.01111985
-674.14953408	-0.01015082
-674.11620074	-0.00858906
-674.08286741	-0.00664618
-674.04953408	-0.00445460
-674.01620074	-0.00224543
-673.98286741	-0.00022502
-673.94953408	0.00138672
-673.91620075	0.00256959
-673.88286741	0.00313845
-673.84953408	0.00315627
-673.81620075	0.00253730
-673.78286741	0.00137441
-673.74953408	-0.00013777
-673.71620075	-0.00194786
-673.68286741	-0.00383832
-673.64953408	-0.00566514
-673.61620075	-0.00735860
-673.58286741	-0.00868164
-673.54953408	-0.00962584
-673.51620075	-0.01022890
-673.48286742	-0.01026031
-673.44953408	-0.00988750
-673.41620075	-0.00914503
-673.38286742	-0.00811065
-673.34953408	-0.00686862
-673.31620075	-0.00552964
-673.28286742	-0.00423339
-673.24953408	-0.00309481
-673.21620075	-0.00212521
-673.18286742	-0.00134625
-673.14953408	-0.00085951
-673.11620075	-0.00059712
-673.08286742	-0.00052151
-673.04953409	-0.00060770
-673.01620075	-0.00090250
-672.98286742	-0.00113871
-672.94953409	-0.00144841
-672.91620075	-0.00161236
-672.88286742	-0.00170753
-672.84953409	-0.00168795
-672.81620075	-0.00158962
-672.78286742	-0.00142459
-672.74953409	-0.00120779
-672.71620076	-0.00082849
-672.68286742	-0.00053121
-672.64953409	-0.00036936
-672.61620076	-0.00018812
-672.58286742	-0.00021289
-672.54953409	-0.00031022
-672.51620076	-0.00053729
-672.48286742	-0.00092885
-672.44953409	-0.00124172
-672.41620076	-0.00157477
-672.38286742	-0.00200963
-672.34953409	-0.00220881
-672.31620076	-0.00230624
-672.28286743	-0.00228175
-672.24953409	-0.00222208
-672.21620076	-0.00194478
-672.18286743	-0.00152116
-672.14953409	-0.00110678
-672.11620076	-0.00065072
-672.08286743	-0.00027528
-672.04953409	-0.00002446
-672.01620076	0.00008595
-671.98286743	-0.00001810
-671.94953409	-0.00036830
-671.91620076	-0.00091653
-671.88286743	-0.00169799
-671.84953410	-0.00261366
-671.81620076	-0.00360840
-671.78286743	-0.00459927
-671.74953410	-0.00548871
-671.71620076	-0.00620821
-671.68286743	-0.00671360
-671.64953410	-0.00683352
-671.61620076	-0.00660979
-671.58286743	-0.00612373
-671.54953410	-0.00522037
-671.51620076	-0.00406974
-671.48286743	-0.00272986
-671.44953410	-0.00130483
-671.41620077	0.00005768
-671.38286743	0.00137163
-671.34953410	0.00238443
-671.31620077	0.00300629
-671.28286743	0.00326961
-671.24953410	0.00305124
-671.21620077	0.00247370
-671.18286743	0.00147561
-671.14953410	0.00010285
-671.11620077	-0.00147036
-671.08286743	-0.00307372
-671.04953410	-0.00475951
-671.01620077	-0.00624249
-670.98286744	-0.00742679
-670.94953410	-0.00824707
-670.91620077	-0.00858686
-670.88286744	-0.00842113
-670.84953410	-0.00791698
-670.81620077	-0.00687574
-670.78286744	-0.00544145
-670.74953410	-0.00387847
-670.71620077	-0.00224683
-670.68286744	-0.00065142
-670.64953411	0.00074949
-670.61620077	0.00188623
-670.58286744	0.00253292
-670.54953411	0.00276091
-670.51620077	0.00251425
-670.48286744	0.00172448
-670.44953411	0.00058893
-670.41620077	-0.00081728
-670.38286744	-0.00244882
-670.34953411	-0.00411808
-670.31620077	-0.00573434
-670.28286744	-0.00705602
-670.24953411	-0.00808177
-670.21620078	-0.00862511
-670.18286744	-0.00866156
-670.14953411	-0.00820960
-670.11620078	-0.00732000
-670.08286744	-0.00597488
-670.04953411	-0.00433834
-670.01620078	-0.00254942
-669.98286744	-0.00073609
-669.94953411	0.00096002
-669.91620078	0.00235965
-669.88286744	0.00350974
-669.84953411	0.00409927
-669.81620078	0.00425585
-669.78286745	0.00393427
-669.74953411	0.00305634
-669.71620078	0.00182714
-669.68286745	0.00026850
-669.64953411	-0.00149604
-669.61620078	-0.00331497
-669.58286745	-0.00503822
-669.54953411	-0.00664249
-669.51620078	-0.00793946
-669.48286745	-0.00886773
-669.44953411	-0.00940792
-669.41620078	-0.00947268
-669.38286745	-0.00914872
-669.34953412	-0.00848568
-669.31620078	-0.00756428
-669.28286745	-0.00643589
-669.24953412	-0.00529750
-669.21620078	-0.00409409
-669.18286745	-0.00304241
-669.14953412	-0.00208268
-669.11620078	-0.00146152
-669.08286745	-0.00110803
-669.04953412	-0.00091740
-669.01620078	-0.00098511
-668.98286745	-0.00127236
-668.94953412	-0.00173696
-668.91620079	-0.00227109
-668.88286745	-0.00281950
-668.84953412	-0.00331933
-668.81620079	-0.00379602
-668.78286745	-0.00402446
-668.74953412	-0.00425241
-668.71620079	-0.00419264
-668.68286745	-0.00403155
-668.64953412	-0.00380194
-668.61620079	-0.00343605
-668.58286746	-0.00309086
-668.54953412	-0.00277016
-668.51620079	-0.00242840
-668.48286746	-0.00221993
-668.44953412	-0.00209666
-668.41620079	-0.00205211
-668.38286746	-0.00215528
-668.34953412	-0.00234207
-668.31620079	-0.00252474
-668.28286746	-0.00276041
-668.24953412	-0.00299623
-668.21620079	-0.00315051
-668.18286746	-0.00323128
-668.14953413	-0.00322627
-668.11620079	-0.00314610
-668.08286746	-0.00291831
-668.04953413	-0.00263720
-668.01620079	-0.00232308
-667.98286746	-0.00204246
-667.94953413	-0.00177108
-667.91620079	-0.00156610
-667.88286746	-0.00145185
-667.84953413	-0.00153404
-667.81620079	-0.00175561
-667.78286746	-0.00210132
-667.74953413	-0.00256075
-667.71620080	-0.00316662
-667.68286746	-0.00388912
-667.64953413	-0.00451971
-667.61620080	-0.00514603
-667.58286746	-0.00568204
-667.54953413	-0.00605087
-667.51620080	-0.00619727
-667.48286746	-0.00622981
-667.44953413	-0.00600673
-667.41620080	-0.00552711
-667.38286746	-0.00488108
-667.34953413	-0.00399200
-667.31620080	-0.00307338
-667.28286747	-0.00211217
-667.24953413	-0.00113974
-667.21620080	-0.00022847
-667.18286747	0.00051282
-667.14953413	0.00109557
-667.11620080	0.00139298
-667.08286747	0.00148902
-667.04953413	0.00133366
-667.01620080	0.00096519
-666.98286747	0.00041857
-666.94953413	-0.00031302
-666.91620080	-0.00120446
-666.88286747	-0.00216907
-666.84953414	-0.00312049
-666.81620080	-0.00399460
-666.78286747	-0.00480128
-666.74953414	-0.00550619
-666.71620080	-0.00603343
-666.68286747	-0.00635251
-666.64953414	-0.00652681
-666.61620080	-0.00650772
-666.58286747	-0.00632413
-666.54953414	-0.00600868
-666.51620081	-0.00553886
-666.48286747	-0.00500902
-666.44953414	-0.00450609
-666.41620081	-0.00385771
-666.38286747	-0.00327779
-666.34953414	-0.00273776
-666.31620081	-0.00230573
-666.28286747	-0.00187063
-666.24953414	-0.00156115
-666.21620081	-0.00135576
-666.18286747	-0.00128665
-666.14953414	-0.00127545
-666.11620081	-0.00142570
-666.08286748	-0.00163168
-666.04953414	-0.00186031
-666.01620081	-0.00213422
-665.98286748	-0.00254053
-665.94953414	-0.00292742
-665.91620081	-0.00332692
-665.88286748	-0.00376736
-665.84953414	-0.00410501
-665.81620081	-0.00439703
-665.78286748	-0.00465397
-665.74953414	-0.00482367
-665.71620081	-0.00483693
-665.68286748	-0.00484459
-665.64953415	-0.00472136
-665.61620081	-0.00448742
-665.58286748	-0.00414972
-665.54953415	-0.00377327
-665.51620081	-0.00336368
-665.48286748	-0.00294115
-665.44953415	-0.00246018
-665.41620081	-0.00214742
-665.38286748	-0.00177565
-665.34953415	-0.00155692
-665.31620081	-0.00148170
-665.28286748	-0.00137335
-665.24953415	-0.00146418
-665.21620082	-0.00156777
-665.18286748	-0.00179079
-665.14953415	-0.00204482
-665.11620082	-0.00238582
-665.08286748	-0.00265399
-665.04953415	-0.00299636
-665.01620082	-0.00324875
-664.98286748	-0.00339881
-664.94953415	-0.00340115
-664.91620082	-0.00336599
-664.88286748	-0.00321393
-664.84953415	-0.00291715
-664.81620082	-0.00253179
-664.78286749	-0.00206202
-664.74953415	-0.00159862
-664.71620082	-0.00116691
-664.68286749	-0.00071819
-664.64953415	-0.00041357
-664.61620082	-0.00009696
-664.58286749	0.00007617
-664.54953415	0.00012601
-664.51620082	0.00004767
-664.48286749	-0.00012295
-664.44953416	-0.00046610
-664.41620082	-0.00087460
-664.38286749	-0.00132582
-664.34953416	-0.00193075
-664.31620082	-0.00258812
-664.28286749	-0.00322019
-664.24953416	-0.00386689
-664.21620082	-0.00438091
-664.18286749	-0.00490842
-664.14953416	-0.00542395
-664.11620082	-0.00584928
-664.08286749	-0.00637043
-664.04953416	-0.00672874
-664.01620083	-0.00713288
-663.98286749	-0.00760448
-663.94953416	-0.00800184
-663.91620083	-0.00846461
-663.88286749	-0.00899868
-663.84953416	-0.00943737
-663.81620083	-0.01002483
-663.78286749	-0.01061432
-663.74953416	-0.01123166
-663.71620083	-0.01188678
-663.68286749	-0.01258951
-663.64953416	-0.01335135
-663.61620083	-0.01413127
-663.58286750	-0.01470177
-663.54953416	-0.01545536
-663.51620083	-0.01613734
-663.48286750	-0.01683801
-663.44953416	-0.01752225
-663.41620083	-0.01822370
-663.38286750	-0.01886302
-663.34953416	-0.01935015
-663.31620083	-0.01995051
-663.28286750	-0.02042820
-663.24953416	-0.02079207
-663.21620083	-0.02101588
-663.18286750	-0.02110334
-663.14953417	-0.02105933
-663.11620083	-0.02082035
-663.08286750	-0.02027640
-663.04953417	-0.01958725
-663.01620083	-0.01855373
-662.98286750	-0.01727251
-662.94953417	-0.01568482
-662.91620083	-0.01383501
-662.88286750	-0.01173418
-662.84953417	-0.00943859
-662.81620083	-0.00693440
-662.78286750	-0.00413596
-662.74953417	-0.00120455
-662.71620084	0.00185222
-662.68286750	0.00502324
-662.64953417	0.00827581
-662.61620084	0.01164315
-662.58286750	0.01497865
-662.54953417	0.01832266
-662.51620084	0.02162577
-662.48286750	0.02493499
-662.44953417	0.02827010
-662.41620084	0.03138780
-662.38286751	0.03443240
-662.34953417	0.03741840
-662.31620084	0.04012365
-662.28286751	0.04263560
-662.24953417	0.04489035
-662.21620084	0.04675836
-662.18286751	0.04835879
-662.14953417	0.04950969
-662.11620084	0.05016877
-662.08286751	0.05030952
-662.04953417	0.04991177
-662.01620084	0.04880900
-661.98286751	0.04721494
-661.94953418	0.04492699
-661.91620084	0.04203076
-661.88286751	0.03840467
-661.84953418	0.03423101
-661.81620084	0.02942995
-661.78286751	0.02415379
-661.74953418	0.01840656
-661.71620084	0.01215176
-661.68286751	0.00555480
-661.64953418	-0.00135485
-661.61620084	-0.00841541
-661.58286751	-0.01572286
-661.54953418	-0.02305967
-661.51620085	-0.03040974
-661.48286751	-0.03774485
-661.44953418	-0.04487076
-661.41620085	-0.05167960
-661.38286751	-0.05821990
-661.34953418	-0.06429212
-661.31620085	-0.06988534
-661.28286751	-0.07489016
-661.24953418	-0.07917285
-661.21620085	-0.08265011
-661.18286751	-0.08527594
-661.14953418	-0.08699884
-661.11620085	-0.08773758
-661.08286752	-0.08750302
-661.04953418	-0.08613974
-661.01620085	-0.08372464
-660.98286752	-0.08022137
-660.94953418	-0.07566613
-660.91620085	-0.07005096
-660.88286752	-0.06353391
-660.84953418	-0.05612885
-660.81620085	-0.04792695
-660.78286752	-0.03902235
-660.74953418	-0.02956541
-660.71620085	-0.01967422
-660.68286752	-0.00950490
-660.64953419	0.00092085
-660.61620085	0.01129800
-660.58286752	0.02153565
-660.54953419	0.03150391
-660.51620085	0.04103727
-660.48286752	0.05009964
-660.44953419	0.05833890
-660.41620085	0.06573472
-660.38286752	0.07216469
-660.34953419	0.07764780
-660.31620086	0.08189124
-660.28286752	0.08474809
-660.24953419	0.08645738
-660.21620086	0.08675777
-660.18286752	0.08555615
-660.14953419	0.08293025
-660.11620086	0.07901001
-660.08286752	0.07365014
-660.04953419	0.06706136
-660.01620086	0.05935131
-659.98286752	0.05050198
-659.94953419	0.04074319
-659.91620086	0.03026908
-659.88286753	0.01926090
-659.84953419	0.00776202
-659.81620086	-0.00386558
-659.78286753	-0.01545148
-659.74953419	-0.02682883
-659.71620086	-0.03780689
-659.68286753	-0.04811713
-659.64953419	-0.05763161
-659.61620086	-0.06610325
-659.58286753	-0.07352116
-659.54953419	-0.07970220
-659.51620086	-0.08433664
-659.48286753	-0.08763815
-659.44953420	-0.08938991
-659.41620086	-0.08949564
-659.38286753	-0.08802375
-659.34953420	-0.08494957
-659.31620086	-0.08036252
-659.28286753	-0.07432558
-659.24953420	-0.06679697
-659.21620086	-0.05813923
-659.18286753	-0.04829020
-659.14953420	-0.03757263
-659.11620086	-0.02619464
-659.08286753	-0.01430822
-659.04953420	-0.00218377
-659.01620087	0.00990171
-658.98286753	0.02167869
-658.94953420	0.03291677
-658.91620087	0.04336588
-658.88286753	0.05289045
-658.84953420	0.06115019
-658.81620087	0.06790554
-658.78286753	0.07316935
-658.74953420	0.07676545
-658.71620087	0.07859225
-658.68286753	0.07854346
-658.64953420	0.07674853
-658.61620087	0.07325673
-658.58286754	0.06804330
-658.54953420	0.06139110
-658.51620087	0.05333534
-658.48286754	0.04413230
-658.44953420	0.03408009
-658.41620087	0.02325371
-658.38286754	0.01208232
-658.34953420	0.00073182
-658.31620087	-0.01050864
-658.28286754	-0.02134137
-658.24953421	-0.03161426
-658.21620087	-0.04104366
-658.18286754	-0.04938158
-658.14953421	-0.05643476
-658.11620087	-0.06210591
-658.08286754	-0.06629420
-658.04953421	-0.06885170
-658.01620087	-0.06979436
-657.98286754	-0.06903505
-657.94953421	-0.06670634
-657.91620087	-0.06274756
-657.88286754	-0.05746239
-657.84953421	-0.05079237
-657.81620088	-0.04295978
-657.78286754	-0.03431914
-657.74953421	-0.02501853
-657.71620088	-0.01524223
-657.68286754	-0.00527522
-657.64953421	0.00455499
-657.61620088	0.01401786
-657.58286754	0.02294737
-657.54953421	0.03101731
-657.51620088	0.03809729
-657.48286754	0.04391241
-657.44953421	0.04836510
-657.41620088	0.05141361
-657.38286755	0.05286415
-657.34953421	0.05277423
-657.31620088	0.05123341
-657.28286755	0.04822800
-657.24953421	0.04375184
-657.21620088	0.03804156
-657.18286755	0.03121370
-657.14953421	0.02358726
-657.11620088	0.01526846
-657.08286755	0.00644542
-657.04953421	-0.00250376
-657.01620088	-0.01140315
-656.98286755	-0.02000915
-656.94953422	-0.02812490
-656.91620088	-0.03548685
-656.88286755	-0.04197432
-656.84953422	-0.04728417
-656.81620088	-0.05135539
-656.78286755	-0.05406217
-656.74953422	-0.05537329
-656.71620088	-0.05511304
-656.68286755	-0.05353119
-656.64953422	-0.05040783
-656.61620088	-0.04599271
-656.58286755	-0.04031453
-656.54953422	-0.03360063
-656.51620089	-0.02607015
-656.48286755	-0.01794268
-656.44953422	-0.00937308
-656.41620089	-0.00069386
-656.38286755	0.00786778
-656.34953422	0.01602713
-656.31620089	0.02362630
-656.28286755	0.03035673
-656.24953422	0.03604766
-656.21620089	0.04059106
-656.18286756	0.04372525
-656.14953422	0.04543526
-656.11620089	0.04562069
-656.08286756	0.04447515
-656.04953422	0.04182606
-656.01620089	0.03786519
-655.98286756	0.03278416
-655.94953422	0.02670446
-655.91620089	0.01985888
-655.88286756	0.01241283
-655.84953422	0.00465028
-655.81620089	-0.00321350
-655.78286756	-0.01084143
-655.74953423	-0.01797456
-655.71620089	-0.02450847
-655.68286756	-0.03013370
-655.64953423	-0.03478842
-655.61620089	-0.03827591
-655.58286756	-0.04042632
-655.54953423	-0.04138899
-655.51620089	-0.04091267
-655.48286756	-0.03934653
-655.44953423	-0.03652165
-655.41620089	-0.03267043
-655.38286756	-0.02796746
-655.34953423	-0.02245530
-655.31620090	-0.01650656
-655.28286756	-0.01023996
-655.24953423	-0.00400009
-655.21620090	0.00212784
-655.18286756	0.00785537
-655.14953423	0.01307240
-655.11620090	0.01744923
-655.08286756	0.02094557
-655.04953423	0.02342401
-655.01620090	0.02490537
-654.98286756	0.02527928
-654.94953423	0.02449902
-654.91620090	0.02272568
-654.88286757	0.02009478
-654.84953423	0.01655176
-654.81620090	0.01234167
-654.78286757	0.00761234
-654.74953423	0.00255287
-654.71620090	-0.00255187
-654.68286757	-0.00762286
-654.64953423	-0.01248183
-654.61620090	-0.01683019
-654.58286757	-0.02060839
-654.54953423	-0.02364667
-654.51620090	-0.02588000
-654.48286757	-0.02727915
-654.44953424	-0.02777003
-654.41620090	-0.02723839
-654.38286757	-0.02583406
-654.34953424	-0.02369339
-654.31620090	-0.02072009
-654.28286757	-0.01726281
-654.24953424	-0.01325049
-654.21620090	-0.00886620
-654.18286757	-0.00441358
-654.14953424	-0.00002140
-654.11620090	0.00421550
-654.08286757	0.00822719
-654.04953424	0.01174380
-654.01620091	0.01462143
-653.98286757	0.01691804
-653.94953424	0.01852793
-653.91620091	0.01922054
-653.88286757	0.01918258
-653.84953424	0.01842569
-653.81620091	0.01689325
-653.78286757	0.01472944
-653.74953424	0.01197964
-653.71620091	0.00885890
-653.68286758	0.00531224
-653.64953424	0.00158145
-653.61620091	-0.00209059
-653.58286758	-0.00572882
-653.54953424	-0.00910247
-653.51620091	-0.01212639
-653.48286758	-0.01478567
-653.44953424	-0.01681138
-653.41620091	-0.01825082
-653.38286758	-0.01905585
-653.34953424	-0.01915108
-653.31620091	-0.01858494
-653.28286758	-0.01746115
-653.24953425	-0.01572093
-653.21620091	-0.01354917
-653.18286758	-0.01097248
-653.14953425	-0.00812100
-653.11620091	-0.00505741
-653.08286758	-0.00208615
-653.04953425	0.00085684
-653.01620091	0.00354605
-652.98286758	0.00592010
-652.94953425	0.00795678
-652.91620091	0.00943166
-652.88286758	0.01043433
-652.84953425	0.01074746
-652.81620092	0.01050188
-652.78286758	0.00975519
-652.74953425	0.00844770
-652.71620092	0.00672815
-652.68286758	0.00458845
-652.64953425	0.00216685
-652.61620092	-0.00039779
-652.58286758	-0.00306558
-652.54953425	-0.00564597
-652.51620092	-0.00817807
-652.48286758	-0.01037654
-652.44953425	-0.01221331
-652.41620092	-0.01367021
-652.38286759	-0.01463623
-652.34953425	-0.01513042
-652.31620092	-0.01497059
-652.28286759	-0.01431704
-652.24953425	-0.01313413
-652.21620092	-0.01153833
-652.18286759	-0.00942964
-652.14953425	-0.00702321
-652.11620092	-0.00444450
-652.08286759	-0.00168613
-652.04953425	0.00090169
-652.01620092	0.00351964
-651.98286759	0.00596381
-651.94953426	0.00810584
-651.91620092	0.00979778
-651.88286759	0.01103453
-651.84953426	0.01182047
-651.81620092	0.01203508
-651.78286759	0.01167304
-651.74953426	0.01087319
-651.71620092	0.00961145
-651.68286759	0.00786028
-651.64953426	0.00584162
-651.61620093	0.00348604
-651.58286759	0.00101877
-651.54953426	-0.00149799
-651.51620093	-0.00399606
-651.48286759	-0.00642876
-651.44953426	-0.00848972
-651.41620093	-0.01032650
-651.38286759	-0.01184768
-651.34953426	-0.01298438
-651.31620093	-0.01366492
-651.28286759	-0.01393544
-651.24953426	-0.01384047
-651.21620093	-0.01337879
-651.18286760	-0.01259622
-651.14953426	-0.01148645
-651.11620093	-0.01038030
-651.08286760	-0.00912741
-651.04953426	-0.00777434
-651.01620093	-0.00647723
-650.98286760	-0.00534511
-650.94953426	-0.00439529
-650.91620093	-0.00361866
-650.88286760	-0.00314205
-650.84953426	-0.00289499
-650.81620093	-0.00293152
-650.78286760	-0.00318826
-650.74953427	-0.00362614
-650.71620093	-0.00426503
-650.68286760	-0.00499497
-650.64953427	-0.00578597
-650.61620093	-0.00665320
-650.58286760	-0.00736899
-650.54953427	-0.00797118
-650.51620093	-0.00834762
-650.48286760	-0.00857890
-650.44953427	-0.00857766
-650.41620093	-0.00827319
-650.38286760	-0.00770039
-650.34953427	-0.00693188
-650.31620094	-0.00593284
-650.28286760	-0.00468227
-650.24953427	-0.00344998
-650.21620094	-0.00199692
-650.18286760	-0.00060341
-650.14953427	0.00076236
-650.11620094	0.00186528
-650.08286760	0.00297443
-650.04953427	0.00384172
-650.01620094	0.00443140
-649.98286760	0.00468791
-649.94953427	0.00460674
-649.91620094	0.00425477
-649.88286761	0.00365855
-649.84953427	0.00272584
-649.81620094	0.00166237
-649.78286761	0.00032074
-649.74953427	-0.00100578
-649.71620094	-0.00236805
-649.68286761	-0.00377029
-649.64953427	-0.00506254
-649.61620094	-0.00617407
-649.58286761	-0.00706007
-649.54953428	-0.00766541
-649.51620094	-0.00809758
-649.48286761	-0.00813181
-649.44953428	-0.00785719
-649.41620094	-0.00730710
-649.38286761	-0.00651113
-649.34953428	-0.00542916
-649.31620094	-0.00429986
-649.28286761	-0.00289556
-649.24953428	-0.00154981
-649.21620094	-0.00015061
-649.18286761	0.00113535
-649.14953428	0.00236211
-649.11620095	0.00332639
-649.08286761	0.00401389
-649.04953428	0.00447498
-649.01620095	0.00465851
-648.98286761	0.00455555
-648.94953428	0.00417819
-648.91620095	0.00350941
-648.88286761	0.00263860
-648.84953428	0.00163321
-648.81620095	0.00044775
-648.78286761	-0.00078341
-648.74953428	-0.00201532
-648.71620095	-0.00317291
-648.68286762	-0.00423572
-648.64953428	-0.00515160
-648.61620095	-0.00580303
-648.58286762	-0.00625059
-648.54953428	-0.00649963
-648.51620095	-0.00653944
-648.48286762	-0.00627572
-648.44953428	-0.00581299
-648.41620095	-0.00523508
-648.38286762	-0.00448997
-648.34953428	-0.00363139
-648.31620095	-0.00274920
-648.28286762	-0.00188738
-648.24953429	-0.00108593
-648.21620095	-0.00044610
-648.18286762	0.00010437
-648.14953429	0.00049139
-648.11620095	0.00069637
-648.08286762	0.00070883
-648.04953429	0.00051035
-648.01620095	0.00015611
-647.98286762	-0.00042550
-647.94953429	-0.00103926
-647.91620095	-0.00173286
-647.88286762	-0.00240909
-647.84953429	-0.00309197
-647.81620096	-0.00373262
-647.78286762	-0.00438858
-647.74953429	-0.00481937
-647.71620096	-0.00512472
-647.68286762	-0.00530277
-647.64953429	-0.00535482
-647.61620096	-0.00515850
-647.58286762	-0.00488689
-647.54953429	-0.00456667
-647.51620096	-0.00409052
-647.48286763	-0.00347610
-647.44953429	-0.00294911
-647.41620096	-0.00244210
-647.38286763	-0.00191566
-647.34953429	-0.00152938
-647.31620096	-0.00128812
-647.28286763	-0.00114483
-647.24953429	-0.00115682
-647.21620096	-0.00130227
-647.18286763	-0.00156860
-647.14953429	-0.00190833
-647.11620096	-0.00246662
-647.08286763	-0.00310211
-647.04953430	-0.00369313
-647.01620096	-0.00432664
-646.98286763	-0.00499086
-646.94953430	-0.00551037
-646.91620096	-0.00593210
-646.88286763	-0.00631782
-646.84953430	-0.00649759
-646.81620096	-0.00652961
-646.78286763	-0.00641797
-646.74953430	-0.00613433
-646.71620096	-0.00574187
-646.68286763	-0.00525469
-646.64953430	-0.00461535
-646.61620097	-0.00388419
-646.58286763	-0.00313509
-646.54953430	-0.00236956
-646.51620097	-0.00176166
-646.48286763	-0.00114697
-646.44953430	-0.00064759
-646.41620097	-0.00035630
-646.38286763	-0.00014633
-646.34953430	-0.00006641
-646.31620097	-0.00021141
-646.28286763	-0.00051426
-646.24953430	-0.00087982
-646.21620097	-0.00131443
-646.18286764	-0.00193928
-646.14953430	-0.00258063
-646.11620097	-0.00322046
-646.08286764	-0.00381487
-646.04953430	-0.00433147
-646.01620097	-0.00480586
-645.98286764	-0.00509714
-645.94953430	-0.00522393
-645.91620097	-0.00528808
-645.88286764	-0.00515882
-645.84953430	-0.00481959
-645.81620097	-0.00436143
-645.78286764	-0.00377338
-645.74953431	-0.00306032
-645.71620097	-0.00234157
-645.68286764	-0.00156414
-645.64953431	-0.00078802
-645.61620097	-0.00007479
-645.58286764	0.00051550
-645.54953431	0.00106713
-645.51620097	0.00146613
-645.48286764	0.00169480
-645.44953431	0.00179695
-645.41620098	0.00168512
-645.38286764	0.00152068
-645.34953431	0.00106824
-645.31620098	0.00061686
-645.28286764	0.00007288
-645.24953431	-0.00055677
-645.21620098	-0.00120064
-645.18286764	-0.00188077
-645.14953431	-0.00247066
-645.11620098	-0.00304387
-645.08286764	-0.00342919
-645.04953431	-0.00376800
-645.01620098	-0.00400089
-644.98286765	-0.00400048
-644.94953431	-0.00398884
-644.91620098	-0.00379356
-644.88286765	-0.00354097
-644.84953431	-0.00322297
-644.81620098	-0.00291344
-644.78286765	-0.00252672
-644.74953431	-0.00217997
-644.71620098	-0.00179425
-644.68286765	-0.00163647
-644.64953431	-0.00146605
-644.61620098	-0.00149412
-644.58286765	-0.00155430
-644.54953432	-0.00178086
-644.51620098	-0.00211328
-644.48286765	-0.00244636
-644.44953432	-0.00284231
-644.41620098	-0.00342506
-644.38286765	-0.00390764
-644.34953432	-0.00443378
-644.31620098	-0.00489185
-644.28286765	-0.00522541
-644.24953432	-0.00560504
-644.21620098	-0.00581876
-644.18286765	-0.00589107
-644.14953432	-0.00588175
-644.11620099	-0.00580167
-644.08286765	-0.00548541
-644.04953432	-0.00522558
-644.01620099	-0.00482868
-643.98286765	-0.00432517
-643.94953432	-0.00383077
-643.91620099	-0.00326676
-643.88286765	-0.00275916
-643.84953432	-0.00226416
-643.81620099	-0.00181111
-643.78286765	-0.00139622
-643.74953432	-0.00111031
-643.71620099	-0.00082122
-643.68286766	-0.00068293
-643.64953432	-0.00062870
-643.61620099	-0.00060513
-643.58286766	-0.00071201
-643.54953432	-0.00075596
-643.51620099	-0.00092327
-643.48286766	-0.00105280
-643.44953432	-0.00123586
-643.41620099	-0.00134649
-643.38286766	-0.00148400
-643.34953433	-0.00159494
-643.31620099	-0.00163540
-643.28286766	-0.00170806
-643.24953433	-0.00170564
-643.21620099	-0.00167648
-643.18286766	-0.00162461
-643.14953433	-0.00163211
-643.11620099	-0.00156905
-643.08286766	-0.00153483
-643.04953433	-0.00160344
-643.01620099	-0.00156654
-642.98286766	-0.00167805
-642.94953433	-0.00177229
-642.91620100	-0.00195064
-642.88286766	-0.00217197
-642.84953433	-0.00245368
-642.81620100	-0.00272048
-642.78286766	-0.00299837
-642.74953433	-0.00320193
-642.71620100	-0.00341999
-642.68286766	-0.00370182
-642.64953433	-0.00380120
-642.61620100	-0.00390042
-642.58286766	-0.00397842
-642.54953433	-0.00393984
-642.51620100	-0.00384633
-642.48286767	-0.00371766
-642.44953433	-0.00356665
-642.41620100	-0.00338367
-642.38286767	-0.00311029
-642.34953433	-0.00289148
-642.31620100	-0.00269913
-642.28286767	-0.00247676
-642.24953433	-0.00227799
-642.21620100	-0.00212927
-642.18286767	-0.00201604
-642.14953433	-0.00195910
-642.11620100	-0.00201293
-642.08286767	-0.00203668
-642.04953434	-0.00213078
-642.01620100	-0.00226897
-641.98286767	-0.00239847
-641.94953434	-0.00252067
-641.91620100	-0.00264788
-641.88286767	-0.00276960
-641.84953434	-0.00283988
-641.81620100	-0.00287157
-641.78286767	-0.00287819
-641.74953434	-0.00282396
-641.71620100	-0.00270468
-641.68286767	-0.00258107
-641.64953434	-0.00241298
-641.61620101	-0.00219989
-641.58286767	-0.00196160
-641.54953434	-0.00173370
-641.51620101	-0.00150552
-641.48286767	-0.00128477
-641.44953434	-0.00107474
-641.41620101	-0.00091307
-641.38286767	-0.00076580
-641.34953434	-0.00064433
-641.31620101	-0.00057860
-641.28286768	-0.00052835
-641.24953434	-0.00049434
-641.21620101	-0.00050948
-641.18286768	-0.00052552
-641.14953434	-0.00053528
-641.11620101	-0.00054399
-641.08286768	-0.00056316
-641.04953434	-0.00054504
-641.01620101	-0.00051837
-640.98286768	-0.00047637
-640.94953434	-0.00042461
-640.91620101	-0.00036175
-640.88286768	-0.00027206
-640.84953435	-0.00020220
-640.81620101	-0.00010990
-640.78286768	-0.00002052
-640.74953435	0.00005433
-640.71620101	0.00012735
-640.68286768	0.00017873
-640.64953435	0.00021788
-640.61620101	0.00024384
-640.58286768	0.00024776
-640.54953435	0.00023721
-640.51620101	0.00021626
-640.48286768	0.00018733
-640.44953435	0.00015041
-640.41620102	0.00011233
-640.38286768	0.00007851
-640.34953435	0.00004578
-640.31620102	0.00001845
-640.28286768	-0.00000151
-640.24953435	-0.00001496
-640.21620102	-0.00002256
-640.18286768	-0.00002351
-640.14953435	-0.00002132
-640.11620102	-0.00001634
-640.08286768	-0.00001031
-640.04953435	-0.00000498
-640.01620102	-0.00000133
-639.98286769	0.00000000
