# Menlo Systems GmbH ScanControl
# Program Version 1.7.0+git.a90605a3
# Start: -710.00000000 ps, Average over 2000 waveforms. Timestamp: 2023-11-21T14:28:46
# Window type: Tukey, parameters: alpha = 0.1
# User time axis shift: 0 ps
# Time axis offset: 0 ps
# Time [ps]	THz Signal [a.u.]
-710.08260356	0.00000000
-710.04927036	0.00000029
-710.01593715	0.00000174
-709.98260394	0.00000461
-709.94927073	0.00000851
-709.91593753	0.00001324
-709.88260432	0.00001656
-709.84927111	0.00001921
-709.81593790	0.00001954
-709.78260470	0.00001940
-709.74927149	0.00001741
-709.71593828	0.00001343
-709.68260507	0.00000516
-709.64927186	0.00000058
-709.61593866	-0.00000836
-709.58260545	-0.00001258
-709.54927224	-0.00001730
-709.51593903	-0.00000922
-709.48260583	-0.00000625
-709.44927262	-0.00000064
-709.41593941	0.00000182
-709.38260620	-0.00000634
-709.34927300	-0.00000600
-709.31593979	-0.00003893
-709.28260658	-0.00007939
-709.24927337	-0.00015737
-709.21594017	-0.00030169
-709.18260696	-0.00048879
-709.14927375	-0.00071972
-709.11594054	-0.00104642
-709.08260734	-0.00141898
-709.04927413	-0.00185583
-709.01594092	-0.00232657
-708.98260771	-0.00280292
-708.94927451	-0.00325603
-708.91594130	-0.00360747
-708.88260809	-0.00385032
-708.84927488	-0.00396113
-708.81594167	-0.00390354
-708.78260847	-0.00370856
-708.74927526	-0.00338380
-708.71594205	-0.00294823
-708.68260884	-0.00246450
-708.64927564	-0.00194878
-708.61594243	-0.00145927
-708.58260922	-0.00098872
-708.54927601	-0.00059191
-708.51594281	-0.00029837
-708.48260960	-0.00002232
-708.44927639	0.00015503
-708.41594318	0.00024034
-708.38260998	0.00025465
-708.34927677	0.00016998
-708.31594356	0.00006409
-708.28261035	-0.00019569
-708.24927715	-0.00039783
-708.21594394	-0.00063238
-708.18261073	-0.00083149
-708.14927752	-0.00111948
-708.11594431	-0.00127504
-708.08261111	-0.00143441
-708.04927790	-0.00161085
-708.01594469	-0.00175574
-707.98261148	-0.00196009
-707.94927828	-0.00211041
-707.91594507	-0.00234524
-707.88261186	-0.00252235
-707.84927865	-0.00268008
-707.81594545	-0.00291551
-707.78261224	-0.00316446
-707.74927903	-0.00330724
-707.71594582	-0.00350884
-707.68261262	-0.00371387
-707.64927941	-0.00387594
-707.61594620	-0.00402292
-707.58261299	-0.00407459
-707.54927979	-0.00402251
-707.51594658	-0.00401297
-707.48261337	-0.00389925
-707.44928016	-0.00378330
-707.41594696	-0.00364832
-707.38261375	-0.00358587
-707.34928054	-0.00359756
-707.31594733	-0.00356502
-707.28261412	-0.00352897
-707.24928092	-0.00360083
-707.21594771	-0.00367800
-707.18261450	-0.00386796
-707.14928129	-0.00408607
-707.11594809	-0.00435458
-707.08261488	-0.00455864
-707.04928167	-0.00483105
-707.01594846	-0.00504644
-706.98261526	-0.00525416
-706.94928205	-0.00549161
-706.91594884	-0.00560918
-706.88261563	-0.00579223
-706.84928243	-0.00602515
-706.81594922	-0.00618964
-706.78261601	-0.00616449
-706.74928280	-0.00623215
-706.71594960	-0.00611890
-706.68261639	-0.00610102
-706.64928318	-0.00611981
-706.61594997	-0.00613203
-706.58261677	-0.00606089
-706.54928356	-0.00611561
-706.51595035	-0.00608622
-706.48261714	-0.00589874
-706.44928393	-0.00585616
-706.41595073	-0.00581876
-706.38261752	-0.00573670
-706.34928431	-0.00570721
-706.31595110	-0.00559168
-706.28261790	-0.00546078
-706.24928469	-0.00535268
-706.21595148	-0.00528912
-706.18261827	-0.00528686
-706.14928507	-0.00504151
-706.11595186	-0.00503273
-706.08261865	-0.00505213
-706.04928544	-0.00497982
-706.01595224	-0.00491561
-705.98261903	-0.00494732
-705.94928582	-0.00493997
-705.91595261	-0.00480770
-705.88261941	-0.00477086
-705.84928620	-0.00461378
-705.81595299	-0.00448838
-705.78261978	-0.00442977
-705.74928657	-0.00434962
-705.71595337	-0.00414650
-705.68262016	-0.00386044
-705.64928695	-0.00374690
-705.61595374	-0.00351555
-705.58262054	-0.00337225
-705.54928733	-0.00306409
-705.51595412	-0.00287019
-705.48262091	-0.00270043
-705.44928771	-0.00252650
-705.41595450	-0.00234311
-705.38262129	-0.00225848
-705.34928808	-0.00218179
-705.31595488	-0.00212550
-705.28262167	-0.00218280
-705.24928846	-0.00218519
-705.21595525	-0.00243048
-705.18262205	-0.00254789
-705.14928884	-0.00273712
-705.11595563	-0.00281186
-705.08262242	-0.00311941
-705.04928922	-0.00328052
-705.01595601	-0.00351367
-704.98262280	-0.00366670
-704.94928959	-0.00372482
-704.91595638	-0.00364741
-704.88262318	-0.00354899
-704.84928997	-0.00331704
-704.81595676	-0.00292396
-704.78262355	-0.00270304
-704.74929035	-0.00250328
-704.71595714	-0.00236059
-704.68262393	-0.00264649
-704.64929072	-0.00314616
-704.61595752	-0.00422510
-704.58262431	-0.00589662
-704.54929110	-0.00821908
-704.51595789	-0.01136998
-704.48262469	-0.01503101
-704.44929148	-0.01942679
-704.41595827	-0.02426795
-704.38262506	-0.02929514
-704.34929186	-0.03403567
-704.31595865	-0.03836462
-704.28262544	-0.04133491
-704.24929223	-0.04261650
-704.21595903	-0.04194166
-704.18262582	-0.03887632
-704.14929261	-0.03346689
-704.11595940	-0.02611445
-704.08262619	-0.01726682
-704.04929299	-0.00765476
-704.01595978	0.00183235
-703.98262657	0.01029330
-703.94929336	0.01704627
-703.91596016	0.02169773
-703.88262695	0.02419524
-703.84929374	0.02464936
-703.81596053	0.02336578
-703.78262733	0.02069306
-703.74929412	0.01716879
-703.71596091	0.01316864
-703.68262770	0.00888455
-703.64929450	0.00462137
-703.61596129	0.00069568
-703.58262808	-0.00283845
-703.54929487	-0.00542606
-703.51596167	-0.00723313
-703.48262846	-0.00809695
-703.44929525	-0.00823991
-703.41596204	-0.00773704
-703.38262883	-0.00680062
-703.34929563	-0.00551847
-703.31596242	-0.00391650
-703.28262921	-0.00199414
-703.24929600	0.00012917
-703.21596280	0.00228317
-703.18262959	0.00443779
-703.14929638	0.00637577
-703.11596317	0.00818260
-703.08262997	0.00971439
-703.04929676	0.01112624
-703.01596355	0.01253580
-702.98263034	0.01387853
-702.94929714	0.01549923
-702.91596393	0.01727632
-702.88263072	0.01940165
-702.84929751	0.02181927
-702.81596431	0.02463504
-702.78263110	0.02781542
-702.74929789	0.03157252
-702.71596468	0.03551360
-702.68263148	0.04014459
-702.64929827	0.04508230
-702.61596506	0.05037831
-702.58263185	0.05611888
-702.54929864	0.06223583
-702.51596544	0.06874511
-702.48263223	0.07543689
-702.44929902	0.08272453
-702.41596581	0.09021243
-702.38263261	0.09839303
-702.34929940	0.10676635
-702.31596619	0.11591409
-702.28263298	0.12546306
-702.24929978	0.13566144
-702.21596657	0.14667627
-702.18263336	0.15832843
-702.14930015	0.17091333
-702.11596695	0.18446968
-702.08263374	0.19898146
-702.04930053	0.21456783
-702.01596732	0.23132159
-701.98263412	0.24939934
-701.94930091	0.26893535
-701.91596770	0.28990868
-701.88263449	0.31242906
-701.84930128	0.33669497
-701.81596808	0.36302269
-701.78263487	0.39085467
-701.74930166	0.42052826
-701.71596845	0.45186140
-701.68263525	0.48466396
-701.64930204	0.51834860
-701.61596883	0.55209811
-701.58263562	0.58520850
-701.54930242	0.61615672
-701.51596921	0.64286990
-701.48263600	0.66277110
-701.44930279	0.67236946
-701.41596959	0.66706796
-701.38263638	0.64104581
-701.34930317	0.58723009
-701.31596996	0.49689136
-701.28263676	0.36019339
-701.24930355	0.16631355
-701.21597034	-0.09626680
-701.18263713	-0.43840199
-701.14930393	-0.86833897
-701.11597072	-1.39104166
-701.08263751	-2.00529674
-701.04930430	-2.70350637
-701.01597109	-3.46876127
-700.98263789	-4.27400388
-700.94930468	-5.07716571
-700.91597147	-5.81781803
-700.88263826	-6.41740986
-700.84930506	-6.79086403
-700.81597185	-6.86116200
-700.78263864	-6.57840354
-700.74930543	-5.93320152
-700.71597223	-4.96291668
-700.68263902	-3.74825565
-700.64930581	-2.39819825
-700.61597260	-1.03170151
-700.58263940	0.24803863
-700.54930619	1.36682555
-700.51597298	2.28421066
-700.48263977	2.98573877
-700.44930657	3.47433147
-700.41597336	3.76288509
-700.38264015	3.87003786
-700.34930694	3.81597325
-700.31597374	3.62226999
-700.28264053	3.31309852
-700.24930732	2.92012776
-700.21597411	2.48055495
-700.18264090	2.03355493
-700.14930770	1.61317594
-700.11597449	1.24179495
-700.08264128	0.92807406
-700.04930807	0.66904861
-700.01597487	0.45739288
-699.98264166	0.28813057
-699.94930845	0.16105696
-699.91597524	0.07914622
-699.88264204	0.04333011
-699.84930883	0.04735674
-699.81597562	0.07685878
-699.78264241	0.11378346
-699.74930921	0.14268962
-699.71597600	0.15465780
-699.68264279	0.14824477
-699.64930958	0.12699593
-699.61597638	0.09537339
-699.58264317	0.05713143
-699.54930996	0.01555594
-699.51597675	-0.02656781
-699.48264354	-0.06560715
-699.44931034	-0.09794287
-699.41597713	-0.12056155
-699.38264392	-0.13170334
-699.34931071	-0.13054705
-699.31597751	-0.11713613
-699.28264430	-0.09296323
-699.24931109	-0.06122146
-699.21597788	-0.02603967
-699.18264468	0.00791343
-699.14931147	0.03701526
-699.11597826	0.05923199
-699.08264505	0.07314530
-699.04931185	0.07841474
-699.01597864	0.07514438
-698.98264543	0.06455349
-698.94931222	0.04943943
-698.91597902	0.03239227
-698.88264581	0.01509133
-698.84931260	-0.00165256
-698.81597939	-0.01729063
-698.78264619	-0.03079150
-698.74931298	-0.04034143
-698.71597977	-0.04457136
-698.68264656	-0.04394065
-698.64931335	-0.03985083
-698.61598015	-0.03344358
-698.58264694	-0.02588108
-698.54931373	-0.01711543
-698.51598052	-0.00800433
-698.48264732	-0.00019969
-698.44931411	0.00498599
-698.41598090	0.00751856
-698.38264769	0.00846337
-698.34931449	0.00933476
-698.31598128	0.01020800
-698.28264807	0.01025279
-698.24931486	0.00900460
-698.21598166	0.00642328
-698.18264845	0.00288562
-698.14931524	-0.00121498
-698.11598203	-0.00601138
-698.08264883	-0.01086478
-698.04931562	-0.01448199
-698.01598241	-0.01568017
-697.98264920	-0.01465772
-697.94931600	-0.01289675
-697.91598279	-0.01214143
-697.88264958	-0.01287540
-697.84931637	-0.01460476
-697.81598316	-0.01679563
-697.78264996	-0.02001932
-697.74931675	-0.02556302
-697.71598354	-0.03377277
-697.68265033	-0.04374235
-697.64931713	-0.05372661
-697.61598392	-0.06188789
-697.58265071	-0.06683553
-697.54931750	-0.06751102
-697.51598430	-0.06312482
-697.48265109	-0.05380614
-697.44931788	-0.03984426
-697.41598467	-0.02253239
-697.38265147	-0.00244700
-697.34931826	0.02003793
-697.31598505	0.04408377
-697.28265184	0.06754766
-697.24931864	0.08817745
-697.21598543	0.10384372
-697.18265222	0.11316501
-697.14931901	0.11534529
-697.11598580	0.11004328
-697.08265260	0.09736321
-697.04931939	0.07897481
-697.01598618	0.05690222
-696.98265297	0.03315950
-696.94931977	0.00931058
-696.91598656	-0.01286786
-696.88265335	-0.03200812
-696.84932014	-0.04690108
-696.81598694	-0.05721840
-696.78265373	-0.06341700
-696.74932052	-0.06622140
-696.71598731	-0.06618745
-696.68265411	-0.06431409
-696.64932090	-0.06210938
-696.61598769	-0.06124454
-696.58265448	-0.06288596
-696.54932128	-0.06654727
-696.51598807	-0.07123452
-696.48265486	-0.07610820
-696.44932165	-0.08054912
-696.41598845	-0.08434051
-696.38265524	-0.08655972
-696.34932203	-0.08651991
-696.31598882	-0.08410903
-696.28265561	-0.07950420
-696.24932241	-0.07313442
-696.21598920	-0.06537715
-696.18265599	-0.05622933
-696.14932278	-0.04651197
-696.11598958	-0.03737069
-696.08265637	-0.02913826
-696.04932316	-0.02189494
-696.01598995	-0.01482230
-695.98265675	-0.00798238
-695.94932354	-0.00172968
-695.91599033	0.00325368
-695.88265712	0.00708575
-695.84932392	0.00989634
-695.81599071	0.01154789
-695.78265750	0.01193660
-695.74932429	0.01075240
-695.71599109	0.00827906
-695.68265788	0.00545252
-695.64932467	0.00289924
-695.61599146	0.00154855
-695.58265825	0.00245351
-695.54932505	0.00528016
-695.51599184	0.00929787
-695.48265863	0.01292993
-695.44932542	0.01440141
-695.41599222	0.01238669
-695.38265901	0.00680698
-695.34932580	-0.00149325
-695.31599259	-0.01122385
-695.28265939	-0.02092329
-695.24932618	-0.02969862
-695.21599297	-0.03729685
-695.18265976	-0.04326975
-695.14932656	-0.04781749
-695.11599335	-0.05058344
-695.08266014	-0.05156473
-695.04932693	-0.05031553
-695.01599373	-0.04707062
-694.98266052	-0.04189815
-694.94932731	-0.03495988
-694.91599410	-0.02732079
-694.88266090	-0.01922569
-694.84932769	-0.01151830
-694.81599448	-0.00413119
-694.78266127	0.00255771
-694.74932806	0.00788035
-694.71599486	0.01147404
-694.68266165	0.01300682
-694.64932844	0.01257612
-694.61599523	0.01135964
-694.58266203	0.01030472
-694.54932882	0.01091319
-694.51599561	0.01360241
-694.48266240	0.01800854
-694.44932920	0.02296185
-694.41599599	0.02677319
-694.38266278	0.02810252
-694.34932957	0.02669169
-694.31599637	0.02337154
-694.28266316	0.01926997
-694.24932995	0.01554502
-694.21599674	0.01254171
-694.18266354	0.01000549
-694.14933033	0.00761798
-694.11599712	0.00551651
-694.08266391	0.00378400
-694.04933071	0.00271828
-694.01599750	0.00334362
-693.98266429	0.00560738
-693.94933108	0.00908880
-693.91599787	0.01333829
-693.88266467	0.01729563
-693.84933146	0.02061408
-693.81599825	0.02344398
-693.78266504	0.02635278
-693.74933184	0.02956764
-693.71599863	0.03345603
-693.68266542	0.03726204
-693.64933221	0.04038502
-693.61599901	0.04170954
-693.58266580	0.04052637
-693.54933259	0.03653170
-693.51599938	0.03014281
-693.48266618	0.02235585
-693.44933297	0.01437092
-693.41599976	0.00752158
-693.38266655	0.00259765
-693.34933335	0.00061874
-693.31600014	0.00163391
-693.28266693	0.00566511
-693.24933372	0.01185816
-693.21600051	0.01941874
-693.18266731	0.02799453
-693.14933410	0.03702260
-693.11600089	0.04551359
-693.08266768	0.05348658
-693.04933448	0.06031123
-693.01600127	0.06622991
-692.98266806	0.07194787
-692.94933485	0.07746544
-692.91600165	0.08191900
-692.88266844	0.08478558
-692.84933523	0.08410319
-692.81600202	0.07862549
-692.78266882	0.06726261
-692.74933561	0.04916398
-692.71600240	0.02450403
-692.68266919	-0.00604773
-692.64933599	-0.04188524
-692.61600278	-0.08229671
-692.58266957	-0.12726316
-692.54933636	-0.17651016
-692.51600316	-0.22852549
-692.48266995	-0.28044119
-692.44933674	-0.32745815
-692.41600353	-0.36336382
-692.38267032	-0.38138354
-692.34933712	-0.37629438
-692.31600391	-0.34561518
-692.28267070	-0.29083382
-692.24933749	-0.21708188
-692.21600429	-0.13191041
-692.18267108	-0.04284053
-692.14933787	0.04280583
-692.11600466	0.11924063
-692.08267146	0.18205074
-692.04933825	0.22852394
-692.01600504	0.25723437
-691.98267183	0.26883724
-691.94933863	0.26445055
-691.91600542	0.24628360
-691.88267221	0.21663136
-691.84933900	0.17805894
-691.81600580	0.13387462
-691.78267259	0.08764204
-691.74933938	0.04334119
-691.71600617	0.00493686
-691.68267297	-0.02474940
-691.64933976	-0.04389451
-691.61600655	-0.05271353
-691.58267334	-0.05310552
-691.54934013	-0.04697410
-691.51600693	-0.03671757
-691.48267372	-0.02420974
-691.44934051	-0.01137589
-691.41600730	0.00035000
-691.38267410	0.00981595
-691.34934089	0.01594011
-691.31600768	0.01855851
-691.28267447	0.01763213
-691.24934127	0.01418408
-691.21600806	0.00933282
-691.18267485	0.00430439
-691.14934164	-0.00002105
-691.11600844	-0.00380644
-691.08267523	-0.00723096
-691.04934202	-0.01004017
-691.01600881	-0.01222143
-690.98267561	-0.01320612
-690.94934240	-0.01262972
-690.91600919	-0.01007005
-690.88267598	-0.00569867
-690.84934277	-0.00007224
-690.81600957	0.00596726
-690.78267636	0.01128534
-690.74934315	0.01493376
-690.71600994	0.01677332
-690.68267674	0.01687787
-690.64934353	0.01544141
-690.61601032	0.01263258
-690.58267711	0.00873669
-690.54934391	0.00400752
-690.51601070	-0.00086511
-690.48267749	-0.00521954
-690.44934428	-0.00847719
-690.41601108	-0.00980219
-690.38267787	-0.00885985
-690.34934466	-0.00547251
-690.31601145	-0.00017455
-690.28267825	0.00637075
-690.24934504	0.01347377
-690.21601183	0.02043257
-690.18267862	0.02640490
-690.14934542	0.03106456
-690.11601221	0.03407734
-690.08267900	0.03539736
-690.04934579	0.03531718
-690.01601258	0.03392445
-689.98267938	0.03175525
-689.94934617	0.02893849
-689.91601296	0.02611521
-689.88267975	0.02355330
-689.84934655	0.02139345
-689.81601334	0.01941364
-689.78268013	0.01734121
-689.74934692	0.01511220
-689.71601372	0.01265354
-689.68268051	0.01019504
-689.64934730	0.00779575
-689.61601409	0.00576818
-689.58268089	0.00399908
-689.54934768	0.00232997
-689.51601447	0.00058441
-689.48268126	-0.00153345
-689.44934806	-0.00421117
-689.41601485	-0.00728805
-689.38268164	-0.01027109
-689.34934843	-0.01326180
-689.31601522	-0.01579622
-689.28268202	-0.01779598
-689.24934881	-0.01833557
-689.21601560	-0.01706208
-689.18268239	-0.01370634
-689.14934919	-0.00881191
-689.11601598	-0.00247626
-689.08268277	0.00498470
-689.04934956	0.01343466
-689.01601636	0.02229894
-688.98268315	0.03084683
-688.94934994	0.03849496
-688.91601673	0.04459546
-688.88268353	0.04877096
-688.84935032	0.05112310
-688.81601711	0.05128967
-688.78268390	0.04993794
-688.74935070	0.04706453
-688.71601749	0.04242631
-688.68268428	0.03592329
-688.64935107	0.02740819
-688.61601787	0.01664678
-688.58268466	0.00462705
-688.54935145	-0.00719846
-688.51601824	-0.01753340
-688.48268503	-0.02515515
-688.44935183	-0.02948802
-688.41601862	-0.03054641
-688.38268541	-0.02864087
-688.34935220	-0.02402661
-688.31601900	-0.01747564
-688.28268579	-0.00944682
-688.24935258	-0.00053384
-688.21601937	0.00846663
-688.18268617	0.01662090
-688.14935296	0.02294743
-688.11601975	0.02690963
-688.08268654	0.02867476
-688.04935334	0.02847787
-688.01602013	0.02686166
-687.98268692	0.02426536
-687.94935371	0.02069016
-687.91602051	0.01618176
-687.88268730	0.01067002
-687.84935409	0.00401269
-687.81602088	-0.00332259
-687.78268768	-0.01049738
-687.74935447	-0.01644478
-687.71602126	-0.02026099
-687.68268805	-0.02140229
-687.64935484	-0.01988998
-687.61602164	-0.01663440
-687.58268843	-0.01249742
-687.54935522	-0.00846759
-687.51602201	-0.00508093
-687.48268881	-0.00282321
-687.44935560	-0.00140000
-687.41602239	-0.00054059
-687.38268918	0.00011666
-687.34935598	0.00058198
-687.31602277	0.00114059
-687.28268956	0.00185350
-687.24935635	0.00313677
-687.21602315	0.00527518
-687.18268994	0.00864789
-687.14935673	0.01292363
-687.11602352	0.01787846
-687.08269032	0.02254572
-687.04935711	0.02603800
-687.01602390	0.02817524
-686.98269069	0.02840007
-686.94935748	0.02698983
-686.91602428	0.02438229
-686.88269107	0.02083743
-686.84935786	0.01637272
-686.81602465	0.01113856
-686.78269145	0.00502425
-686.74935824	-0.00150596
-686.71602503	-0.00771468
-686.68269182	-0.01264559
-686.64935862	-0.01553075
-686.61602541	-0.01612922
-686.58269220	-0.01389834
-686.54935899	-0.00905036
-686.51602579	-0.00260717
-686.48269258	0.00512017
-686.44935937	0.01313664
-686.41602616	0.02081534
-686.38269296	0.02766146
-686.34935975	0.03285721
-686.31602654	0.03554074
-686.28269333	0.03539255
-686.24936013	0.03149666
-686.21602692	0.02440567
-686.18269371	0.01507983
-686.14936050	0.00480107
-686.11602729	-0.00471456
-686.08269409	-0.01217548
-686.04936088	-0.01773079
-686.01602767	-0.02163893
-685.98269446	-0.02457600
-685.94936126	-0.02681355
-685.91602805	-0.02806048
-685.88269484	-0.02822879
-685.84936163	-0.02699748
-685.81602843	-0.02471415
-685.78269522	-0.02196930
-685.74936201	-0.01959044
-685.71602880	-0.01790305
-685.68269560	-0.01761192
-685.64936239	-0.01835172
-685.61602918	-0.01930283
-685.58269597	-0.01973698
-685.54936277	-0.01852401
-685.51602956	-0.01560909
-685.48269635	-0.01078992
-685.44936314	-0.00384614
-685.41602993	0.00481612
-685.38269673	0.01464351
-685.34936352	0.02449242
-685.31603031	0.03351990
-685.28269710	0.04061003
-685.24936390	0.04480981
-685.21603069	0.04552855
-685.18269748	0.04218356
-685.14936427	0.03512357
-685.11603107	0.02529803
-685.08269786	0.01375422
-685.04936465	0.00201382
-685.01603144	-0.00856849
-684.98269824	-0.01725446
-684.94936503	-0.02354219
-684.91603182	-0.02745465
-684.88269861	-0.02925084
-684.84936541	-0.02899537
-684.81603220	-0.02612581
-684.78269899	-0.02009760
-684.74936578	-0.01054110
-684.71603258	0.00210926
-684.68269937	0.01656912
-684.64936616	0.03096793
-684.61603295	0.04345028
-684.58269974	0.05179959
-684.54936654	0.05513880
-684.51603333	0.05292049
-684.48270012	0.04592854
-684.44936691	0.03503567
-684.41603371	0.02185828
-684.38270050	0.00774484
-684.34936729	-0.00592161
-684.31603408	-0.01828371
-684.28270088	-0.02826150
-684.24936767	-0.03528501
-684.21603446	-0.03904240
-684.18270125	-0.03980522
-684.14936805	-0.03801713
-684.11603484	-0.03456118
-684.08270163	-0.03036441
-684.04936842	-0.02594716
-684.01603522	-0.02159037
-683.98270201	-0.01705082
-683.94936880	-0.01218308
-683.91603559	-0.00684187
-683.88270239	-0.00114804
-683.84936918	0.00409691
-683.81603597	0.00861861
-683.78270276	0.01223238
-683.74936955	0.01501507
-683.71603635	0.01728396
-683.68270314	0.01916058
-683.64936993	0.02088135
-683.61603672	0.02218528
-683.58270352	0.02290163
-683.54937031	0.02267142
-683.51603710	0.02158879
-683.48270389	0.01963346
-683.44937069	0.01697091
-683.41603748	0.01369882
-683.38270427	0.00968774
-683.34937106	0.00475528
-683.31603786	-0.00110582
-683.28270465	-0.00760940
-683.24937144	-0.01452638
-683.21603823	-0.02122973
-683.18270503	-0.02700206
-683.14937182	-0.03147906
-683.11603861	-0.03398477
-683.08270540	-0.03436733
-683.04937219	-0.03207796
-683.01603899	-0.02704930
-682.98270578	-0.01973301
-682.94937257	-0.01060847
-682.91603936	-0.00048390
-682.88270616	0.00958110
-682.84937295	0.01890887
-682.81603974	0.02664589
-682.78270653	0.03240317
-682.74937333	0.03613874
-682.71604012	0.03740068
-682.68270691	0.03597812
-682.64937370	0.03179715
-682.61604050	0.02523085
-682.58270729	0.01644665
-682.54937408	0.00685523
-682.51604087	-0.00250506
-682.48270767	-0.01036468
-682.44937446	-0.01597717
-682.41604125	-0.01926866
-682.38270804	-0.02018990
-682.34937484	-0.01910853
-682.31604163	-0.01648992
-682.28270842	-0.01261176
-682.24937521	-0.00817184
-682.21604200	-0.00372566
-682.18270880	0.00011400
-682.14937559	0.00296705
-682.11604238	0.00463462
-682.08270917	0.00516503
-682.04937597	0.00500386
-682.01604276	0.00456052
-681.98270955	0.00459005
-681.94937634	0.00570582
-681.91604314	0.00775928
-681.88270993	0.01044309
-681.84937672	0.01337879
-681.81604351	0.01600800
-681.78271031	0.01814854
-681.74937710	0.01983150
-681.71604389	0.02070328
-681.68271068	0.02137231
-681.64937748	0.02127472
-681.61604427	0.02000356
-681.58271106	0.01707719
-681.54937785	0.01208953
-681.51604465	0.00488580
-681.48271144	-0.00362250
-681.44937823	-0.01238921
-681.41604502	-0.01978697
-681.38271181	-0.02487148
-681.34937861	-0.02733999
-681.31604540	-0.02695722
-681.28271219	-0.02436232
-681.24937898	-0.01968760
-681.21604578	-0.01290113
-681.18271257	-0.00413906
-681.14937936	0.00655498
-681.11604615	0.01844726
-681.08271295	0.03025728
-681.04937974	0.04049817
-681.01604653	0.04767903
-680.98271332	0.05061674
-680.94938012	0.04888462
-680.91604691	0.04275565
-680.88271370	0.03317967
-680.84938049	0.02178533
-680.81604729	0.00964683
-680.78271408	-0.00200950
-680.74938087	-0.01257440
-680.71604766	-0.02134957
-680.68271445	-0.02775254
-680.64938125	-0.03131478
-680.61604804	-0.03159013
-680.58271483	-0.02856317
-680.54938162	-0.02305900
-680.51604842	-0.01581136
-680.48271521	-0.00794062
-680.44938200	-0.00065767
-680.41604879	0.00548960
-680.38271559	0.01003349
-680.34938238	0.01243740
-680.31604917	0.01278737
-680.28271596	0.01118057
-680.24938276	0.00753771
-680.21604955	0.00231040
-680.18271634	-0.00353131
-680.14938313	-0.00903162
-680.11604993	-0.01290473
-680.08271672	-0.01427200
-680.04938351	-0.01291174
-680.01605030	-0.00966644
-679.98271710	-0.00541156
-679.94938389	-0.00120907
-679.91605068	0.00190798
-679.88271747	0.00379310
-679.84938426	0.00429929
-679.81605106	0.00392728
-679.78271785	0.00289066
-679.74938464	0.00171945
-679.71605143	0.00058633
-679.68271823	-0.00035006
-679.64938502	-0.00098424
-679.61605181	-0.00165873
-679.58271860	-0.00224059
-679.54938540	-0.00300951
-679.51605219	-0.00372967
-679.48271898	-0.00396385
-679.44938577	-0.00339698
-679.41605257	-0.00180060
-679.38271936	0.00069783
-679.34938615	0.00413419
-679.31605294	0.00791868
-679.28271974	0.01144973
-679.24938653	0.01425837
-679.21605332	0.01561837
-679.18272011	0.01498599
-679.14938690	0.01228772
-679.11605370	0.00758367
-679.08272049	0.00130894
-679.04938728	-0.00531119
-679.01605407	-0.01109623
-678.98272087	-0.01489232
-678.94938766	-0.01606167
-678.91605445	-0.01480163
-678.88272124	-0.01194625
-678.84938804	-0.00844921
-678.81605483	-0.00511715
-678.78272162	-0.00217141
-678.74938841	0.00044707
-678.71605521	0.00276961
-678.68272200	0.00527489
-678.64938879	0.00757361
-678.61605558	0.00909192
-678.58272238	0.00919866
-678.54938917	0.00775401
-678.51605596	0.00488178
-678.48272275	0.00121998
-678.44938955	-0.00268685
-678.41605634	-0.00619405
-678.38272313	-0.00865272
-678.34938992	-0.00986040
-678.31605671	-0.00980759
-678.28272351	-0.00849102
-678.24939030	-0.00606738
-678.21605709	-0.00296205
-678.18272388	0.00050108
-678.14939068	0.00375743
-678.11605747	0.00601876
-678.08272426	0.00736787
-678.04939105	0.00740001
-678.01605785	0.00610527
-677.98272464	0.00401214
-677.94939143	0.00138150
-677.91605822	-0.00123260
-677.88272502	-0.00330932
-677.84939181	-0.00475359
-677.81605860	-0.00545652
-677.78272539	-0.00572315
-677.74939219	-0.00538624
-677.71605898	-0.00399875
-677.68272577	-0.00149862
-677.64939256	0.00213829
-677.61605936	0.00670065
-677.58272615	0.01163329
-677.54939294	0.01642268
-677.51605973	0.02043961
-677.48272652	0.02345756
-677.44939332	0.02533987
-677.41606011	0.02581360
-677.38272690	0.02475371
-677.34939369	0.02175238
-677.31606049	0.01688940
-677.28272728	0.01055005
-677.24939407	0.00339021
-677.21606086	-0.00375117
-677.18272766	-0.00983064
-677.14939445	-0.01409750
-677.11606124	-0.01611076
-677.08272803	-0.01536161
-677.04939483	-0.01199650
-677.01606162	-0.00651284
-676.98272841	0.00032094
-676.94939520	0.00736747
-676.91606200	0.01344970
-676.88272879	0.01736231
-676.84939558	0.01841248
-676.81606237	0.01689897
-676.78272916	0.01309259
-676.74939596	0.00814863
-676.71606275	0.00285477
-676.68272954	-0.00217273
-676.64939633	-0.00649119
-676.61606313	-0.01018189
-676.58272992	-0.01343882
-676.54939671	-0.01604098
-676.51606350	-0.01778189
-676.48273030	-0.01827866
-676.44939709	-0.01745144
-676.41606388	-0.01537969
-676.38273067	-0.01175227
-676.34939747	-0.00667864
-676.31606426	-0.00073745
-676.28273105	0.00532301
-676.24939784	0.01064802
-676.21606464	0.01409391
-676.18273143	0.01552741
-676.14939822	0.01489629
-676.11606501	0.01273764
-676.08273181	0.00971791
-676.04939860	0.00657922
-676.01606539	0.00407949
-675.98273218	0.00284547
-675.94939897	0.00305341
-675.91606577	0.00454075
-675.88273256	0.00703064
-675.84939935	0.00968921
-675.81606614	0.01182868
-675.78273294	0.01305664
-675.74939973	0.01314673
-675.71606652	0.01225269
-675.68273331	0.01054923
-675.64940011	0.00857188
-675.61606690	0.00603684
-675.58273369	0.00305309
-675.54940048	-0.00028891
-675.51606728	-0.00377981
-675.48273407	-0.00687116
-675.44940086	-0.00855044
-675.41606765	-0.00831090
-675.38273445	-0.00573889
-675.34940124	-0.00089511
-675.31606803	0.00522076
-675.28273482	0.01126062
-675.24940162	0.01607419
-675.21606841	0.01860070
-675.18273520	0.01865660
-675.14940199	0.01670199
-675.11606878	0.01341399
-675.08273558	0.00938938
-675.04940237	0.00508307
-675.01606916	0.00092873
-674.98273595	-0.00297283
-674.94940275	-0.00643879
-674.91606954	-0.00947474
-674.88273633	-0.01187132
-674.84940312	-0.01305905
-674.81606992	-0.01309037
-674.78273671	-0.01166320
-674.74940350	-0.00896338
-674.71607029	-0.00535456
-674.68273709	-0.00126368
-674.64940388	0.00310875
-674.61607067	0.00748382
-674.58273746	0.01195203
-674.54940426	0.01606932
-674.51607105	0.01964004
-674.48273784	0.02213081
-674.44940463	0.02352033
-674.41607142	0.02356420
-674.38273822	0.02261825
-674.34940501	0.02105684
-674.31607180	0.01899944
-674.28273859	0.01687453
-674.24940539	0.01472012
-674.21607218	0.01258721
-674.18273897	0.01050642
-674.14940576	0.00894617
-674.11607256	0.00799265
-674.08273935	0.00808677
-674.04940614	0.00903398
-674.01607293	0.01038618
-673.98273973	0.01151598
-673.94940652	0.01182543
-673.91607331	0.01083062
-673.88274010	0.00842192
-673.84940690	0.00494767
-673.81607369	0.00103820
-673.78274048	-0.00270632
-673.74940727	-0.00568239
-673.71607407	-0.00737961
-673.68274086	-0.00755028
-673.64940765	-0.00639863
-673.61607444	-0.00375046
-673.58274123	-0.00019237
-673.54940803	0.00398069
-673.51607482	0.00809878
-673.48274161	0.01220591
-673.44940840	0.01598304
-673.41607520	0.01909289
-673.38274199	0.02118590
-673.34940878	0.02210345
-673.31607557	0.02157942
-673.28274237	0.01962533
-673.24940916	0.01676331
-673.21607595	0.01315834
-673.18274274	0.00901043
-673.14940954	0.00462604
-673.11607633	-0.00001629
-673.08274312	-0.00479792
-673.04940991	-0.00939054
-673.01607671	-0.01343878
-672.98274350	-0.01626517
-672.94941029	-0.01743529
-672.91607708	-0.01699045
-672.88274387	-0.01495938
-672.84941067	-0.01197842
-672.81607746	-0.00840128
-672.78274425	-0.00424973
-672.74941104	0.00049602
-672.71607784	0.00552356
-672.68274463	0.01068630
-672.64941142	0.01578819
-672.61607821	0.01978272
-672.58274501	0.02256011
-672.54941180	0.02353125
-672.51607859	0.02307750
-672.48274538	0.02117520
-672.44941218	0.01824007
-672.41607897	0.01449691
-672.38274576	0.01029198
-672.34941255	0.00551684
-672.31607935	0.00025017
-672.28274614	-0.00542327
-672.24941293	-0.01084764
-672.21607972	-0.01546122
-672.18274652	-0.01841012
-672.14941331	-0.01959682
-672.11608010	-0.01872021
-672.08274689	-0.01642214
-672.04941368	-0.01345529
-672.01608048	-0.01040504
-671.98274727	-0.00760577
-671.94941406	-0.00512705
-671.91608085	-0.00285032
-671.88274765	-0.00039703
-671.84941444	0.00223253
-671.81608123	0.00525714
-671.78274802	0.00845969
-671.74941482	0.01152138
-671.71608161	0.01408893
-671.68274840	0.01588468
-671.64941519	0.01665001
-671.61608199	0.01594441
-671.58274878	0.01376989
-671.54941557	0.01002966
-671.51608236	0.00476592
-671.48274916	-0.00130435
-671.44941595	-0.00719387
-671.41608274	-0.01229926
-671.38274953	-0.01612054
-671.34941633	-0.01855042
-671.31608312	-0.01985494
-671.28274991	-0.02058836
-671.24941670	-0.02086987
-671.21608349	-0.02122020
-671.18275029	-0.02140519
-671.14941708	-0.02154869
-671.11608387	-0.02120095
-671.08275066	-0.02027324
-671.04941746	-0.01833822
-671.01608425	-0.01523820
-670.98275104	-0.01128609
-670.94941783	-0.00648103
-670.91608463	-0.00157348
-670.88275142	0.00298504
-670.84941821	0.00637440
-670.81608500	0.00834095
-670.78275180	0.00842929
-670.74941859	0.00673221
-670.71608538	0.00368407
-670.68275217	-0.00039313
-670.64941897	-0.00461246
-670.61608576	-0.00861387
-670.58275255	-0.01188590
-670.54941934	-0.01442901
-670.51608613	-0.01611617
-670.48275293	-0.01698275
-670.44941972	-0.01709955
-670.41608651	-0.01684271
-670.38275330	-0.01593131
-670.34942010	-0.01480493
-670.31608689	-0.01315748
-670.28275368	-0.01125656
-670.24942047	-0.00970451
-670.21608727	-0.00842597
-670.18275406	-0.00790259
-670.14942085	-0.00831416
-670.11608764	-0.00909330
-670.08275444	-0.00974276
-670.04942123	-0.00952575
-670.01608802	-0.00840028
-669.98275481	-0.00634432
-669.94942161	-0.00362735
-669.91608840	-0.00094235
-669.88275519	0.00139741
-669.84942198	0.00292969
-669.81608878	0.00365608
-669.78275557	0.00323531
-669.74942236	0.00200477
-669.71608915	0.00038802
-669.68275594	-0.00142626
-669.64942274	-0.00280644
-669.61608953	-0.00375199
-669.58275632	-0.00434692
-669.54942311	-0.00470632
-669.51608991	-0.00523433
-669.48275670	-0.00584538
-669.44942349	-0.00670473
-669.41609028	-0.00708362
-669.38275708	-0.00677604
-669.34942387	-0.00558726
-669.31609066	-0.00340968
-669.28275745	-0.00038609
-669.24942425	0.00348742
-669.21609104	0.00826111
-669.18275783	0.01385263
-669.14942462	0.02021611
-669.11609142	0.02707276
-669.08275821	0.03385670
-669.04942500	0.03979854
-669.01609179	0.04426998
-668.98275859	0.04637644
-668.94942538	0.04571490
-668.91609217	0.04259969
-668.88275896	0.03758336
-668.84942575	0.03120927
-668.81609255	0.02460340
-668.78275934	0.01841027
-668.74942613	0.01304906
-668.71609292	0.00879680
-668.68275972	0.00568882
-668.64942651	0.00370959
-668.61609330	0.00270541
-668.58276009	0.00302143
-668.54942689	0.00411338
-668.51609368	0.00602289
-668.48276047	0.00826082
-668.44942726	0.01057373
-668.41609406	0.01246616
-668.38276085	0.01415076
-668.34942764	0.01573376
-668.31609443	0.01695547
-668.28276123	0.01764870
-668.24942802	0.01764692
-668.21609481	0.01644647
-668.18276160	0.01417609
-668.14942839	0.01104983
-668.11609519	0.00763300
-668.08276198	0.00397105
-668.04942877	0.00053177
-668.01609556	-0.00292588
-667.98276236	-0.00647786
-667.94942915	-0.01009994
-667.91609594	-0.01380653
-667.88276273	-0.01738284
-667.84942953	-0.02020574
-667.81609632	-0.02205592
-667.78276311	-0.02259027
-667.74942990	-0.02179536
-667.71609670	-0.02022687
-667.68276349	-0.01778137
-667.64943028	-0.01485039
-667.61609707	-0.01210078
-667.58276387	-0.00974547
-667.54943066	-0.00798795
-667.51609745	-0.00675357
-667.48276424	-0.00584280
-667.44943104	-0.00509258
-667.41609783	-0.00421331
-667.38276462	-0.00318695
-667.34943141	-0.00211750
-667.31609820	-0.00105837
-667.28276500	0.00008075
-667.24943179	0.00158883
-667.21609858	0.00350195
-667.18276537	0.00559970
-667.14943217	0.00777228
-667.11609896	0.00920577
-667.08276575	0.00964464
-667.04943254	0.00873414
-667.01609934	0.00665678
-666.98276613	0.00380262
-666.94943292	0.00103107
-666.91609971	-0.00103904
-666.88276651	-0.00202563
-666.84943330	-0.00216519
-666.81610009	-0.00123703
-666.78276688	0.00031472
-666.74943368	0.00233211
-666.71610047	0.00459586
-666.68276726	0.00726528
-666.64943405	0.00990766
-666.61610084	0.01197955
-666.58276764	0.01324233
-666.54943443	0.01334391
-666.51610122	0.01224704
-666.48276801	0.01038923
-666.44943481	0.00828194
-666.41610160	0.00626858
-666.38276839	0.00496966
-666.34943518	0.00410321
-666.31610198	0.00357085
-666.28276877	0.00275681
-666.24943556	0.00172609
-666.21610235	0.00060657
-666.18276915	-0.00028582
-666.14943594	-0.00057228
-666.11610273	-0.00040719
-666.08276952	0.00003012
-666.04943632	0.00024432
-666.01610311	-0.00040980
-665.98276990	-0.00205311
-665.94943669	-0.00447186
-665.91610349	-0.00721645
-665.88277028	-0.00974007
-665.84943707	-0.01182798
-665.81610386	-0.01333797
-665.78277065	-0.01430734
-665.74943745	-0.01490410
-665.71610424	-0.01508224
-665.68277103	-0.01470965
-665.64943782	-0.01336076
-665.61610462	-0.01109123
-665.58277141	-0.00776594
-665.54943820	-0.00346332
-665.51610499	0.00132048
-665.48277179	0.00605999
-665.44943858	0.00997747
-665.41610537	0.01279895
-665.38277216	0.01399520
-665.34943896	0.01393860
-665.31610575	0.01254854
-665.28277254	0.01005864
-665.24943933	0.00685251
-665.21610613	0.00307576
-665.18277292	-0.00106752
-665.14943971	-0.00544102
-665.11610650	-0.00962486
-665.08277330	-0.01323087
-665.04944009	-0.01561431
-665.01610688	-0.01661075
-664.98277367	-0.01613232
-664.94944046	-0.01418108
-664.91610726	-0.01118918
-664.88277405	-0.00783025
-664.84944084	-0.00451191
-664.81610763	-0.00139226
-664.78277443	0.00088170
-664.74944122	0.00215630
-664.71610801	0.00194372
-664.68277480	0.00020499
-664.64944160	-0.00245718
-664.61610839	-0.00559577
-664.58277518	-0.00879654
-664.54944197	-0.01085116
-664.51610877	-0.01198392
-664.48277556	-0.01212942
-664.44944235	-0.01167547
-664.41610914	-0.01129179
-664.38277594	-0.01072539
-664.34944273	-0.01020689
-664.31610952	-0.00966989
-664.28277631	-0.00893502
-664.24944310	-0.00754636
-664.21610990	-0.00590045
-664.18277669	-0.00412123
-664.14944348	-0.00249799
-664.11611027	-0.00114920
-664.08277707	-0.00027341
-664.04944386	-0.00024228
-664.01611065	-0.00067837
-663.98277744	-0.00171644
-663.94944424	-0.00276491
-663.91611103	-0.00379423
-663.88277782	-0.00455899
-663.84944461	-0.00449446
-663.81611141	-0.00348893
-663.78277820	-0.00159314
-663.74944499	0.00117815
-663.71611178	0.00448440
-663.68277858	0.00803326
-663.64944537	0.01180471
-663.61611216	0.01573764
-663.58277895	0.01987928
-663.54944575	0.02404682
-663.51611254	0.02784785
-663.48277933	0.03127895
-663.44944612	0.03410467
-663.41611291	0.03580730
-663.38277971	0.03665021
-663.34944650	0.03675066
-663.31611329	0.03605822
-663.28278008	0.03470434
-663.24944688	0.03263284
-663.21611367	0.02998092
-663.18278046	0.02737842
-663.14944725	0.02499034
-663.11611405	0.02366188
-663.08278084	0.02328732
-663.04944763	0.02386651
-663.01611442	0.02469711
-662.98278122	0.02492201
-662.94944801	0.02407319
-662.91611480	0.02197232
-662.88278159	0.01910768
-662.84944839	0.01614759
-662.81611518	0.01395229
-662.78278197	0.01279651
-662.74944876	0.01280243
-662.71611556	0.01360876
-662.68278235	0.01509092
-662.64944914	0.01718706
-662.61611593	0.01983406
-662.58278272	0.02266966
-662.54944952	0.02573508
-662.51611631	0.02850778
-662.48278310	0.03062932
-662.44944989	0.03198746
-662.41611669	0.03207475
-662.38278348	0.03107131
-662.34945027	0.02859893
-662.31611706	0.02524261
-662.28278386	0.02120078
-662.24945065	0.01659769
-662.21611744	0.01193714
-662.18278423	0.00739556
-662.14945103	0.00328340
-662.11611782	-0.00003147
-662.08278461	-0.00223470
-662.04945140	-0.00361859
-662.01611820	-0.00425542
-661.98278499	-0.00405712
-661.94945178	-0.00353295
-661.91611857	-0.00288650
-661.88278536	-0.00264979
-661.84945216	-0.00296766
-661.81611895	-0.00400871
-661.78278574	-0.00605195
-661.74945253	-0.00908701
-661.71611933	-0.01257702
-661.68278612	-0.01637140
-661.64945291	-0.02008506
-661.61611970	-0.02361071
-661.58278650	-0.02669761
-661.54945329	-0.02913249
-661.51612008	-0.03103082
-661.48278687	-0.03190280
-661.44945367	-0.03200347
-661.41612046	-0.03104390
-661.38278725	-0.02917680
-661.34945404	-0.02694248
-661.31612084	-0.02464990
-661.28278763	-0.02264114
-661.24945442	-0.02107743
-661.21612121	-0.01991865
-661.18278801	-0.01955235
-661.14945480	-0.02013549
-661.11612159	-0.02157759
-661.08278838	-0.02413967
-661.04945517	-0.02773305
-661.01612197	-0.03204552
-660.98278876	-0.03643902
-660.94945555	-0.03973684
-660.91612234	-0.04137475
-660.88278914	-0.04078189
-660.84945593	-0.03829475
-660.81612272	-0.03395665
-660.78278951	-0.02859140
-660.74945631	-0.02324671
-660.71612310	-0.01858389
-660.68278989	-0.01496151
-660.64945668	-0.01302807
-660.61612348	-0.01263872
-660.58279027	-0.01396645
-660.54945706	-0.01628995
-660.51612385	-0.01932603
-660.48279065	-0.02225725
-660.44945744	-0.02460421
-660.41612423	-0.02580152
-660.38279102	-0.02574072
-660.34945781	-0.02453678
-660.31612461	-0.02275005
-660.28279140	-0.02076608
-660.24945819	-0.01902743
-660.21612498	-0.01770125
-660.18279178	-0.01681703
-660.14945857	-0.01616749
-660.11612536	-0.01541987
-660.08279215	-0.01469398
-660.04945895	-0.01367862
-660.01612574	-0.01263828
-659.98279253	-0.01126529
-659.94945932	-0.00988751
-659.91612612	-0.00828004
-659.88279291	-0.00630659
-659.84945970	-0.00386654
-659.81612649	-0.00079936
-659.78279329	0.00272894
-659.74946008	0.00624535
-659.71612687	0.00952975
-659.68279366	0.01196690
-659.64946046	0.01356789
-659.61612725	0.01429689
-659.58279404	0.01435609
-659.54946083	0.01402413
-659.51612762	0.01347343
-659.48279442	0.01256437
-659.44946121	0.01102127
-659.41612800	0.00866421
-659.38279479	0.00529781
-659.34946159	0.00134017
-659.31612838	-0.00249892
-659.28279517	-0.00536929
-659.24946196	-0.00687136
-659.21612876	-0.00677964
-659.18279555	-0.00493323
-659.14946234	-0.00175154
-659.11612913	0.00247342
-659.08279593	0.00739317
-659.04946272	0.01282050
-659.01612951	0.01795684
-658.98279630	0.02249583
-658.94946310	0.02578671
-658.91612989	0.02754123
-658.88279668	0.02784863
-658.84946347	0.02703801
-658.81613027	0.02545948
-658.78279706	0.02349173
-658.74946385	0.02104036
-658.71613064	0.01841192
-658.68279743	0.01543934
-658.64946423	0.01238018
-658.61613102	0.00969201
-658.58279781	0.00765523
-658.54946460	0.00660316
-658.51613140	0.00668909
-658.48279819	0.00738779
-658.44946498	0.00838303
-658.41613177	0.00913931
-658.38279857	0.00950843
-658.34946536	0.00946663
-658.31613215	0.00918110
-658.28279894	0.00881510
-658.24946574	0.00881794
-658.21613253	0.00865122
-658.18279932	0.00878141
-658.14946611	0.00874589
-658.11613291	0.00879281
-658.08279970	0.00893587
-658.04946649	0.00916637
-658.01613328	0.00937104
-657.98280007	0.00966458
-657.94946687	0.01013916
-657.91613366	0.01056443
-657.88280045	0.01144251
-657.84946724	0.01239038
-657.81613404	0.01338464
-657.78280083	0.01410172
-657.74946762	0.01442498
-657.71613441	0.01363544
-657.68280121	0.01191171
-657.64946800	0.00896509
-657.61613479	0.00513242
-657.58280158	0.00089636
-657.54946838	-0.00333233
-657.51613517	-0.00734633
-657.48280196	-0.01076664
-657.44946875	-0.01323415
-657.41613555	-0.01459264
-657.38280234	-0.01432913
-657.34946913	-0.01249336
-657.31613592	-0.00910128
-657.28280272	-0.00440397
-657.24946951	0.00109838
-657.21613630	0.00686580
-657.18280309	0.01233891
-657.14946988	0.01725414
-657.11613668	0.02110319
-657.08280347	0.02411580
-657.04947026	0.02572392
-657.01613705	0.02601232
-656.98280385	0.02474691
-656.94947064	0.02198335
-656.91613743	0.01785066
-656.88280422	0.01280819
-656.84947102	0.00743319
-656.81613781	0.00254786
-656.78280460	-0.00177508
-656.74947139	-0.00499837
-656.71613819	-0.00711199
-656.68280498	-0.00821309
-656.64947177	-0.00812833
-656.61613856	-0.00693388
-656.58280536	-0.00467138
-656.54947215	-0.00168627
-656.51613894	0.00167117
-656.48280573	0.00519406
-656.44947253	0.00842289
-656.41613932	0.01156700
-656.38280611	0.01468263
-656.34947290	0.01760367
-656.31613969	0.02012158
-656.28280649	0.02261072
-656.24947328	0.02504232
-656.21614007	0.02732712
-656.18280686	0.02927446
-656.14947366	0.03068035
-656.11614045	0.03137591
-656.08280724	0.03087871
-656.04947403	0.02907691
-656.01614083	0.02610785
-655.98280762	0.02231819
-655.94947441	0.01799462
-655.91614120	0.01350626
-655.88280800	0.00908805
-655.84947479	0.00504954
-655.81614158	0.00122627
-655.78280837	-0.00216451
-655.74947517	-0.00504626
-655.71614196	-0.00721494
-655.68280875	-0.00840245
-655.64947554	-0.00843700
-655.61614233	-0.00729655
-655.58280913	-0.00486895
-655.54947592	-0.00093162
-655.51614271	0.00407845
-655.48280950	0.00997644
-655.44947630	0.01629434
-655.41614309	0.02195813
-655.38280988	0.02623679
-655.34947667	0.02855669
-655.31614347	0.02850643
-655.28281026	0.02630615
-655.24947705	0.02249482
-655.21614384	0.01737127
-655.18281064	0.01169170
-655.14947743	0.00619974
-655.11614422	0.00116388
-655.08281101	-0.00298303
-655.04947781	-0.00610093
-655.01614460	-0.00819117
-654.98281139	-0.00939939
-654.94947818	-0.00969643
-654.91614498	-0.00920784
-654.88281177	-0.00794774
-654.84947856	-0.00599456
-654.81614535	-0.00350736
-654.78281214	-0.00062314
-654.74947894	0.00231887
-654.71614573	0.00532344
-654.68281252	0.00810560
-654.64947931	0.01070328
-654.61614611	0.01317971
-654.58281290	0.01542567
-654.54947969	0.01754282
-654.51614648	0.01966540
-654.48281328	0.02181459
-654.44948007	0.02375263
-654.41614686	0.02553184
-654.38281365	0.02699614
-654.34948045	0.02796594
-654.31614724	0.02814578
-654.28281403	0.02725951
-654.24948082	0.02546575
-654.21614762	0.02270801
-654.18281441	0.01928094
-654.14948120	0.01531003
-654.11614799	0.01115193
-654.08281478	0.00696033
-654.04948158	0.00271517
-654.01614837	-0.00106366
-653.98281516	-0.00441844
-653.94948195	-0.00730878
-653.91614875	-0.00956824
-653.88281554	-0.01087512
-653.84948233	-0.01113287
-653.81614912	-0.00956649
-653.78281592	-0.00653934
-653.74948271	-0.00197651
-653.71614950	0.00343152
-653.68281629	0.00910329
-653.64948309	0.01444406
-653.61614988	0.01873655
-653.58281667	0.02198330
-653.54948346	0.02414482
-653.51615026	0.02492467
-653.48281705	0.02464029
-653.44948384	0.02298815
-653.41615063	0.02010313
-653.38281743	0.01644222
-653.34948422	0.01230892
-653.31615101	0.00817258
-653.28281780	0.00470565
-653.24948459	0.00170455
-653.21615139	-0.00068007
-653.18281818	-0.00275881
-653.14948497	-0.00482603
-653.11615176	-0.00674888
-653.08281856	-0.00846542
-653.04948535	-0.00979438
-653.01615214	-0.01042820
-652.98281893	-0.01057613
-652.94948573	-0.01022727
-652.91615252	-0.00934559
-652.88281931	-0.00809231
-652.84948610	-0.00635217
-652.81615290	-0.00401723
-652.78281969	-0.00165427
-652.74948648	0.00056222
-652.71615327	0.00228812
-652.68282007	0.00287715
-652.64948686	0.00241865
-652.61615365	0.00076028
-652.58282044	-0.00172962
-652.54948724	-0.00478439
-652.51615403	-0.00795181
-652.48282082	-0.01127214
-652.44948761	-0.01442591
-652.41615440	-0.01754545
-652.38282120	-0.02058103
-652.34948799	-0.02357949
-652.31615478	-0.02625325
-652.28282157	-0.02859925
-652.24948837	-0.03044371
-652.21615516	-0.03155048
-652.18282195	-0.03221609
-652.14948874	-0.03231172
-652.11615554	-0.03172372
-652.08282233	-0.03050092
-652.04948912	-0.02849622
-652.01615591	-0.02543709
-651.98282271	-0.02169148
-651.94948950	-0.01743315
-651.91615629	-0.01294474
-651.88282308	-0.00864809
-651.84948988	-0.00491438
-651.81615667	-0.00202643
-651.78282346	0.00002934
-651.74949025	0.00130707
-651.71615704	0.00208422
-651.68282384	0.00247935
-651.64949063	0.00279409
-651.61615742	0.00310078
-651.58282421	0.00388887
-651.54949101	0.00512843
-651.51615780	0.00704128
-651.48282459	0.00948386
-651.44949138	0.01256388
-651.41615818	0.01594237
-651.38282497	0.01912629
-651.34949176	0.02205757
-651.31615855	0.02413219
-651.28282535	0.02498661
-651.24949214	0.02466488
-651.21615893	0.02314205
-651.18282572	0.02061614
-651.14949252	0.01768848
-651.11615931	0.01475288
-651.08282610	0.01180609
-651.04949289	0.00904996
-651.01615969	0.00632691
-650.98282648	0.00339750
-650.94949327	-0.00011648
-650.91616006	-0.00392600
-650.88282685	-0.00787187
-650.84949365	-0.01192997
-650.81616044	-0.01610415
-650.78282723	-0.01995835
-650.74949402	-0.02367311
-650.71616082	-0.02737631
-650.68282761	-0.03089117
-650.64949440	-0.03423691
-650.61616119	-0.03738178
-650.58282799	-0.03999867
-650.54949478	-0.04186846
-650.51616157	-0.04339619
-650.48282836	-0.04428790
-650.44949516	-0.04460661
-650.41616195	-0.04473123
-650.38282874	-0.04454364
-650.34949553	-0.04389474
-650.31616233	-0.04279046
-650.28282912	-0.04096219
-650.24949591	-0.03815717
-650.21616270	-0.03436008
-650.18282950	-0.02959400
-650.14949629	-0.02410571
-650.11616308	-0.01838662
-650.08282987	-0.01264801
-650.04949666	-0.00746483
-650.01616346	-0.00288359
-649.98283025	0.00114583
-649.94949704	0.00444853
-649.91616383	0.00704770
-649.88283063	0.00910415
-649.84949742	0.01060312
-649.81616421	0.01153286
-649.78283100	0.01221931
-649.74949780	0.01232338
-649.71616459	0.01207299
-649.68283138	0.01136951
-649.64949817	0.00991966
-649.61616497	0.00786882
-649.58283176	0.00543873
-649.54949855	0.00259261
-649.51616534	-0.00029887
-649.48283214	-0.00281216
-649.44949893	-0.00489869
-649.41616572	-0.00647055
-649.38283251	-0.00757382
-649.34949930	-0.00812923
-649.31616610	-0.00849458
-649.28283289	-0.00860340
-649.24949968	-0.00837568
-649.21616647	-0.00767472
-649.18283327	-0.00622275
-649.14950006	-0.00454459
-649.11616685	-0.00244973
-649.08283364	-0.00046349
-649.04950044	0.00117965
-649.01616723	0.00251839
-648.98283402	0.00303811
-648.94950081	0.00318467
-648.91616761	0.00265180
-648.88283440	0.00167092
-648.84950119	0.00046863
-648.81616798	-0.00103224
-648.78283478	-0.00284521
-648.74950157	-0.00473793
-648.71616836	-0.00654196
-648.68283515	-0.00823195
-648.64950195	-0.00959335
-648.61616874	-0.01074464
-648.58283553	-0.01170868
-648.54950232	-0.01276534
-648.51616911	-0.01358874
-648.48283591	-0.01449257
-648.44950270	-0.01529509
-648.41616949	-0.01572096
-648.38283628	-0.01563550
-648.34950308	-0.01480513
-648.31616987	-0.01309907
-648.28283666	-0.01052070
-648.24950345	-0.00728782
-648.21617025	-0.00361457
-648.18283704	0.00045376
-648.14950383	0.00478011
-648.11617062	0.00958910
-648.08283742	0.01488157
-648.04950421	0.02050628
-648.01617100	0.02672378
-647.98283779	0.03301249
-647.94950459	0.03900338
-647.91617138	0.04456651
-647.88283817	0.04913728
-647.84950496	0.05277000
-647.81617175	0.05531743
-647.78283855	0.05654805
-647.74950534	0.05643699
-647.71617213	0.05470638
-647.68283892	0.05130691
-647.64950572	0.04624331
-647.61617251	0.03972709
-647.58283930	0.03209606
-647.54950609	0.02422430
-647.51617289	0.01607235
-647.48283968	0.00799994
-647.44950647	0.00023648
-647.41617326	-0.00766430
-647.38284006	-0.01564084
-647.34950685	-0.02349923
-647.31617364	-0.03098181
-647.28284043	-0.03737059
-647.24950723	-0.04238496
-647.21617402	-0.04574073
-647.18284081	-0.04724185
-647.14950760	-0.04678936
-647.11617440	-0.04454311
-647.08284119	-0.04034452
-647.04950798	-0.03402429
-647.01617477	-0.02571684
-646.98284156	-0.01571893
-646.94950836	-0.00453127
-646.91617515	0.00699361
-646.88284194	0.01810159
-646.84950873	0.02803295
-646.81617553	0.03604221
-646.78284232	0.04185617
-646.74950911	0.04501972
-646.71617590	0.04535445
-646.68284270	0.04312982
-646.64950949	0.03872746
-646.61617628	0.03220755
-646.58284307	0.02454667
-646.54950987	0.01621768
-646.51617666	0.00815832
-646.48284345	0.00103937
-646.44951024	-0.00476758
-646.41617704	-0.00897482
-646.38284383	-0.01134813
-646.34951062	-0.01199146
-646.31617741	-0.01113747
-646.28284421	-0.00898188
-646.24951100	-0.00594879
-646.21617779	-0.00229519
-646.18284458	0.00190737
-646.14951137	0.00613795
-646.11617817	0.00994475
-646.08284496	0.01311951
-646.04951175	0.01508363
-646.01617854	0.01599797
-645.98284534	0.01551586
-645.94951213	0.01390952
-645.91617892	0.01126641
-645.88284571	0.00814504
-645.84951251	0.00495285
-645.81617930	0.00199772
-645.78284609	-0.00048256
-645.74951288	-0.00222666
-645.71617968	-0.00340041
-645.68284647	-0.00407867
-645.64951326	-0.00408543
-645.61618005	-0.00381063
-645.58284685	-0.00319383
-645.54951364	-0.00235890
-645.51618043	-0.00172374
-645.48284722	-0.00094718
-645.44951401	-0.00004338
-645.41618081	0.00088774
-645.38284760	0.00226073
-645.34951439	0.00350353
-645.31618118	0.00479172
-645.28284798	0.00577703
-645.24951477	0.00651935
-645.21618156	0.00660401
-645.18284835	0.00656836
-645.14951515	0.00640738
-645.11618194	0.00645109
-645.08284873	0.00688315
-645.04951552	0.00782733
-645.01618232	0.00895281
-644.98284911	0.01027067
-644.94951590	0.01151591
-644.91618269	0.01262260
-644.88284949	0.01315608
-644.84951628	0.01361143
-644.81618307	0.01381425
-644.78284986	0.01345205
-644.74951666	0.01261557
-644.71618345	0.01113246
-644.68285024	0.00910159
-644.64951703	0.00619031
-644.61618382	0.00280841
-644.58285062	-0.00103211
-644.54951741	-0.00521050
-644.51618420	-0.00936199
-644.48285099	-0.01344163
-644.44951779	-0.01735887
-644.41618458	-0.02109465
-644.38285137	-0.02441850
-644.34951816	-0.02708273
-644.31618496	-0.02943007
-644.28285175	-0.03069754
-644.24951854	-0.03050512
-644.21618533	-0.02872386
-644.18285213	-0.02528749
-644.14951892	-0.02032156
-644.11618571	-0.01413739
-644.08285250	-0.00708698
-644.04951930	0.00019535
-644.01618609	0.00739094
-643.98285288	0.01402189
-643.94951967	0.01974611
-643.91618647	0.02452074
-643.88285326	0.02811476
-643.84952005	0.03004021
-643.81618684	0.03053975
-643.78285363	0.02945363
-643.74952043	0.02711570
-643.71618722	0.02394586
-643.68285401	0.01992516
-643.64952080	0.01529934
-643.61618760	0.01036666
-643.58285439	0.00517207
-643.54952118	-0.00010020
-643.51618797	-0.00513193
-643.48285477	-0.00967098
-643.44952156	-0.01339410
-643.41618835	-0.01587698
-643.38285514	-0.01693113
-643.34952194	-0.01658331
-643.31618873	-0.01509450
-643.28285552	-0.01251251
-643.24952231	-0.00929055
-643.21618911	-0.00560912
-643.18285590	-0.00201506
-643.14952269	0.00139594
-643.11618948	0.00415883
-643.08285627	0.00618906
-643.04952307	0.00725910
-643.01618986	0.00747159
-642.98285665	0.00693493
-642.94952344	0.00580357
-642.91619024	0.00427610
-642.88285703	0.00279619
-642.84952382	0.00130371
-642.81619061	0.00012485
-642.78285741	-0.00064069
-642.74952420	-0.00090941
-642.71619099	-0.00076533
-642.68285778	-0.00012111
-642.64952458	0.00071700
-642.61619137	0.00198840
-642.58285816	0.00346855
-642.54952495	0.00493917
-642.51619175	0.00613692
-642.48285854	0.00702324
-642.44952533	0.00721806
-642.41619212	0.00676485
-642.38285892	0.00576933
-642.34952571	0.00432637
-642.31619250	0.00285016
-642.28285929	0.00141657
-642.24952608	0.00037682
-642.21619288	-0.00038753
-642.18285967	-0.00080065
-642.14952646	-0.00112421
-642.11619325	-0.00141024
-642.08286005	-0.00154037
-642.04952684	-0.00154869
-642.01619363	-0.00133388
-641.98286042	-0.00097915
-641.94952722	-0.00055148
-641.91619401	-0.00007560
-641.88286080	0.00050587
-641.84952759	0.00122161
-641.81619439	0.00207940
-641.78286118	0.00307343
-641.74952797	0.00408709
-641.71619476	0.00501564
-641.68286156	0.00575419
-641.64952835	0.00622818
-641.61619514	0.00640932
-641.58286193	0.00627253
-641.54952872	0.00595304
-641.51619552	0.00543012
-641.48286231	0.00471977
-641.44952910	0.00386802
-641.41619589	0.00281600
-641.38286269	0.00169618
-641.34952948	0.00052658
-641.31619627	-0.00054686
-641.28286306	-0.00143201
-641.24952986	-0.00202593
-641.21619665	-0.00230525
-641.18286344	-0.00230114
-641.14953023	-0.00208148
-641.11619703	-0.00166590
-641.08286382	-0.00119083
-641.04953061	-0.00062317
-641.01619740	-0.00003621
-640.98286420	0.00055912
-640.94953099	0.00114506
-640.91619778	0.00166704
-640.88286457	0.00204575
-640.84953137	0.00226688
-640.81619816	0.00229914
-640.78286495	0.00216723
-640.74953174	0.00190745
-640.71619853	0.00154301
-640.68286533	0.00114538
-640.64953212	0.00075298
-640.61619891	0.00039406
-640.58286570	0.00007134
-640.54953250	-0.00017376
-640.51619929	-0.00035667
-640.48286608	-0.00046693
-640.44953287	-0.00050730
-640.41619967	-0.00050837
-640.38286646	-0.00046701
-640.34953325	-0.00040102
-640.31620004	-0.00032216
-640.28286684	-0.00024405
-640.24953363	-0.00017434
-640.21620042	-0.00011683
-640.18286721	-0.00007162
-640.14953401	-0.00003796
-640.11620080	-0.00001481
-640.08286759	-0.00000153
-640.04953438	0.00000268
-640.01620118	0.00000160
-639.98286797	0.00000000
